0.001	0.0844379	0.0844379	0.0844379	0.0844379	1329
0.002	0.0806347	0.0806347	0.0806347	0.0806347	852
0.003	0.0699134	0.0699134	0.0699134	0.0699134	730
0.004	0.0633385	0.0633385	0.0633385	0.0633385	598
0.005	0.0576194	0.0576194	0.0576194	0.0576194	495
0.006	0.0521456	0.0521456	0.0521456	0.0521456	412
0.007	0.0461126	0.0461126	0.0461126	0.0461126	348
0.008	0.0371582	0.0371582	0.0371582	0.0371582	306
0.009	0.039899	0.039899	0.039899	0.039899	301
0.01	0.0349544	0.0349544	0.0349544	0.0349544	228
0.011	0.0337947	0.0337947	0.0337947	0.0337947	187
0.012	0.0314278	0.0314278	0.0314278	0.0314278	230
0.013	0.0248318	0.0248318	0.0248318	0.0248318	201
0.014	0.0256553	0.0256553	0.0256553	0.0256553	188
0.015	0.0235802	0.0235802	0.0235802	0.0235802	222
0.016	0.0173269	0.0173269	0.0173269	0.0173269	208
0.017	0.0203765	0.0203765	0.0203765	0.0203765	204
0.018	0.0158447	0.0158447	0.0158447	0.0158447	188
0.019	0.0128075	0.0128075	0.0128075	0.0128075	159
0.02	0.0124879	0.0124879	0.0124879	0.0124879	173
0.021	0.0106925	0.0106925	0.0106925	0.0106925	186
0.022	0.0128298	0.0128298	0.0128298	0.0128298	188
0.023	0.0130206	0.0130206	0.0130206	0.0130206	214
0.024	0.0111149	0.0111149	0.0111149	0.0111149	221
0.025	0.00794313	0.00794313	0.00794313	0.00794313	211
0.026	0.0136157	0.0136157	0.0136157	0.0136157	153
0.027	0.00653825	0.00653825	0.00653825	0.00653825	217
0.028	0.00631111	0.00631111	0.00631111	0.00631111	153
0.029	0.00350067	0.00350067	0.00350067	0.00350067	149
0.03	0.00562424	0.00562424	0.00562424	0.00562424	165
0.031	0.00906225	0.00906225	0.00906225	0.00906225	151
0.032	0.00360645	0.00360645	0.00360645	0.00360645	186
0.033	0.00786144	0.00786144	0.00786144	0.00786144	153
0.034	0.00821744	0.00821744	0.00821744	0.00821744	195
0.035	0.004175	0.004175	0.004175	0.004175	176
0.036	0.00465896	0.00465896	0.00465896	0.00465896	173
0.037	0.00116883	0.00116883	0.00116883	0.00116883	154
0.038	0.0061771	0.0061771	0.0061771	0.0061771	131
0.039	0.00411879	0.00411879	0.00411879	0.00411879	165
0.04	0.00447857	0.00447857	0.00447857	0.00447857	168
0.041	0.00608675	0.00608675	0.00608675	0.00608675	166
0.042	0.0011913	0.0011913	0.0011913	0.0011913	138
0.043	0.00746509	0.00746509	0.00746509	0.00746509	169
0.044	0.00199716	0.00199716	0.00199716	0.00199716	141
0.045	0.003825	0.003825	0.003825	0.003825	144
0.046	0.00355489	0.00355489	0.00355489	0.00355489	133
0.047	0.00707972	0.00707972	0.00707972	0.00707972	143
0.048	0.00380615	0.00380615	0.00380615	0.00380615	130
0.049	0.00299429	0.00299429	0.00299429	0.00299429	140
0.05	0.00182222	0.00182222	0.00182222	0.00182222	117
0.051	0.00158933	0.00158933	0.00158933	0.00158933	150
0.052	0.00127143	0.00127143	0.00127143	0.00127143	140
0.053	-0.000308397	-0.000308397	-0.000308397	-0.000308397	131
0.054	0.00296977	0.00296977	0.00296977	0.00296977	172
0.055	-0.00149425	-0.00149425	-0.00149425	-0.00149425	174
0.056	-0.00144304	-0.00144304	-0.00144304	-0.00144304	158
0.057	0.0020557	0.0020557	0.0020557	0.0020557	158
0.058	0.000296703	0.000296703	0.000296703	0.000296703	182
0.059	0.00131921	0.00131921	0.00131921	0.00131921	151
0.06	0.00114899	0.00114899	0.00114899	0.00114899	149
0.061	0.00263111	0.00263111	0.00263111	0.00263111	135
0.062	0.00442973	0.00442973	0.00442973	0.00442973	148
0.063	0.00110476	0.00110476	0.00110476	0.00110476	126
0.064	0.00101722	0.00101722	0.00101722	0.00101722	151
0.065	0.00401194	0.00401194	0.00401194	0.00401194	134
0.066	0.00524224	0.00524224	0.00524224	0.00524224	161
0.067	0.00446462	0.00446462	0.00446462	0.00446462	130
0.068	0.00642687	0.00642687	0.00642687	0.00642687	134
0.069	0.00431811	0.00431811	0.00431811	0.00431811	127
0.07	0.000229787	0.000229787	0.000229787	0.000229787	141
0.071	0.0012124	0.0012124	0.0012124	0.0012124	129
0.072	0.0033837	0.0033837	0.0033837	0.0033837	135
0.073	0.00277971	0.00277971	0.00277971	0.00277971	138
0.074	0.00182059	0.00182059	0.00182059	0.00182059	136
0.075	0.00195904	0.00195904	0.00195904	0.00195904	166
0.076	0.000838889	0.000838889	0.000838889	0.000838889	144
0.077	-7.0922e-05	-7.0922e-05	-7.0922e-05	-7.0922e-05	141
0.078	0.000722689	0.000722689	0.000722689	0.000722689	119
0.079	-0.000485246	-0.000485246	-0.000485246	-0.000485246	122
0.08	0.000473759	0.000473759	0.000473759	0.000473759	141
0.081	0.00144	0.00144	0.00144	0.00144	125
0.082	0.000563636	0.000563636	0.000563636	0.000563636	132
0.083	0.00190078	0.00190078	0.00190078	0.00190078	129
0.084	-0.000302703	-0.000302703	-0.000302703	-0.000302703	111
0.085	-0.00169211	-0.00169211	-0.00169211	-0.00169211	152
0.086	6.47619e-05	6.47619e-05	6.47619e-05	6.47619e-05	105
0.087	-0.00132844	-0.00132844	-0.00132844	-0.00132844	109
0.088	-0.0016	-0.0016	-0.0016	-0.0016	128
0.089	-0.00142299	-0.00142299	-0.00142299	-0.00142299	174
0.09	-0.000944118	-0.000944118	-0.000944118	-0.000944118	136
0.091	0.000277612	0.000277612	0.000277612	0.000277612	134
0.092	0.00197176	0.00197176	0.00197176	0.00197176	170
0.093	-0.00269552	-0.00269552	-0.00269552	-0.00269552	134
0.094	0.000777778	0.000777778	0.000777778	0.000777778	108
0.095	0.0021216	0.0021216	0.0021216	0.0021216	125
0.096	-0.00158421	-0.00158421	-0.00158421	-0.00158421	152
0.097	-0.00202647	-0.00202647	-0.00202647	-0.00202647	136
0.098	0.00311902	0.00311902	0.00311902	0.00311902	163
0.099	-0.000486275	-0.000486275	-0.000486275	-0.000486275	153
0.1	-0.00115128	-0.00115128	-0.00115128	-0.00115128	156
0.101	0.002776	0.002776	0.002776	0.002776	150
0.102	0.000789873	0.000789873	0.000789873	0.000789873	158
0.103	0.00121963	0.00121963	0.00121963	0.00121963	163
0.104	-0.00106389	-0.00106389	-0.00106389	-0.00106389	144
0.105	0.00074152	0.00074152	0.00074152	0.00074152	171
0.106	0.000597468	0.000597468	0.000597468	0.000597468	158
0.107	0.00399774	0.00399774	0.00399774	0.00399774	177
0.108	0.00206304	0.00206304	0.00206304	0.00206304	184
0.109	0.00220952	0.00220952	0.00220952	0.00220952	126
0.11	0.00212245	0.00212245	0.00212245	0.00212245	147
0.111	-3.52201e-05	-3.52201e-05	-3.52201e-05	-3.52201e-05	159
0.112	0.000473743	0.000473743	0.000473743	0.000473743	179
0.113	0.00303768	0.00303768	0.00303768	0.00303768	138
0.114	0.00350857	0.00350857	0.00350857	0.00350857	140
0.115	0.00262785	0.00262785	0.00262785	0.00262785	158
0.116	0.00147765	0.00147765	0.00147765	0.00147765	170
0.117	0.00305432	0.00305432	0.00305432	0.00305432	162
0.118	0.00120952	0.00120952	0.00120952	0.00120952	126
0.119	0.00189851	0.00189851	0.00189851	0.00189851	134
0.12	0.000123871	0.000123871	0.000123871	0.000123871	155
0.121	0.00367368	0.00367368	0.00367368	0.00367368	152
0.122	0.0029831	0.0029831	0.0029831	0.0029831	142
0.123	0.000713636	0.000713636	0.000713636	0.000713636	176
0.124	0.000585034	0.000585034	0.000585034	0.000585034	147
0.125	0.000243275	0.000243275	0.000243275	0.000243275	171
0.126	-0.000165	-0.000165	-0.000165	-0.000165	160
0.127	0.00210556	0.00210556	0.00210556	0.00210556	144
0.128	-0.00160488	-0.00160488	-0.00160488	-0.00160488	164
0.129	-0.000194667	-0.000194667	-0.000194667	-0.000194667	150
0.13	-0.000420896	-0.000420896	-0.000420896	-0.000420896	134
0.131	0.00133926	0.00133926	0.00133926	0.00133926	135
0.132	0.00146667	0.00146667	0.00146667	0.00146667	153
0.133	-0.00268029	-0.00268029	-0.00268029	-0.00268029	137
0.134	0.000491034	0.000491034	0.000491034	0.000491034	145
0.135	0.0002	0.0002	0.0002	0.0002	116
0.136	-7.7037e-05	-7.7037e-05	-7.7037e-05	-7.7037e-05	135
0.137	0.00279245	0.00279245	0.00279245	0.00279245	159
0.138	0.00252658	0.00252658	0.00252658	0.00252658	158
0.139	0.00509429	0.00509429	0.00509429	0.00509429	140
0.14	0.00450513	0.00450513	0.00450513	0.00450513	156
0.141	0.00301654	0.00301654	0.00301654	0.00301654	133
0.142	0.000294286	0.000294286	0.000294286	0.000294286	140
0.143	0.00364675	0.00364675	0.00364675	0.00364675	154
0.144	0.00338268	0.00338268	0.00338268	0.00338268	127
0.145	0.00058125	0.00058125	0.00058125	0.00058125	128
0.146	0.00181563	0.00181563	0.00181563	0.00181563	128
0.147	0.00352828	0.00352828	0.00352828	0.00352828	145
0.148	0.00253158	0.00253158	0.00253158	0.00253158	152
0.149	0.00318146	0.00318146	0.00318146	0.00318146	151
0.15	0.000991617	0.000991617	0.000991617	0.000991617	167
0.151	0.00357183	0.00357183	0.00357183	0.00357183	142
0.152	7.68e-05	7.68e-05	7.68e-05	7.68e-05	125
0.153	0.00309919	0.00309919	0.00309919	0.00309919	123
0.154	0.000558065	0.000558065	0.000558065	0.000558065	124
0.155	0.00152353	0.00152353	0.00152353	0.00152353	136
0.156	7.93388e-05	7.93388e-05	7.93388e-05	7.93388e-05	121
0.157	0.001	0.001	0.001	0.001	140
0.158	0.00109045	0.00109045	0.00109045	0.00109045	157
0.159	-0.000558824	-0.000558824	-0.000558824	-0.000558824	136
0.16	0.0002528	0.0002528	0.0002528	0.0002528	125
0.161	0.000356522	0.000356522	0.000356522	0.000356522	138
0.162	0.000269504	0.000269504	0.000269504	0.000269504	141
0.163	-0.0008928	-0.0008928	-0.0008928	-0.0008928	125
0.164	-0.00162336	-0.00162336	-0.00162336	-0.00162336	137
0.165	-0.00100979	-0.00100979	-0.00100979	-0.00100979	143
0.166	-0.00152923	-0.00152923	-0.00152923	-0.00152923	130
0.167	-0.00365063	-0.00365063	-0.00365063	-0.00365063	158
0.168	-0.00124545	-0.00124545	-0.00124545	-0.00124545	132
0.169	0.00521356	0.00521356	0.00521356	0.00521356	118
0.17	0.00226992	0.00226992	0.00226992	0.00226992	123
0.171	0.000266667	0.000266667	0.000266667	0.000266667	147
0.172	0.00150333	0.00150333	0.00150333	0.00150333	120
0.173	-7.38854e-05	-7.38854e-05	-7.38854e-05	-7.38854e-05	157
0.174	-0.00170963	-0.00170963	-0.00170963	-0.00170963	135
0.175	-0.00173858	-0.00173858	-0.00173858	-0.00173858	127
0.176	-0.00335714	-0.00335714	-0.00335714	-0.00335714	112
0.177	0.000537705	0.000537705	0.000537705	0.000537705	122
0.178	-0.00159444	-0.00159444	-0.00159444	-0.00159444	144
0.179	-0.000857143	-0.000857143	-0.000857143	-0.000857143	140
0.18	-0.000783333	-0.000783333	-0.000783333	-0.000783333	144
0.181	-0.000452713	-0.000452713	-0.000452713	-0.000452713	129
0.182	0.00219298	0.00219298	0.00219298	0.00219298	114
0.183	0.00279091	0.00279091	0.00279091	0.00279091	132
0.184	-0.00106316	-0.00106316	-0.00106316	-0.00106316	152
0.185	-0.000430769	-0.000430769	-0.000430769	-0.000430769	156
0.186	-0.000476336	-0.000476336	-0.000476336	-0.000476336	131
0.187	0.0022015	0.0022015	0.0022015	0.0022015	133
0.188	0.000645902	0.000645902	0.000645902	0.000645902	122
0.189	0.0016419	0.0016419	0.0016419	0.0016419	105
0.19	0.00312647	0.00312647	0.00312647	0.00312647	136
0.191	0.00465915	0.00465915	0.00465915	0.00465915	142
0.192	0.00158667	0.00158667	0.00158667	0.00158667	120
0.193	0.00253898	0.00253898	0.00253898	0.00253898	118
0.194	0.00127027	0.00127027	0.00127027	0.00127027	148
0.195	0.000776471	0.000776471	0.000776471	0.000776471	136
0.196	0.00283175	0.00283175	0.00283175	0.00283175	126
0.197	-0.00110959	-0.00110959	-0.00110959	-0.00110959	146
0.198	0.00228286	0.00228286	0.00228286	0.00228286	140
0.199	0.00233333	0.00233333	0.00233333	0.00233333	132
0.2	0.00178156	0.00178156	0.00178156	0.00178156	141
0.201	-0.000251969	-0.000251969	-0.000251969	-0.000251969	127
0.202	0.0036303	0.0036303	0.0036303	0.0036303	132
0.203	0.00126797	0.00126797	0.00126797	0.00126797	153
0.204	-0.00022973	-0.00022973	-0.00022973	-0.00022973	148
0.205	0.00176454	0.00176454	0.00176454	0.00176454	141
0.206	0.000843038	0.000843038	0.000843038	0.000843038	158
0.207	-0.00293023	-0.00293023	-0.00293023	-0.00293023	129
0.208	-0.00129722	-0.00129722	-0.00129722	-0.00129722	144
0.209	-0.00353588	-0.00353588	-0.00353588	-0.00353588	131
0.21	-0.0024973	-0.0024973	-0.0024973	-0.0024973	148
0.211	-0.00243714	-0.00243714	-0.00243714	-0.00243714	140
0.212	-0.00359737	-0.00359737	-0.00359737	-0.00359737	152
0.213	-0.00266099	-0.00266099	-0.00266099	-0.00266099	141
0.214	-0.00168511	-0.00168511	-0.00168511	-0.00168511	141
0.215	-0.00259073	-0.00259073	-0.00259073	-0.00259073	151
0.216	3.37662e-05	3.37662e-05	3.37662e-05	3.37662e-05	154
0.217	-0.000505263	-0.000505263	-0.000505263	-0.000505263	152
0.218	-0.00253605	-0.00253605	-0.00253605	-0.00253605	147
0.219	-0.00135765	-0.00135765	-0.00135765	-0.00135765	170
0.22	-0.00135942	-0.00135942	-0.00135942	-0.00135942	138
0.221	-0.0027528	-0.0027528	-0.0027528	-0.0027528	161
0.222	-0.000334211	-0.000334211	-0.000334211	-0.000334211	152
0.223	-0.00163421	-0.00163421	-0.00163421	-0.00163421	152
0.224	-0.00232393	-0.00232393	-0.00232393	-0.00232393	163
0.225	-0.00161611	-0.00161611	-0.00161611	-0.00161611	149
0.226	-0.00360816	-0.00360816	-0.00360816	-0.00360816	147
0.227	-0.00178667	-0.00178667	-0.00178667	-0.00178667	120
0.228	-0.000842424	-0.000842424	-0.000842424	-0.000842424	132
0.229	-0.00064	-0.00064	-0.00064	-0.00064	155
0.23	0.00052028	0.00052028	0.00052028	0.00052028	143
0.231	-0.000753957	-0.000753957	-0.000753957	-0.000753957	139
0.232	-0.000631724	-0.000631724	-0.000631724	-0.000631724	145
0.233	0.00088855	0.00088855	0.00088855	0.00088855	131
0.234	0.00145034	0.00145034	0.00145034	0.00145034	147
0.235	-0.000829412	-0.000829412	-0.000829412	-0.000829412	136
0.236	-0.00173617	-0.00173617	-0.00173617	-0.00173617	141
0.237	0.000182022	0.000182022	0.000182022	0.000182022	178
0.238	6.41711e-05	6.41711e-05	6.41711e-05	6.41711e-05	187
0.239	0.00217485	0.00217485	0.00217485	0.00217485	167
0.24	-0.00124497	-0.00124497	-0.00124497	-0.00124497	169
0.241	-0.000538824	-0.000538824	-0.000538824	-0.000538824	170
0.242	-0.00118121	-0.00118121	-0.00118121	-0.00118121	149
0.243	-0.00130886	-0.00130886	-0.00130886	-0.00130886	158
0.244	0.000224242	0.000224242	0.000224242	0.000224242	198
0.245	-0.00078895	-0.00078895	-0.00078895	-0.00078895	181
0.246	-0.000313043	-0.000313043	-0.000313043	-0.000313043	161
0.247	0.00259024	0.00259024	0.00259024	0.00259024	164
0.248	0.0049561	0.0049561	0.0049561	0.0049561	164
0.249	0.00311008	0.00311008	0.00311008	0.00311008	129
0.25	0.00186763	0.00186763	0.00186763	0.00186763	139
0.251	0.00131382	0.00131382	0.00131382	0.00131382	123
0.252	0.00162278	0.00162278	0.00162278	0.00162278	158
0.253	-0.00110882	-0.00110882	-0.00110882	-0.00110882	136
0.254	0.0022	0.0022	0.0022	0.0022	152
0.255	0.000717037	0.000717037	0.000717037	0.000717037	135
0.256	-0.00107578	-0.00107578	-0.00107578	-0.00107578	161
0.257	-0.00120964	-0.00120964	-0.00120964	-0.00120964	166
0.258	-0.000329825	-0.000329825	-0.000329825	-0.000329825	171
0.259	0.00127857	0.00127857	0.00127857	0.00127857	168
0.26	-0.000646575	-0.000646575	-0.000646575	-0.000646575	146
0.261	-0.00214054	-0.00214054	-0.00214054	-0.00214054	148
0.262	-0.00111409	-0.00111409	-0.00111409	-0.00111409	149
0.263	-0.000112752	-0.000112752	-0.000112752	-0.000112752	149
0.264	-0.000948052	-0.000948052	-0.000948052	-0.000948052	154
0.265	-0.00102249	-0.00102249	-0.00102249	-0.00102249	169
0.266	-0.00193563	-0.00193563	-0.00193563	-0.00193563	174
0.267	-0.00286797	-0.00286797	-0.00286797	-0.00286797	153
0.268	0.000181053	0.000181053	0.000181053	0.000181053	190
0.269	0.000916049	0.000916049	0.000916049	0.000916049	162
0.27	-2.40964e-06	-2.40964e-06	-2.40964e-06	-2.40964e-06	166
0.271	0.00354177	0.00354177	0.00354177	0.00354177	158
0.272	0.000904242	0.000904242	0.000904242	0.000904242	165
0.273	-0.0018119	-0.0018119	-0.0018119	-0.0018119	168
0.274	0.00174103	0.00174103	0.00174103	0.00174103	156
0.275	0.00025	0.00025	0.00025	0.00025	128
0.276	-5.41935e-05	-5.41935e-05	-5.41935e-05	-5.41935e-05	155
0.277	0.00142254	0.00142254	0.00142254	0.00142254	142
0.278	0.00211471	0.00211471	0.00211471	0.00211471	136
0.279	0.000352	0.000352	0.000352	0.000352	150
0.28	0.000201399	0.000201399	0.000201399	0.000201399	143
0.281	-0.000649624	-0.000649624	-0.000649624	-0.000649624	133
0.282	-0.00145197	-0.00145197	-0.00145197	-0.00145197	127
0.283	0.000673381	0.000673381	0.000673381	0.000673381	139
0.284	-0.00355135	-0.00355135	-0.00355135	-0.00355135	148
0.285	4.26036e-05	4.26036e-05	4.26036e-05	4.26036e-05	169
0.286	-0.000735664	-0.000735664	-0.000735664	-0.000735664	143
0.287	-0.000471545	-0.000471545	-0.000471545	-0.000471545	123
0.288	-0.0009	-0.0009	-0.0009	-0.0009	128
0.289	0.000205128	0.000205128	0.000205128	0.000205128	117
0.29	-0.0017812	-0.0017812	-0.0017812	-0.0017812	117
0.291	0.000464286	0.000464286	0.000464286	0.000464286	112
0.292	0.00168205	0.00168205	0.00168205	0.00168205	117
0.293	0.00148201	0.00148201	0.00148201	0.00148201	139
0.294	0.00268456	0.00268456	0.00268456	0.00268456	149
0.295	-0.00184857	-0.00184857	-0.00184857	-0.00184857	140
0.296	0.000610526	0.000610526	0.000610526	0.000610526	152
0.297	-0.000164516	-0.000164516	-0.000164516	-0.000164516	124
0.298	0.00177531	0.00177531	0.00177531	0.00177531	162
0.299	-0.000552147	-0.000552147	-0.000552147	-0.000552147	163
0.3	-0.00239765	-0.00239765	-0.00239765	-0.00239765	170
0.301	0.00072	0.00072	0.00072	0.00072	130
0.302	0.00125495	0.00125495	0.00125495	0.00125495	182
0.303	0.00435328	0.00435328	0.00435328	0.00435328	137
0.304	-0.000923077	-0.000923077	-0.000923077	-0.000923077	143
0.305	-0.000481633	-0.000481633	-0.000481633	-0.000481633	147
0.306	8.4375e-05	8.4375e-05	8.4375e-05	8.4375e-05	128
0.307	-0.00159137	-0.00159137	-0.00159137	-0.00159137	139
0.308	0.000437931	0.000437931	0.000437931	0.000437931	116
0.309	-0.000368504	-0.000368504	-0.000368504	-0.000368504	127
0.31	-0.000291228	-0.000291228	-0.000291228	-0.000291228	114
0.311	-0.00188872	-0.00188872	-0.00188872	-0.00188872	133
0.312	-0.00114245	-0.00114245	-0.00114245	-0.00114245	139
0.313	0.00215854	0.00215854	0.00215854	0.00215854	164
0.314	-0.000380952	-0.000380952	-0.000380952	-0.000380952	147
0.315	-0.00142222	-0.00142222	-0.00142222	-0.00142222	171
0.316	0.00069434	0.00069434	0.00069434	0.00069434	159
0.317	0.000658503	0.000658503	0.000658503	0.000658503	147
0.318	0.00162092	0.00162092	0.00162092	0.00162092	153
0.319	-0.000786486	-0.000786486	-0.000786486	-0.000786486	148
0.32	-0.00109262	-0.00109262	-0.00109262	-0.00109262	149
0.321	-0.000208	-0.000208	-0.000208	-0.000208	125
0.322	0.000491339	0.000491339	0.000491339	0.000491339	127
0.323	-0.00273869	-0.00273869	-0.00273869	-0.00273869	137
0.324	0.00190448	0.00190448	0.00190448	0.00190448	134
0.325	0.00265263	0.00265263	0.00265263	0.00265263	152
0.326	-0.000396899	-0.000396899	-0.000396899	-0.000396899	129
0.327	0.00279448	0.00279448	0.00279448	0.00279448	145
0.328	0.000152239	0.000152239	0.000152239	0.000152239	134
0.329	0.000624324	0.000624324	0.000624324	0.000624324	148
0.33	-0.000429268	-0.000429268	-0.000429268	-0.000429268	164
0.331	-5e-05	-5e-05	-5e-05	-5e-05	168
0.332	0.000856442	0.000856442	0.000856442	0.000856442	163
0.333	-0.00117538	-0.00117538	-0.00117538	-0.00117538	130
0.334	-0.00053037	-0.00053037	-0.00053037	-0.00053037	135
0.335	-0.00114207	-0.00114207	-0.00114207	-0.00114207	145
0.336	-0.00107626	-0.00107626	-0.00107626	-0.00107626	139
0.337	0.000833987	0.000833987	0.000833987	0.000833987	153
0.338	-0.00179718	-0.00179718	-0.00179718	-0.00179718	142
0.339	-0.00121143	-0.00121143	-0.00121143	-0.00121143	175
0.34	-0.000963057	-0.000963057	-0.000963057	-0.000963057	157
0.341	-0.00298182	-0.00298182	-0.00298182	-0.00298182	154
0.342	0.00142899	0.00142899	0.00142899	0.00142899	138
0.343	0.00153143	0.00153143	0.00153143	0.00153143	140
0.344	0.000465116	0.000465116	0.000465116	0.000465116	129
0.345	0.000167939	0.000167939	0.000167939	0.000167939	131
0.346	-0.001055	-0.001055	-0.001055	-0.001055	160
0.347	0.000416667	0.000416667	0.000416667	0.000416667	144
0.348	-0.000628571	-0.000628571	-0.000628571	-0.000628571	161
0.349	0.000314286	0.000314286	0.000314286	0.000314286	140
0.35	0.000866667	0.000866667	0.000866667	0.000866667	120
0.351	0.00143866	0.00143866	0.00143866	0.00143866	119
0.352	0.00097377	0.00097377	0.00097377	0.00097377	122
0.353	0.000835294	0.000835294	0.000835294	0.000835294	136
0.354	0.00167733	0.00167733	0.00167733	0.00167733	150
0.355	0.00426197	0.00426197	0.00426197	0.00426197	142
0.356	0.00420303	0.00420303	0.00420303	0.00420303	132
0.357	0.00378806	0.00378806	0.00378806	0.00378806	134
0.358	-0.00056338	-0.00056338	-0.00056338	-0.00056338	142
0.359	0.00460121	0.00460121	0.00460121	0.00460121	165
0.36	-0.000367164	-0.000367164	-0.000367164	-0.000367164	134
0.361	0.000958389	0.000958389	0.000958389	0.000958389	149
0.362	0.000981818	0.000981818	0.000981818	0.000981818	143
0.363	0.00013913	0.00013913	0.00013913	0.00013913	161
0.364	4.58599e-05	4.58599e-05	4.58599e-05	4.58599e-05	157
0.365	0.000843537	0.000843537	0.000843537	0.000843537	147
0.366	0.000639416	0.000639416	0.000639416	0.000639416	137
0.367	-0.000411679	-0.000411679	-0.000411679	-0.000411679	137
0.368	-0.000249057	-0.000249057	-0.000249057	-0.000249057	159
0.369	-0.000758333	-0.000758333	-0.000758333	-0.000758333	144
0.37	0.00197163	0.00197163	0.00197163	0.00197163	141
0.371	-0.000791608	-0.000791608	-0.000791608	-0.000791608	143
0.372	0.000670807	0.000670807	0.000670807	0.000670807	161
0.373	0.00143415	0.00143415	0.00143415	0.00143415	164
0.374	-0.000884076	-0.000884076	-0.000884076	-0.000884076	157
0.375	-0.00198571	-0.00198571	-0.00198571	-0.00198571	140
0.376	0.000262162	0.000262162	0.000262162	0.000262162	148
0.377	0.000177049	0.000177049	0.000177049	0.000177049	122
0.378	-0.00262034	-0.00262034	-0.00262034	-0.00262034	118
0.379	-0.00265313	-0.00265313	-0.00265313	-0.00265313	128
0.38	-0.00026087	-0.00026087	-0.00026087	-0.00026087	138
0.381	0.00103103	0.00103103	0.00103103	0.00103103	116
0.382	-0.00179187	-0.00179187	-0.00179187	-0.00179187	123
0.383	-0.00361176	-0.00361176	-0.00361176	-0.00361176	136
0.384	-0.00100769	-0.00100769	-0.00100769	-0.00100769	156
0.385	0.00126571	0.00126571	0.00126571	0.00126571	140
0.386	-0.000929825	-0.000929825	-0.000929825	-0.000929825	114
0.387	0.000263158	0.000263158	0.000263158	0.000263158	152
0.388	0.00217638	0.00217638	0.00217638	0.00217638	127
0.389	-0.000571901	-0.000571901	-0.000571901	-0.000571901	121
0.39	-0.000342857	-0.000342857	-0.000342857	-0.000342857	133
0.391	-0.00125135	-0.00125135	-0.00125135	-0.00125135	148
0.392	0.00206803	0.00206803	0.00206803	0.00206803	147
0.393	0.000242222	0.000242222	0.000242222	0.000242222	180
0.394	-0.00125867	-0.00125867	-0.00125867	-0.00125867	150
0.395	0.000680519	0.000680519	0.000680519	0.000680519	154
0.396	0.00122044	0.00122044	0.00122044	0.00122044	137
0.397	-0.000340984	-0.000340984	-0.000340984	-0.000340984	122
0.398	-0.000173793	-0.000173793	-0.000173793	-0.000173793	145
0.399	0.000786486	0.000786486	0.000786486	0.000786486	148
0.4	0.000731852	0.000731852	0.000731852	0.000731852	135
0.401	0.00104056	0.00104056	0.00104056	0.00104056	143
0.402	0.00106555	0.00106555	0.00106555	0.00106555	119
0.403	-0.000692174	-0.000692174	-0.000692174	-0.000692174	115
0.404	-0.000504478	-0.000504478	-0.000504478	-0.000504478	134
0.405	0.0020928	0.0020928	0.0020928	0.0020928	125
0.406	0.00218647	0.00218647	0.00218647	0.00218647	133
0.407	0.00235804	0.00235804	0.00235804	0.00235804	143
0.408	0.00415942	0.00415942	0.00415942	0.00415942	138
0.409	0.00418978	0.00418978	0.00418978	0.00418978	137
0.41	0.0012438	0.0012438	0.0012438	0.0012438	137
0.411	-0.00125793	-0.00125793	-0.00125793	-0.00125793	145
0.412	-0.00178462	-0.00178462	-0.00178462	-0.00178462	156
0.413	0.00112368	0.00112368	0.00112368	0.00112368	152
0.414	0.00195111	0.00195111	0.00195111	0.00195111	180
0.415	0.000139726	0.000139726	0.000139726	0.000139726	146
0.416	0.00296054	0.00296054	0.00296054	0.00296054	147
0.417	0.00156364	0.00156364	0.00156364	0.00156364	132
0.418	0.00112828	0.00112828	0.00112828	0.00112828	145
0.419	0.00181314	0.00181314	0.00181314	0.00181314	137
0.42	0.0028855	0.0028855	0.0028855	0.0028855	131
0.421	0.00252055	0.00252055	0.00252055	0.00252055	146
0.422	0.00454359	0.00454359	0.00454359	0.00454359	117
0.423	0.000917073	0.000917073	0.000917073	0.000917073	164
0.424	0.00172544	0.00172544	0.00172544	0.00172544	169
0.425	0.00223768	0.00223768	0.00223768	0.00223768	138
0.426	-0.00180392	-0.00180392	-0.00180392	-0.00180392	153
0.427	0.00101449	0.00101449	0.00101449	0.00101449	138
0.428	0.0021626	0.0021626	0.0021626	0.0021626	123
0.429	0.00128235	0.00128235	0.00128235	0.00128235	136
0.43	-0.00147353	-0.00147353	-0.00147353	-0.00147353	136
0.431	0.000895575	0.000895575	0.000895575	0.000895575	113
0.432	-0.00113171	-0.00113171	-0.00113171	-0.00113171	123
0.433	-0.000681159	-0.000681159	-0.000681159	-0.000681159	138
0.434	-0.00255556	-0.00255556	-0.00255556	-0.00255556	144
0.435	-0.00246667	-0.00246667	-0.00246667	-0.00246667	126
0.436	-0.00309504	-0.00309504	-0.00309504	-0.00309504	141
0.437	-0.000252121	-0.000252121	-0.000252121	-0.000252121	165
0.438	-0.0026374	-0.0026374	-0.0026374	-0.0026374	123
0.439	-0.000932258	-0.000932258	-0.000932258	-0.000932258	124
0.44	0.000311111	0.000311111	0.000311111	0.000311111	135
0.441	0.00103333	0.00103333	0.00103333	0.00103333	120
0.442	0.000118095	0.000118095	0.000118095	0.000118095	105
0.443	0.000211921	0.000211921	0.000211921	0.000211921	151
0.444	0.000813072	0.000813072	0.000813072	0.000813072	153
0.445	-0.000334375	-0.000334375	-0.000334375	-0.000334375	128
0.446	-0.00128264	-0.00128264	-0.00128264	-0.00128264	121
0.447	0.00119669	0.00119669	0.00119669	0.00119669	121
0.448	-0.00229217	-0.00229217	-0.00229217	-0.00229217	115
0.449	-0.000975862	-0.000975862	-0.000975862	-0.000975862	116
0.45	0.00181905	0.00181905	0.00181905	0.00181905	126
0.451	0.00125333	0.00125333	0.00125333	0.00125333	135
0.452	-4.1958e-05	-4.1958e-05	-4.1958e-05	-4.1958e-05	143
0.453	0.000808824	0.000808824	0.000808824	0.000808824	136
0.454	0.000389744	0.000389744	0.000389744	0.000389744	156
0.455	0.0013878	0.0013878	0.0013878	0.0013878	164
0.456	0.000835669	0.000835669	0.000835669	0.000835669	157
0.457	0.00123922	0.00123922	0.00123922	0.00123922	153
0.458	-0.000903797	-0.000903797	-0.000903797	-0.000903797	158
0.459	0.00056568	0.00056568	0.00056568	0.00056568	169
0.46	0.00252737	0.00252737	0.00252737	0.00252737	179
0.461	-0.000413527	-0.000413527	-0.000413527	-0.000413527	207
0.462	-0.00041519	-0.00041519	-0.00041519	-0.00041519	158
0.463	0.0002525	0.0002525	0.0002525	0.0002525	160
0.464	0.00020733	0.00020733	0.00020733	0.00020733	191
0.465	-0.00222	-0.00222	-0.00222	-0.00222	200
0.466	-0.00231724	-0.00231724	-0.00231724	-0.00231724	203
0.467	-0.00102745	-0.00102745	-0.00102745	-0.00102745	153
0.468	-0.00335802	-0.00335802	-0.00335802	-0.00335802	162
0.469	-0.0012557	-0.0012557	-0.0012557	-0.0012557	158
0.47	0.00112481	0.00112481	0.00112481	0.00112481	133
0.471	-0.00115556	-0.00115556	-0.00115556	-0.00115556	126
0.472	0.00135302	0.00135302	0.00135302	0.00135302	149
0.473	0.00258605	0.00258605	0.00258605	0.00258605	129
0.474	0.000621538	0.000621538	0.000621538	0.000621538	130
0.475	0.00434085	0.00434085	0.00434085	0.00434085	142
0.476	0.0042163	0.0042163	0.0042163	0.0042163	135
0.477	0.00161185	0.00161185	0.00161185	0.00161185	135
0.478	0.0007904	0.0007904	0.0007904	0.0007904	125
0.479	-0.000492958	-0.000492958	-0.000492958	-0.000492958	142
0.48	0.00267009	0.00267009	0.00267009	0.00267009	117
0.481	0.00315372	0.00315372	0.00315372	0.00315372	121
0.482	0.00166261	0.00166261	0.00166261	0.00166261	115
0.483	0.00291382	0.00291382	0.00291382	0.00291382	123
0.484	-0.00049697	-0.00049697	-0.00049697	-0.00049697	132
0.485	-0.000983333	-0.000983333	-0.000983333	-0.000983333	144
0.486	0.00270345	0.00270345	0.00270345	0.00270345	145
0.487	0.000416529	0.000416529	0.000416529	0.000416529	121
0.488	-0.000253125	-0.000253125	-0.000253125	-0.000253125	128
0.489	0.00162832	0.00162832	0.00162832	0.00162832	113
0.49	0.00299286	0.00299286	0.00299286	0.00299286	112
0.491	0.00197217	0.00197217	0.00197217	0.00197217	115
0.492	0.000594059	0.000594059	0.000594059	0.000594059	101
0.493	0.00282609	0.00282609	0.00282609	0.00282609	138
0.494	-2.23776e-05	-2.23776e-05	-2.23776e-05	-2.23776e-05	143
0.495	0.00264727	0.00264727	0.00264727	0.00264727	110
0.496	-9.66443e-05	-9.66443e-05	-9.66443e-05	-9.66443e-05	149
0.497	-0.00167273	-0.00167273	-0.00167273	-0.00167273	132
0.498	-0.000335135	-0.000335135	-0.000335135	-0.000335135	148
0.499	0.000714894	0.000714894	0.000714894	0.000714894	141
0.5	-0.00301579	-0.00301579	-0.00301579	-0.00301579	152
0.501	8.61538e-05	8.61538e-05	8.61538e-05	8.61538e-05	130
0.502	-0.00165455	-0.00165455	-0.00165455	-0.00165455	132
0.503	0.00117015	0.00117015	0.00117015	0.00117015	134
0.504	0.00161159	0.00161159	0.00161159	0.00161159	138
0.505	0.00103836	0.00103836	0.00103836	0.00103836	146
0.506	0.00108136	0.00108136	0.00108136	0.00108136	118
0.507	0.000322424	0.000322424	0.000322424	0.000322424	165
0.508	0.00164317	0.00164317	0.00164317	0.00164317	139
0.509	0.00118873	0.00118873	0.00118873	0.00118873	142
0.51	0.00265672	0.00265672	0.00265672	0.00265672	134
0.511	0.000444737	0.000444737	0.000444737	0.000444737	152
0.512	0.00105	0.00105	0.00105	0.00105	160
0.513	-2.98507e-06	-2.98507e-06	-2.98507e-06	-2.98507e-06	134
0.514	0.00119091	0.00119091	0.00119091	0.00119091	132
0.515	0.00115068	0.00115068	0.00115068	0.00115068	146
0.516	-0.000809756	-0.000809756	-0.000809756	-0.000809756	164
0.517	0.000620859	0.000620859	0.000620859	0.000620859	163
0.518	0.00267413	0.00267413	0.00267413	0.00267413	143
0.519	0.00135	0.00135	0.00135	0.00135	144
0.52	0.00420563	0.00420563	0.00420563	0.00420563	142
0.521	0.00474286	0.00474286	0.00474286	0.00474286	147
0.522	0.0056391	0.0056391	0.0056391	0.0056391	133
0.523	0.00186849	0.00186849	0.00186849	0.00186849	146
0.524	0.00605354	0.00605354	0.00605354	0.00605354	127
0.525	0.00247826	0.00247826	0.00247826	0.00247826	138
0.526	0.00104267	0.00104267	0.00104267	0.00104267	150
0.527	0.00377099	0.00377099	0.00377099	0.00377099	131
0.528	0.0004	0.0004	0.0004	0.0004	161
0.529	0.000854902	0.000854902	0.000854902	0.000854902	153
0.53	-0.00217872	-0.00217872	-0.00217872	-0.00217872	141
0.531	-0.00049771	-0.00049771	-0.00049771	-0.00049771	131
0.532	0.000885517	0.000885517	0.000885517	0.000885517	145
0.533	0.00113058	0.00113058	0.00113058	0.00113058	121
0.534	-0.00101037	-0.00101037	-0.00101037	-0.00101037	135
0.535	-0.000273684	-0.000273684	-0.000273684	-0.000273684	152
0.536	0.00175616	0.00175616	0.00175616	0.00175616	146
0.537	0.00263356	0.00263356	0.00263356	0.00263356	149
0.538	0.00215948	0.00215948	0.00215948	0.00215948	153
0.539	0.00421972	0.00421972	0.00421972	0.00421972	142
0.54	0.000280556	0.000280556	0.000280556	0.000280556	144
0.541	0.000358442	0.000358442	0.000358442	0.000358442	154
0.542	0.000789404	0.000789404	0.000789404	0.000789404	151
0.543	0.00118658	0.00118658	0.00118658	0.00118658	149
0.544	0.00105612	0.00105612	0.00105612	0.00105612	139
0.545	0.000720513	0.000720513	0.000720513	0.000720513	156
0.546	0.00143529	0.00143529	0.00143529	0.00143529	153
0.547	0.00230633	0.00230633	0.00230633	0.00230633	158
0.548	0.00224722	0.00224722	0.00224722	0.00224722	144
0.549	0.000904698	0.000904698	0.000904698	0.000904698	149
0.55	0.00125641	0.00125641	0.00125641	0.00125641	156
0.551	0.000673292	0.000673292	0.000673292	0.000673292	161
0.552	-0.00155804	-0.00155804	-0.00155804	-0.00155804	143
0.553	0.000156757	0.000156757	0.000156757	0.000156757	148
0.554	-0.00120272	-0.00120272	-0.00120272	-0.00120272	147
0.555	-0.000463576	-0.000463576	-0.000463576	-0.000463576	151
0.556	-0.000762162	-0.000762162	-0.000762162	-0.000762162	148
0.557	0.00136107	0.00136107	0.00136107	0.00136107	149
0.558	0.00105344	0.00105344	0.00105344	0.00105344	131
0.559	-0.000505556	-0.000505556	-0.000505556	-0.000505556	144
0.56	-0.000556643	-0.000556643	-0.000556643	-0.000556643	143
0.561	-0.00131242	-0.00131242	-0.00131242	-0.00131242	153
0.562	-0.00110657	-0.00110657	-0.00110657	-0.00110657	137
0.563	0.00280909	0.00280909	0.00280909	0.00280909	132
0.564	-0.000451064	-0.000451064	-0.000451064	-0.000451064	141
0.565	-0.000892086	-0.000892086	-0.000892086	-0.000892086	139
0.566	-0.000237975	-0.000237975	-0.000237975	-0.000237975	158
0.567	0.00241639	0.00241639	0.00241639	0.00241639	122
0.568	0.00278322	0.00278322	0.00278322	0.00278322	143
0.569	0.000993007	0.000993007	0.000993007	0.000993007	143
0.57	-0.000375172	-0.000375172	-0.000375172	-0.000375172	145
0.571	0.00121519	0.00121519	0.00121519	0.00121519	158
0.572	0.000184242	0.000184242	0.000184242	0.000184242	165
0.573	-0.000526027	-0.000526027	-0.000526027	-0.000526027	146
0.574	0.000530081	0.000530081	0.000530081	0.000530081	123
0.575	-0.000819048	-0.000819048	-0.000819048	-0.000819048	147
0.576	0.00022439	0.00022439	0.00022439	0.00022439	123
0.577	0.00128608	0.00128608	0.00128608	0.00128608	158
0.578	0.00180621	0.00180621	0.00180621	0.00180621	161
0.579	0.000405926	0.000405926	0.000405926	0.000405926	135
0.58	0.00140984	0.00140984	0.00140984	0.00140984	122
0.581	0.000662774	0.000662774	0.000662774	0.000662774	137
0.582	0.00252364	0.00252364	0.00252364	0.00252364	110
0.583	0.00257632	0.00257632	0.00257632	0.00257632	152
0.584	0.00390435	0.00390435	0.00390435	0.00390435	138
0.585	0.00180323	0.00180323	0.00180323	0.00180323	124
0.586	0.000905	0.000905	0.000905	0.000905	160
0.587	0.00341839	0.00341839	0.00341839	0.00341839	174
0.588	0.00134085	0.00134085	0.00134085	0.00134085	142
0.589	0.00253901	0.00253901	0.00253901	0.00253901	141
0.59	0.000942657	0.000942657	0.000942657	0.000942657	143
0.591	1.93103e-05	1.93103e-05	1.93103e-05	1.93103e-05	145
0.592	-0.00133784	-0.00133784	-0.00133784	-0.00133784	148
0.593	0.00259437	0.00259437	0.00259437	0.00259437	142
0.594	-0.000373984	-0.000373984	-0.000373984	-0.000373984	123
0.595	-0.000316667	-0.000316667	-0.000316667	-0.000316667	144
0.596	-0.00144204	-0.00144204	-0.00144204	-0.00144204	157
0.597	0.000690411	0.000690411	0.000690411	0.000690411	146
0.598	0.00117986	0.00117986	0.00117986	0.00117986	139
0.599	-2.30216e-05	-2.30216e-05	-2.30216e-05	-2.30216e-05	139
0.6	-0.0012	-0.0012	-0.0012	-0.0012	138
0.601	-0.00177872	-0.00177872	-0.00177872	-0.00177872	141
0.602	-0.000663704	-0.000663704	-0.000663704	-0.000663704	135
0.603	-0.00156589	-0.00156589	-0.00156589	-0.00156589	129
0.604	0.000771429	0.000771429	0.000771429	0.000771429	126
0.605	0.00107712	0.00107712	0.00107712	0.00107712	153
0.606	-0.000236066	-0.000236066	-0.000236066	-0.000236066	122
0.607	-0.000359375	-0.000359375	-0.000359375	-0.000359375	128
0.608	0.00124179	0.00124179	0.00124179	0.00124179	134
0.609	0.000590476	0.000590476	0.000590476	0.000590476	126
0.61	0.000899115	0.000899115	0.000899115	0.000899115	113
0.611	0.00104	0.00104	0.00104	0.00104	170
0.612	-0.000370588	-0.000370588	-0.000370588	-0.000370588	136
0.613	0.000777953	0.000777953	0.000777953	0.000777953	127
0.614	0.000750769	0.000750769	0.000750769	0.000750769	130
0.615	0.000182609	0.000182609	0.000182609	0.000182609	138
0.616	-0.00168	-0.00168	-0.00168	-0.00168	130
0.617	-0.000879339	-0.000879339	-0.000879339	-0.000879339	121
0.618	-0.00149492	-0.00149492	-0.00149492	-0.00149492	118
0.619	-0.00118235	-0.00118235	-0.00118235	-0.00118235	136
0.62	-0.000585915	-0.000585915	-0.000585915	-0.000585915	142
0.621	-0.00059375	-0.00059375	-0.00059375	-0.00059375	128
0.622	-0.0011193	-0.0011193	-0.0011193	-0.0011193	114
0.623	-0.00270075	-0.00270075	-0.00270075	-0.00270075	133
0.624	-0.00102535	-0.00102535	-0.00102535	-0.00102535	142
0.625	-0.000929167	-0.000929167	-0.000929167	-0.000929167	96
0.626	0.000533333	0.000533333	0.000533333	0.000533333	144
0.627	-0.00278235	-0.00278235	-0.00278235	-0.00278235	136
0.628	0.00109381	0.00109381	0.00109381	0.00109381	113
0.629	-0.00304118	-0.00304118	-0.00304118	-0.00304118	136
0.63	-0.00240984	-0.00240984	-0.00240984	-0.00240984	122
0.631	-0.00122523	-0.00122523	-0.00122523	-0.00122523	111
0.632	-0.00277724	-0.00277724	-0.00277724	-0.00277724	123
0.633	0.000140458	0.000140458	0.000140458	0.000140458	131
0.634	0.000183607	0.000183607	0.000183607	0.000183607	122
0.635	-0.00197383	-0.00197383	-0.00197383	-0.00197383	107
0.636	3.0303e-06	3.0303e-06	3.0303e-06	3.0303e-06	132
0.637	0.000732867	0.000732867	0.000732867	0.000732867	143
0.638	0.0008575	0.0008575	0.0008575	0.0008575	160
0.639	0.0011	0.0011	0.0011	0.0011	144
0.64	-0.00191902	-0.00191902	-0.00191902	-0.00191902	163
0.641	0.000312121	0.000312121	0.000312121	0.000312121	132
0.642	0.00226218	0.00226218	0.00226218	0.00226218	119
0.643	-9.47368e-05	-9.47368e-05	-9.47368e-05	-9.47368e-05	152
0.644	0.000451613	0.000451613	0.000451613	0.000451613	155
0.645	-0.00125897	-0.00125897	-0.00125897	-0.00125897	156
0.646	-0.00143602	-0.00143602	-0.00143602	-0.00143602	161
0.647	0.000938889	0.000938889	0.000938889	0.000938889	144
0.648	0.000161074	0.000161074	0.000161074	0.000161074	149
0.649	-0.00235821	-0.00235821	-0.00235821	-0.00235821	134
0.65	0.00189781	0.00189781	0.00189781	0.00189781	137
0.651	0.000654545	0.000654545	0.000654545	0.000654545	132
0.652	-0.000612308	-0.000612308	-0.000612308	-0.000612308	130
0.653	-0.00163444	-0.00163444	-0.00163444	-0.00163444	151
0.654	-0.00185763	-0.00185763	-0.00185763	-0.00185763	177
0.655	-0.00125988	-0.00125988	-0.00125988	-0.00125988	167
0.656	-0.000700709	-0.000700709	-0.000700709	-0.000700709	141
0.657	-0.00359024	-0.00359024	-0.00359024	-0.00359024	164
0.658	-0.000688435	-0.000688435	-0.000688435	-0.000688435	147
0.659	-0.00122065	-0.00122065	-0.00122065	-0.00122065	155
0.66	-0.000925641	-0.000925641	-0.000925641	-0.000925641	156
0.661	-0.00108085	-0.00108085	-0.00108085	-0.00108085	141
0.662	0.000245161	0.000245161	0.000245161	0.000245161	124
0.663	-0.000493617	-0.000493617	-0.000493617	-0.000493617	141
0.664	0.00185063	0.00185063	0.00185063	0.00185063	158
0.665	0.00100144	0.00100144	0.00100144	0.00100144	139
0.666	0.00154324	0.00154324	0.00154324	0.00154324	148
0.667	0.000408889	0.000408889	0.000408889	0.000408889	135
0.668	0.0008	0.0008	0.0008	0.0008	143
0.669	0.000503145	0.000503145	0.000503145	0.000503145	159
0.67	0.00121778	0.00121778	0.00121778	0.00121778	135
0.671	-0.00136276	-0.00136276	-0.00136276	-0.00136276	145
0.672	0.000903597	0.000903597	0.000903597	0.000903597	139
0.673	5.98639e-05	5.98639e-05	5.98639e-05	5.98639e-05	147
0.674	-0.000411511	-0.000411511	-0.000411511	-0.000411511	139
0.675	0.000884211	0.000884211	0.000884211	0.000884211	152
0.676	0.000579487	0.000579487	0.000579487	0.000579487	156
0.677	-0.00153907	-0.00153907	-0.00153907	-0.00153907	151
0.678	0.000905263	0.000905263	0.000905263	0.000905263	133
0.679	-0.000550355	-0.000550355	-0.000550355	-0.000550355	141
0.68	0.00115733	0.00115733	0.00115733	0.00115733	150
0.681	-0.000249645	-0.000249645	-0.000249645	-0.000249645	141
0.682	0.000213889	0.000213889	0.000213889	0.000213889	144
0.683	0.00068	0.00068	0.00068	0.00068	140
0.684	0.00129867	0.00129867	0.00129867	0.00129867	150
0.685	0.0015205	0.0015205	0.0015205	0.0015205	161
0.686	-0.000696	-0.000696	-0.000696	-0.000696	150
0.687	0.00123684	0.00123684	0.00123684	0.00123684	152
0.688	0.000688312	0.000688312	0.000688312	0.000688312	154
0.689	0.000509091	0.000509091	0.000509091	0.000509091	154
0.69	0.00251111	0.00251111	0.00251111	0.00251111	162
0.691	0.000216129	0.000216129	0.000216129	0.000216129	124
0.692	0.00257143	0.00257143	0.00257143	0.00257143	119
0.693	-3.57143e-05	-3.57143e-05	-3.57143e-05	-3.57143e-05	112
0.694	0.00235806	0.00235806	0.00235806	0.00235806	124
0.695	0.00110815	0.00110815	0.00110815	0.00110815	135
0.696	0.000146667	0.000146667	0.000146667	0.000146667	120
0.697	0.0029194	0.0029194	0.0029194	0.0029194	134
0.698	0.000575385	0.000575385	0.000575385	0.000575385	130
0.699	0.000834783	0.000834783	0.000834783	0.000834783	138
0.7	0.000509554	0.000509554	0.000509554	0.000509554	157
0.701	-0.00126234	-0.00126234	-0.00126234	-0.00126234	154
0.702	-0.003376	-0.003376	-0.003376	-0.003376	175
0.703	-0.00190588	-0.00190588	-0.00190588	-0.00190588	170
0.704	-0.000885161	-0.000885161	-0.000885161	-0.000885161	155
0.705	0.00121043	0.00121043	0.00121043	0.00121043	115
0.706	-0.000874483	-0.000874483	-0.000874483	-0.000874483	145
0.707	0.00140909	0.00140909	0.00140909	0.00140909	132
0.708	-0.000128205	-0.000128205	-0.000128205	-0.000128205	156
0.709	0.000813008	0.000813008	0.000813008	0.000813008	123
0.71	0.00183066	0.00183066	0.00183066	0.00183066	137
0.711	0.00156812	0.00156812	0.00156812	0.00156812	138
0.712	0.00172214	0.00172214	0.00172214	0.00172214	131
0.713	0.000558865	0.000558865	0.000558865	0.000558865	141
0.714	0.00092766	0.00092766	0.00092766	0.00092766	141
0.715	-0.00203939	-0.00203939	-0.00203939	-0.00203939	132
0.716	-0.000876712	-0.000876712	-0.000876712	-0.000876712	146
0.717	-0.000737107	-0.000737107	-0.000737107	-0.000737107	159
0.718	0.000902128	0.000902128	0.000902128	0.000902128	141
0.719	0.000331579	0.000331579	0.000331579	0.000331579	152
0.72	-0.00203881	-0.00203881	-0.00203881	-0.00203881	134
0.721	-0.00219854	-0.00219854	-0.00219854	-0.00219854	137
0.722	0.000536111	0.000536111	0.000536111	0.000536111	144
0.723	-0.00185034	-0.00185034	-0.00185034	-0.00185034	147
0.724	-0.000411852	-0.000411852	-0.000411852	-0.000411852	135
0.725	-0.000562025	-0.000562025	-0.000562025	-0.000562025	158
0.726	0.00114362	0.00114362	0.00114362	0.00114362	149
0.727	-0.000229851	-0.000229851	-0.000229851	-0.000229851	134
0.728	-0.00176364	-0.00176364	-0.00176364	-0.00176364	154
0.729	0.000361905	0.000361905	0.000361905	0.000361905	147
0.73	0.00299441	0.00299441	0.00299441	0.00299441	179
0.731	-0.000423669	-0.000423669	-0.000423669	-0.000423669	169
0.732	0.000368	0.000368	0.000368	0.000368	150
0.733	-0.00067451	-0.00067451	-0.00067451	-0.00067451	153
0.734	-0.000929134	-0.000929134	-0.000929134	-0.000929134	127
0.735	-0.000389916	-0.000389916	-0.000389916	-0.000389916	119
0.736	-0.00224308	-0.00224308	-0.00224308	-0.00224308	130
0.737	0.00147862	0.00147862	0.00147862	0.00147862	145
0.738	0.000440876	0.000440876	0.000440876	0.000440876	137
0.739	0.000580822	0.000580822	0.000580822	0.000580822	146
0.74	0.00129041	0.00129041	0.00129041	0.00129041	146
0.741	0.00325315	0.00325315	0.00325315	0.00325315	143
0.742	-0.000433333	-0.000433333	-0.000433333	-0.000433333	156
0.743	0.00125588	0.00125588	0.00125588	0.00125588	136
0.744	0.00155065	0.00155065	0.00155065	0.00155065	154
0.745	0.00152603	0.00152603	0.00152603	0.00152603	146
0.746	0.0024	0.0024	0.0024	0.0024	127
0.747	-0.0017728	-0.0017728	-0.0017728	-0.0017728	125
0.748	0.00107463	0.00107463	0.00107463	0.00107463	134
0.749	-0.00247731	-0.00247731	-0.00247731	-0.00247731	119
0.75	0.000418605	0.000418605	0.000418605	0.000418605	129
0.751	-9.18519e-05	-9.18519e-05	-9.18519e-05	-9.18519e-05	135
0.752	2.68908e-05	2.68908e-05	2.68908e-05	2.68908e-05	119
0.753	0.00236765	0.00236765	0.00236765	0.00236765	136
0.754	0.00166984	0.00166984	0.00166984	0.00166984	126
0.755	0.00186769	0.00186769	0.00186769	0.00186769	130
0.756	0.00198133	0.00198133	0.00198133	0.00198133	150
0.757	0.000990769	0.000990769	0.000990769	0.000990769	130
0.758	-0.00136757	-0.00136757	-0.00136757	-0.00136757	148
0.759	-0.0012	-0.0012	-0.0012	-0.0012	169
0.76	0.00180165	0.00180165	0.00180165	0.00180165	121
0.761	0.00111852	0.00111852	0.00111852	0.00111852	108
0.762	0.00256552	0.00256552	0.00256552	0.00256552	145
0.763	0.00242878	0.00242878	0.00242878	0.00242878	139
0.764	0.00348235	0.00348235	0.00348235	0.00348235	102
0.765	-0.00181124	-0.00181124	-0.00181124	-0.00181124	89
0.766	0.00120252	0.00120252	0.00120252	0.00120252	159
0.767	-0.00079661	-0.00079661	-0.00079661	-0.00079661	118
0.768	-0.00216308	-0.00216308	-0.00216308	-0.00216308	130
0.769	-0.00106774	-0.00106774	-0.00106774	-0.00106774	124
0.77	-0.000586667	-0.000586667	-0.000586667	-0.000586667	120
0.771	0.00104427	0.00104427	0.00104427	0.00104427	131
0.772	-0.000191549	-0.000191549	-0.000191549	-0.000191549	142
0.773	0.000274016	0.000274016	0.000274016	0.000274016	127
0.774	-0.00195188	-0.00195188	-0.00195188	-0.00195188	133
0.775	-0.00310625	-0.00310625	-0.00310625	-0.00310625	128
0.776	6.51852e-05	6.51852e-05	6.51852e-05	6.51852e-05	135
0.777	0.000710811	0.000710811	0.000710811	0.000710811	148
0.778	0.000645517	0.000645517	0.000645517	0.000645517	145
0.779	-0.0015493	-0.0015493	-0.0015493	-0.0015493	142
0.78	3.40426e-05	3.40426e-05	3.40426e-05	3.40426e-05	141
0.781	0.00253008	0.00253008	0.00253008	0.00253008	123
0.782	0.00137744	0.00137744	0.00137744	0.00137744	133
0.783	-0.00129355	-0.00129355	-0.00129355	-0.00129355	124
0.784	0.000246154	0.000246154	0.000246154	0.000246154	143
0.785	-4.33333e-05	-4.33333e-05	-4.33333e-05	-4.33333e-05	120
0.786	-0.000647059	-0.000647059	-0.000647059	-0.000647059	136
0.787	-0.000351429	-0.000351429	-0.000351429	-0.000351429	140
0.788	0.000226752	0.000226752	0.000226752	0.000226752	157
0.789	7.14286e-05	7.14286e-05	7.14286e-05	7.14286e-05	140
0.79	-2.68657e-05	-2.68657e-05	-2.68657e-05	-2.68657e-05	134
0.791	-0.00107458	-0.00107458	-0.00107458	-0.00107458	118
0.792	-9.48718e-05	-9.48718e-05	-9.48718e-05	-9.48718e-05	156
0.793	0.000497222	0.000497222	0.000497222	0.000497222	144
0.794	0.000718699	0.000718699	0.000718699	0.000718699	123
0.795	0.00106218	0.00106218	0.00106218	0.00106218	119
0.796	0.000755932	0.000755932	0.000755932	0.000755932	118
0.797	0.00246715	0.00246715	0.00246715	0.00246715	137
0.798	0.00146667	0.00146667	0.00146667	0.00146667	138
0.799	0.00331429	0.00331429	0.00331429	0.00331429	147
0.8	0.000609091	0.000609091	0.000609091	0.000609091	132
0.801	-0.000661176	-0.000661176	-0.000661176	-0.000661176	170
0.802	-0.00246797	-0.00246797	-0.00246797	-0.00246797	153
0.803	-0.00208593	-0.00208593	-0.00208593	-0.00208593	135
0.804	-0.00432162	-0.00432162	-0.00432162	-0.00432162	148
0.805	-0.00246486	-0.00246486	-0.00246486	-0.00246486	148
0.806	-0.00334694	-0.00334694	-0.00334694	-0.00334694	147
0.807	-0.00224161	-0.00224161	-0.00224161	-0.00224161	149
0.808	-0.00329697	-0.00329697	-0.00329697	-0.00329697	132
0.809	-0.00220896	-0.00220896	-0.00220896	-0.00220896	134
0.81	-0.00117664	-0.00117664	-0.00117664	-0.00117664	137
0.811	0.00343366	0.00343366	0.00343366	0.00343366	101
0.812	-0.000211111	-0.000211111	-0.000211111	-0.000211111	108
0.813	-0.00236552	-0.00236552	-0.00236552	-0.00236552	116
0.814	-0.00154828	-0.00154828	-0.00154828	-0.00154828	116
0.815	-0.000632143	-0.000632143	-0.000632143	-0.000632143	112
0.816	0.00236581	0.00236581	0.00236581	0.00236581	117
0.817	-0.00119175	-0.00119175	-0.00119175	-0.00119175	97
0.818	0.00199535	0.00199535	0.00199535	0.00199535	86
0.819	0.00487391	0.00487391	0.00487391	0.00487391	92
0.82	-0.00123448	-0.00123448	-0.00123448	-0.00123448	116
0.821	-0.000568067	-0.000568067	-0.000568067	-0.000568067	119
0.822	0.000717949	0.000717949	0.000717949	0.000717949	117
0.823	0.000403226	0.000403226	0.000403226	0.000403226	124
0.824	-0.00052028	-0.00052028	-0.00052028	-0.00052028	143
0.825	0.00110645	0.00110645	0.00110645	0.00110645	124
0.826	0.00261096	0.00261096	0.00261096	0.00261096	146
0.827	0.00421538	0.00421538	0.00421538	0.00421538	130
0.828	0.000992	0.000992	0.000992	0.000992	125
0.829	0.00141667	0.00141667	0.00141667	0.00141667	144
0.83	-0.000358763	-0.000358763	-0.000358763	-0.000358763	97
0.831	-0.00138692	-0.00138692	-0.00138692	-0.00138692	107
0.832	-0.000300885	-0.000300885	-0.000300885	-0.000300885	113
0.833	-0.000436364	-0.000436364	-0.000436364	-0.000436364	121
0.834	0.00170435	0.00170435	0.00170435	0.00170435	115
0.835	-0.00205393	-0.00205393	-0.00205393	-0.00205393	89
0.836	0.00457684	0.00457684	0.00457684	0.00457684	95
0.837	-0.0014406	-0.0014406	-0.0014406	-0.0014406	133
0.838	-0.00142342	-0.00142342	-0.00142342	-0.00142342	111
0.839	-0.00143571	-0.00143571	-0.00143571	-0.00143571	112
0.84	0.000593443	0.000593443	0.000593443	0.000593443	122
0.841	-0.00346861	-0.00346861	-0.00346861	-0.00346861	137
0.842	-0.00295407	-0.00295407	-0.00295407	-0.00295407	135
0.843	-0.00310744	-0.00310744	-0.00310744	-0.00310744	121
0.844	-0.000257971	-0.000257971	-0.000257971	-0.000257971	138
0.845	0.000180328	0.000180328	0.000180328	0.000180328	122
0.846	8.3871e-05	8.3871e-05	8.3871e-05	8.3871e-05	124
0.847	-9.13386e-05	-9.13386e-05	-9.13386e-05	-9.13386e-05	127
0.848	-0.000718182	-0.000718182	-0.000718182	-0.000718182	132
0.849	-0.00230677	-0.00230677	-0.00230677	-0.00230677	133
0.85	-0.000735135	-0.000735135	-0.000735135	-0.000735135	111
0.851	-0.00295806	-0.00295806	-0.00295806	-0.00295806	124
0.852	-0.000143089	-0.000143089	-0.000143089	-0.000143089	123
0.853	-0.000125253	-0.000125253	-0.000125253	-0.000125253	99
0.854	-0.00294545	-0.00294545	-0.00294545	-0.00294545	110
0.855	0.00260385	0.00260385	0.00260385	0.00260385	104
0.856	0.00357241	0.00357241	0.00357241	0.00357241	87
0.857	0.00279266	0.00279266	0.00279266	0.00279266	109
0.858	0.0001696	0.0001696	0.0001696	0.0001696	125
0.859	0.00363793	0.00363793	0.00363793	0.00363793	116
0.86	0.00181538	0.00181538	0.00181538	0.00181538	117
0.861	-0.00155826	-0.00155826	-0.00155826	-0.00155826	115
0.862	0.00150891	0.00150891	0.00150891	0.00150891	101
0.863	0.0026144	0.0026144	0.0026144	0.0026144	125
0.864	0.00265915	0.00265915	0.00265915	0.00265915	142
0.865	0.00135929	0.00135929	0.00135929	0.00135929	113
0.866	0.00209346	0.00209346	0.00209346	0.00209346	107
0.867	0.0022991	0.0022991	0.0022991	0.0022991	111
0.868	0.000360976	0.000360976	0.000360976	0.000360976	123
0.869	-1.19403e-05	-1.19403e-05	-1.19403e-05	-1.19403e-05	134
0.87	0.00367042	0.00367042	0.00367042	0.00367042	142
0.871	0.00237053	0.00237053	0.00237053	0.00237053	95
0.872	0.0031296	0.0031296	0.0031296	0.0031296	125
0.873	-0.00042314	-0.00042314	-0.00042314	-0.00042314	121
0.874	0.00102143	0.00102143	0.00102143	0.00102143	112
0.875	1.02564e-05	1.02564e-05	1.02564e-05	1.02564e-05	117
0.876	0.00102946	0.00102946	0.00102946	0.00102946	129
0.877	0.000187097	0.000187097	0.000187097	0.000187097	124
0.878	0.00146053	0.00146053	0.00146053	0.00146053	152
0.879	0.00204615	0.00204615	0.00204615	0.00204615	130
0.88	-0.000168254	-0.000168254	-0.000168254	-0.000168254	126
0.881	0.00149459	0.00149459	0.00149459	0.00149459	148
0.882	0.00122914	0.00122914	0.00122914	0.00122914	151
0.883	-0.000457143	-0.000457143	-0.000457143	-0.000457143	133
0.884	0.000616058	0.000616058	0.000616058	0.000616058	137
0.885	-0.00446857	-0.00446857	-0.00446857	-0.00446857	105
0.886	-0.000935099	-0.000935099	-0.000935099	-0.000935099	151
0.887	-0.00377097	-0.00377097	-0.00377097	-0.00377097	124
0.888	-0.003	-0.003	-0.003	-0.003	142
0.889	-0.00101714	-0.00101714	-0.00101714	-0.00101714	140
0.89	-0.00101261	-0.00101261	-0.00101261	-0.00101261	111
0.891	-0.00277333	-0.00277333	-0.00277333	-0.00277333	105
0.892	-0.000645926	-0.000645926	-0.000645926	-0.000645926	135
0.893	-0.000241935	-0.000241935	-0.000241935	-0.000241935	124
0.894	-0.00124478	-0.00124478	-0.00124478	-0.00124478	134
0.895	-0.00308837	-0.00308837	-0.00308837	-0.00308837	129
0.896	-0.00183307	-0.00183307	-0.00183307	-0.00183307	127
0.897	-0.00173947	-0.00173947	-0.00173947	-0.00173947	152
0.898	-0.000130612	-0.000130612	-0.000130612	-0.000130612	147
0.899	0.00238425	0.00238425	0.00238425	0.00238425	127
0.9	-0.000334211	-0.000334211	-0.000334211	-0.000334211	152
0.901	-0.000987097	-0.000987097	-0.000987097	-0.000987097	124
0.902	-8.125e-05	-8.125e-05	-8.125e-05	-8.125e-05	128
0.903	0.00116	0.00116	0.00116	0.00116	120
0.904	0.000354286	0.000354286	0.000354286	0.000354286	105
0.905	-0.000898182	-0.000898182	-0.000898182	-0.000898182	110
0.906	-0.000726957	-0.000726957	-0.000726957	-0.000726957	115
0.907	0.000465574	0.000465574	0.000465574	0.000465574	122
0.908	-0.00152281	-0.00152281	-0.00152281	-0.00152281	114
0.909	0.00124058	0.00124058	0.00124058	0.00124058	138
0.91	0.00208852	0.00208852	0.00208852	0.00208852	122
0.911	0.000573643	0.000573643	0.000573643	0.000573643	129
0.912	-0.00115372	-0.00115372	-0.00115372	-0.00115372	121
0.913	-0.00189275	-0.00189275	-0.00189275	-0.00189275	138
0.914	-0.00211313	-0.00211313	-0.00211313	-0.00211313	99
0.915	-0.00156098	-0.00156098	-0.00156098	-0.00156098	123
0.916	-0.00067156	-0.00067156	-0.00067156	-0.00067156	109
0.917	0.0031963	0.0031963	0.0031963	0.0031963	108
0.918	0.000421875	0.000421875	0.000421875	0.000421875	128
0.919	-0.000279412	-0.000279412	-0.000279412	-0.000279412	136
0.92	-0.000935338	-0.000935338	-0.000935338	-0.000935338	133
0.921	0.000218978	0.000218978	0.000218978	0.000218978	137
0.922	0.00146984	0.00146984	0.00146984	0.00146984	126
0.923	-0.0028918	-0.0028918	-0.0028918	-0.0028918	122
0.924	-0.000121481	-0.000121481	-0.000121481	-0.000121481	135
0.925	-0.000103704	-0.000103704	-0.000103704	-0.000103704	135
0.926	0.0012439	0.0012439	0.0012439	0.0012439	164
0.927	0.000185507	0.000185507	0.000185507	0.000185507	138
0.928	-0.000690909	-0.000690909	-0.000690909	-0.000690909	132
0.929	-0.00114969	-0.00114969	-0.00114969	-0.00114969	159
0.93	0.00056875	0.00056875	0.00056875	0.00056875	128
0.931	0.000225	0.000225	0.000225	0.000225	128
0.932	-0.00102013	-0.00102013	-0.00102013	-0.00102013	149
0.933	-0.00148902	-0.00148902	-0.00148902	-0.00148902	173
0.934	-8.16327e-05	-8.16327e-05	-8.16327e-05	-8.16327e-05	147
0.935	0.00118832	0.00118832	0.00118832	0.00118832	137
0.936	0.00224167	0.00224167	0.00224167	0.00224167	144
0.937	0.00245755	0.00245755	0.00245755	0.00245755	139
0.938	4.72441e-05	4.72441e-05	4.72441e-05	4.72441e-05	127
0.939	0.000113475	0.000113475	0.000113475	0.000113475	141
0.94	-0.000403125	-0.000403125	-0.000403125	-0.000403125	128
0.941	0.000803077	0.000803077	0.000803077	0.000803077	130
0.942	-0.000299301	-0.000299301	-0.000299301	-0.000299301	143
0.943	-0.00117333	-0.00117333	-0.00117333	-0.00117333	120
0.944	0.000780952	0.000780952	0.000780952	0.000780952	126
0.945	0.000289655	0.000289655	0.000289655	0.000289655	116
0.946	-0.00253846	-0.00253846	-0.00253846	-0.00253846	130
0.947	-0.00105614	-0.00105614	-0.00105614	-0.00105614	114
0.948	-0.00145532	-0.00145532	-0.00145532	-0.00145532	94
0.949	4.66019e-05	4.66019e-05	4.66019e-05	4.66019e-05	103
0.95	-0.000595556	-0.000595556	-0.000595556	-0.000595556	135
0.951	0.000686154	0.000686154	0.000686154	0.000686154	130
0.952	-0.00151875	-0.00151875	-0.00151875	-0.00151875	128
0.953	-0.00229552	-0.00229552	-0.00229552	-0.00229552	134
0.954	-0.00146875	-0.00146875	-0.00146875	-0.00146875	128
0.955	-0.00245556	-0.00245556	-0.00245556	-0.00245556	144
0.956	-0.00132598	-0.00132598	-0.00132598	-0.00132598	127
0.957	-0.000390625	-0.000390625	-0.000390625	-0.000390625	128
0.958	-0.00101333	-0.00101333	-0.00101333	-0.00101333	150
0.959	-0.000786301	-0.000786301	-0.000786301	-0.000786301	146
0.96	-0.00140741	-0.00140741	-0.00140741	-0.00140741	162
0.961	-0.00269877	-0.00269877	-0.00269877	-0.00269877	162
0.962	-0.00359448	-0.00359448	-0.00359448	-0.00359448	145
0.963	-0.00151946	-0.00151946	-0.00151946	-0.00151946	149
0.964	-0.000366013	-0.000366013	-0.000366013	-0.000366013	153
0.965	0.00164054	0.00164054	0.00164054	0.00164054	148
0.966	0.000973333	0.000973333	0.000973333	0.000973333	150
0.967	0.000672222	0.000672222	0.000672222	0.000672222	144
0.968	0.00104	0.00104	0.00104	0.00104	130
0.969	0.000244776	0.000244776	0.000244776	0.000244776	134
0.97	0.000883916	0.000883916	0.000883916	0.000883916	143
0.971	-0.00217101	-0.00217101	-0.00217101	-0.00217101	138
0.972	-0.00251562	-0.00251562	-0.00251562	-0.00251562	128
0.973	0.00296424	0.00296424	0.00296424	0.00296424	151
0.974	0.000886957	0.000886957	0.000886957	0.000886957	138
0.975	-0.00155586	-0.00155586	-0.00155586	-0.00155586	145
0.976	0.000710145	0.000710145	0.000710145	0.000710145	138
0.977	0.00201194	0.00201194	0.00201194	0.00201194	134
0.978	0.00258435	0.00258435	0.00258435	0.00258435	115
0.979	-5.2e-05	-5.2e-05	-5.2e-05	-5.2e-05	100
0.98	-0.000429851	-0.000429851	-0.000429851	-0.000429851	134
0.981	0.000526496	0.000526496	0.000526496	0.000526496	117
0.982	-0.000209231	-0.000209231	-0.000209231	-0.000209231	130
0.983	-0.000360284	-0.000360284	-0.000360284	-0.000360284	141
0.984	0.000310078	0.000310078	0.000310078	0.000310078	129
0.985	-0.000778947	-0.000778947	-0.000778947	-0.000778947	133
0.986	0.00210847	0.00210847	0.00210847	0.00210847	118
0.987	-0.000397297	-0.000397297	-0.000397297	-0.000397297	148
0.988	-0.00192239	-0.00192239	-0.00192239	-0.00192239	134
0.989	-0.00105846	-0.00105846	-0.00105846	-0.00105846	130
0.99	-0.000269388	-0.000269388	-0.000269388	-0.000269388	147
0.991	-0.00189429	-0.00189429	-0.00189429	-0.00189429	140
0.992	0.00166803	0.00166803	0.00166803	0.00166803	147
0.993	0.00147692	0.00147692	0.00147692	0.00147692	117
0.994	-0.000664151	-0.000664151	-0.000664151	-0.000664151	106
0.995	-0.00128435	-0.00128435	-0.00128435	-0.00128435	147
0.996	-0.000332847	-0.000332847	-0.000332847	-0.000332847	137
0.997	0.00103333	0.00103333	0.00103333	0.00103333	144
0.998	-0.00100976	-0.00100976	-0.00100976	-0.00100976	164
0.999	0.000412308	0.000412308	0.000412308	0.000412308	130
1	0.00172162	0.00172162	0.00172162	0.00172162	148
