0.001	0.0672412	0.0672412	0.0672412	0.0672412	3767
0.002	0.0616359	0.0616359	0.0616359	0.0616359	3254
0.003	0.0569316	0.0569316	0.0569316	0.0569316	2771
0.004	0.052565	0.052565	0.052565	0.052565	2626
0.005	0.0520507	0.0520507	0.0520507	0.0520507	2382
0.006	0.047597	0.047597	0.047597	0.047597	2281
0.007	0.0464387	0.0464387	0.0464387	0.0464387	2130
0.008	0.0431876	0.0431876	0.0431876	0.0431876	2033
0.009	0.042514	0.042514	0.042514	0.042514	2059
0.01	0.0418281	0.0418281	0.0418281	0.0418281	1943
0.011	0.0420219	0.0420219	0.0420219	0.0420219	1914
0.012	0.0395383	0.0395383	0.0395383	0.0395383	1827
0.013	0.0382465	0.0382465	0.0382465	0.0382465	1861
0.014	0.0387932	0.0387932	0.0387932	0.0387932	1656
0.015	0.0396045	0.0396045	0.0396045	0.0396045	1673
0.016	0.0358874	0.0358874	0.0358874	0.0358874	1680
0.017	0.0358777	0.0358777	0.0358777	0.0358777	1638
0.018	0.0365067	0.0365067	0.0365067	0.0365067	1642
0.019	0.0371253	0.0371253	0.0371253	0.0371253	1670
0.02	0.0331672	0.0331672	0.0331672	0.0331672	1597
0.021	0.0339237	0.0339237	0.0339237	0.0339237	1698
0.022	0.0350216	0.0350216	0.0350216	0.0350216	1601
0.023	0.0336705	0.0336705	0.0336705	0.0336705	1673
0.024	0.0331615	0.0331615	0.0331615	0.0331615	1550
0.025	0.0303015	0.0303015	0.0303015	0.0303015	1624
0.026	0.0315201	0.0315201	0.0315201	0.0315201	1617
0.027	0.0299025	0.0299025	0.0299025	0.0299025	1662
0.028	0.0303066	0.0303066	0.0303066	0.0303066	1627
0.029	0.0304848	0.0304848	0.0304848	0.0304848	1614
0.03	0.0273352	0.0273352	0.0273352	0.0273352	1654
0.031	0.0286625	0.0286625	0.0286625	0.0286625	1702
0.032	0.0268536	0.0268536	0.0268536	0.0268536	1633
0.033	0.0286034	0.0286034	0.0286034	0.0286034	1654
0.034	0.0273942	0.0273942	0.0273942	0.0273942	1555
0.035	0.0274214	0.0274214	0.0274214	0.0274214	1563
0.036	0.0283704	0.0283704	0.0283704	0.0283704	1583
0.037	0.0261943	0.0261943	0.0261943	0.0261943	1548
0.038	0.0267123	0.0267123	0.0267123	0.0267123	1606
0.039	0.0256106	0.0256106	0.0256106	0.0256106	1627
0.04	0.0264709	0.0264709	0.0264709	0.0264709	1619
0.041	0.0244197	0.0244197	0.0244197	0.0244197	1562
0.042	0.0247875	0.0247875	0.0247875	0.0247875	1530
0.043	0.024271	0.024271	0.024271	0.024271	1529
0.044	0.0232331	0.0232331	0.0232331	0.0232331	1605
0.045	0.0223381	0.0223381	0.0223381	0.0223381	1623
0.046	0.0232841	0.0232841	0.0232841	0.0232841	1474
0.047	0.0226392	0.0226392	0.0226392	0.0226392	1510
0.048	0.0233121	0.0233121	0.0233121	0.0233121	1527
0.049	0.0231379	0.0231379	0.0231379	0.0231379	1513
0.05	0.0212578	0.0212578	0.0212578	0.0212578	1460
0.051	0.0218314	0.0218314	0.0218314	0.0218314	1492
0.052	0.0205609	0.0205609	0.0205609	0.0205609	1467
0.053	0.0221311	0.0221311	0.0221311	0.0221311	1498
0.054	0.0200738	0.0200738	0.0200738	0.0200738	1469
0.055	0.021154	0.021154	0.021154	0.021154	1427
0.056	0.0215779	0.0215779	0.0215779	0.0215779	1451
0.057	0.0211617	0.0211617	0.0211617	0.0211617	1495
0.058	0.0197743	0.0197743	0.0197743	0.0197743	1446
0.059	0.0202386	0.0202386	0.0202386	0.0202386	1499
0.06	0.0194129	0.0194129	0.0194129	0.0194129	1430
0.061	0.0210259	0.0210259	0.0210259	0.0210259	1365
0.062	0.0200256	0.0200256	0.0200256	0.0200256	1376
0.063	0.0198408	0.0198408	0.0198408	0.0198408	1352
0.064	0.0196749	0.0196749	0.0196749	0.0196749	1373
0.065	0.0190487	0.0190487	0.0190487	0.0190487	1367
0.066	0.0200128	0.0200128	0.0200128	0.0200128	1434
0.067	0.0204297	0.0204297	0.0204297	0.0204297	1306
0.068	0.0177991	0.0177991	0.0177991	0.0177991	1360
0.069	0.0186785	0.0186785	0.0186785	0.0186785	1343
0.07	0.0192258	0.0192258	0.0192258	0.0192258	1335
0.071	0.0187455	0.0187455	0.0187455	0.0187455	1307
0.072	0.0197474	0.0197474	0.0197474	0.0197474	1370
0.073	0.0189747	0.0189747	0.0189747	0.0189747	1337
0.074	0.018082	0.018082	0.018082	0.018082	1414
0.075	0.0178379	0.0178379	0.0178379	0.0178379	1416
0.076	0.0164963	0.0164963	0.0164963	0.0164963	1375
0.077	0.0170693	0.0170693	0.0170693	0.0170693	1383
0.078	0.0190422	0.0190422	0.0190422	0.0190422	1356
0.079	0.0157617	0.0157617	0.0157617	0.0157617	1390
0.08	0.0157393	0.0157393	0.0157393	0.0157393	1341
0.081	0.0165833	0.0165833	0.0165833	0.0165833	1416
0.082	0.0167878	0.0167878	0.0167878	0.0167878	1310
0.083	0.0156673	0.0156673	0.0156673	0.0156673	1337
0.084	0.0170928	0.0170928	0.0170928	0.0170928	1314
0.085	0.0153665	0.0153665	0.0153665	0.0153665	1432
0.086	0.0157185	0.0157185	0.0157185	0.0157185	1333
0.087	0.0162782	0.0162782	0.0162782	0.0162782	1287
0.088	0.0147519	0.0147519	0.0147519	0.0147519	1381
0.089	0.014021	0.014021	0.014021	0.014021	1275
0.09	0.0144217	0.0144217	0.0144217	0.0144217	1310
0.091	0.0130508	0.0130508	0.0130508	0.0130508	1263
0.092	0.0128532	0.0128532	0.0128532	0.0128532	1277
0.093	0.0113816	0.0113816	0.0113816	0.0113816	1205
0.094	0.0125072	0.0125072	0.0125072	0.0125072	1299
0.095	0.0128619	0.0128619	0.0128619	0.0128619	1299
0.096	0.0115744	0.0115744	0.0115744	0.0115744	1310
0.097	0.0135425	0.0135425	0.0135425	0.0135425	1378
0.098	0.0117991	0.0117991	0.0117991	0.0117991	1340
0.099	0.0106541	0.0106541	0.0106541	0.0106541	1376
0.1	0.012327	0.012327	0.012327	0.012327	1414
0.101	0.0113097	0.0113097	0.0113097	0.0113097	1375
0.102	0.011986	0.011986	0.011986	0.011986	1376
0.103	0.0131537	0.0131537	0.0131537	0.0131537	1375
0.104	0.0138904	0.0138904	0.0138904	0.0138904	1376
0.105	0.0139764	0.0139764	0.0139764	0.0139764	1442
0.106	0.0122616	0.0122616	0.0122616	0.0122616	1350
0.107	0.0123628	0.0123628	0.0123628	0.0123628	1364
0.108	0.0130919	0.0130919	0.0130919	0.0130919	1358
0.109	0.0121859	0.0121859	0.0121859	0.0121859	1431
0.11	0.0121037	0.0121037	0.0121037	0.0121037	1416
0.111	0.0113692	0.0113692	0.0113692	0.0113692	1324
0.112	0.0118479	0.0118479	0.0118479	0.0118479	1386
0.113	0.0128161	0.0128161	0.0128161	0.0128161	1393
0.114	0.0108143	0.0108143	0.0108143	0.0108143	1345
0.115	0.00964214	0.00964214	0.00964214	0.00964214	1329
0.116	0.011244	0.011244	0.011244	0.011244	1409
0.117	0.0103201	0.0103201	0.0103201	0.0103201	1376
0.118	0.0106616	0.0106616	0.0106616	0.0106616	1269
0.119	0.0103424	0.0103424	0.0103424	0.0103424	1243
0.12	0.010446	0.010446	0.010446	0.010446	1295
0.121	0.0105917	0.0105917	0.0105917	0.0105917	1344
0.122	0.0103681	0.0103681	0.0103681	0.0103681	1356
0.123	0.0113814	0.0113814	0.0113814	0.0113814	1396
0.124	0.0116201	0.0116201	0.0116201	0.0116201	1336
0.125	0.0101471	0.0101471	0.0101471	0.0101471	1365
0.126	0.00952918	0.00952918	0.00952918	0.00952918	1333
0.127	0.0103826	0.0103826	0.0103826	0.0103826	1376
0.128	0.00904122	0.00904122	0.00904122	0.00904122	1315
0.129	0.00940742	0.00940742	0.00940742	0.00940742	1375
0.13	0.0078912	0.0078912	0.0078912	0.0078912	1239
0.131	0.0092997	0.0092997	0.0092997	0.0092997	1340
0.132	0.00908815	0.00908815	0.00908815	0.00908815	1384
0.133	0.0102064	0.0102064	0.0102064	0.0102064	1337
0.134	0.00965066	0.00965066	0.00965066	0.00965066	1358
0.135	0.00881697	0.00881697	0.00881697	0.00881697	1320
0.136	0.00946011	0.00946011	0.00946011	0.00946011	1301
0.137	0.00997478	0.00997478	0.00997478	0.00997478	1364
0.138	0.0102609	0.0102609	0.0102609	0.0102609	1352
0.139	0.00990802	0.00990802	0.00990802	0.00990802	1296
0.14	0.00780445	0.00780445	0.00780445	0.00780445	1303
0.141	0.00856849	0.00856849	0.00856849	0.00856849	1225
0.142	0.00932998	0.00932998	0.00932998	0.00932998	1351
0.143	0.00937229	0.00937229	0.00937229	0.00937229	1328
0.144	0.00889487	0.00889487	0.00889487	0.00889487	1307
0.145	0.00912631	0.00912631	0.00912631	0.00912631	1281
0.146	0.00864737	0.00864737	0.00864737	0.00864737	1292
0.147	0.00827752	0.00827752	0.00827752	0.00827752	1339
0.148	0.0100729	0.0100729	0.0100729	0.0100729	1262
0.149	0.00921896	0.00921896	0.00921896	0.00921896	1308
0.15	0.0079549	0.0079549	0.0079549	0.0079549	1286
0.151	0.00802243	0.00802243	0.00802243	0.00802243	1302
0.152	0.00706833	0.00706833	0.00706833	0.00706833	1285
0.153	0.00765714	0.00765714	0.00765714	0.00765714	1267
0.154	0.00833649	0.00833649	0.00833649	0.00833649	1392
0.155	0.00784839	0.00784839	0.00784839	0.00784839	1335
0.156	0.00782562	0.00782562	0.00782562	0.00782562	1257
0.157	0.00700664	0.00700664	0.00700664	0.00700664	1295
0.158	0.00676523	0.00676523	0.00676523	0.00676523	1231
0.159	0.00839625	0.00839625	0.00839625	0.00839625	1280
0.16	0.00795694	0.00795694	0.00795694	0.00795694	1254
0.161	0.00673967	0.00673967	0.00673967	0.00673967	1346
0.162	0.00775552	0.00775552	0.00775552	0.00775552	1322
0.163	0.00762886	0.00762886	0.00762886	0.00762886	1289
0.164	0.00803887	0.00803887	0.00803887	0.00803887	1379
0.165	0.00752073	0.00752073	0.00752073	0.00752073	1317
0.166	0.00583388	0.00583388	0.00583388	0.00583388	1281
0.167	0.00573226	0.00573226	0.00573226	0.00573226	1246
0.168	0.00722456	0.00722456	0.00722456	0.00722456	1189
0.169	0.00716177	0.00716177	0.00716177	0.00716177	1266
0.17	0.00602084	0.00602084	0.00602084	0.00602084	1286
0.171	0.00635659	0.00635659	0.00635659	0.00635659	1327
0.172	0.00625394	0.00625394	0.00625394	0.00625394	1383
0.173	0.00551743	0.00551743	0.00551743	0.00551743	1337
0.174	0.00550245	0.00550245	0.00550245	0.00550245	1349
0.175	0.00639266	0.00639266	0.00639266	0.00639266	1362
0.176	0.00565999	0.00565999	0.00565999	0.00565999	1347
0.177	0.00559405	0.00559405	0.00559405	0.00559405	1345
0.178	0.00540651	0.00540651	0.00540651	0.00540651	1352
0.179	0.00588766	0.00588766	0.00588766	0.00588766	1353
0.18	0.00549674	0.00549674	0.00549674	0.00549674	1348
0.181	0.00595253	0.00595253	0.00595253	0.00595253	1365
0.182	0.00591977	0.00591977	0.00591977	0.00591977	1386
0.183	0.0067	0.0067	0.0067	0.0067	1304
0.184	0.00550167	0.00550167	0.00550167	0.00550167	1261
0.185	0.00581534	0.00581534	0.00581534	0.00581534	1304
0.186	0.0049023	0.0049023	0.0049023	0.0049023	1263
0.187	0.00513323	0.00513323	0.00513323	0.00513323	1336
0.188	0.00596968	0.00596968	0.00596968	0.00596968	1293
0.189	0.0052528	0.0052528	0.0052528	0.0052528	1303
0.19	0.00509472	0.00509472	0.00509472	0.00509472	1269
0.191	0.00481658	0.00481658	0.00481658	0.00481658	1303
0.192	0.00606552	0.00606552	0.00606552	0.00606552	1276
0.193	0.00513269	0.00513269	0.00513269	0.00513269	1242
0.194	0.00667137	0.00667137	0.00667137	0.00667137	1331
0.195	0.00599134	0.00599134	0.00599134	0.00599134	1294
0.196	0.00566474	0.00566474	0.00566474	0.00566474	1347
0.197	0.00480121	0.00480121	0.00480121	0.00480121	1317
0.198	0.00455158	0.00455158	0.00455158	0.00455158	1264
0.199	0.00380188	0.00380188	0.00380188	0.00380188	1280
0.2	0.00548951	0.00548951	0.00548951	0.00548951	1220
0.201	0.00543192	0.00543192	0.00543192	0.00543192	1366
0.202	0.00443302	0.00443302	0.00443302	0.00443302	1296
0.203	0.00447478	0.00447478	0.00447478	0.00447478	1273
0.204	0.00484368	0.00484368	0.00484368	0.00484368	1346
0.205	0.00385446	0.00385446	0.00385446	0.00385446	1355
0.206	0.00375467	0.00375467	0.00375467	0.00375467	1350
0.207	0.00417414	0.00417414	0.00417414	0.00417414	1330
0.208	0.00407383	0.00407383	0.00407383	0.00407383	1322
0.209	0.00376531	0.00376531	0.00376531	0.00376531	1355
0.21	0.00371627	0.00371627	0.00371627	0.00371627	1414
0.211	0.00347218	0.00347218	0.00347218	0.00347218	1305
0.212	0.0040975	0.0040975	0.0040975	0.0040975	1362
0.213	0.00397058	0.00397058	0.00397058	0.00397058	1346
0.214	0.00288	0.00288	0.00288	0.00288	1430
0.215	0.00431625	0.00431625	0.00431625	0.00431625	1428
0.216	0.00377035	0.00377035	0.00377035	0.00377035	1376
0.217	0.00410053	0.00410053	0.00410053	0.00410053	1333
0.218	0.00485418	0.00485418	0.00485418	0.00485418	1292
0.219	0.00438681	0.00438681	0.00438681	0.00438681	1274
0.22	0.00517642	0.00517642	0.00517642	0.00517642	1340
0.221	0.00483997	0.00483997	0.00483997	0.00483997	1291
0.222	0.00530097	0.00530097	0.00530097	0.00530097	1339
0.223	0.00371776	0.00371776	0.00371776	0.00371776	1284
0.224	0.00356262	0.00356262	0.00356262	0.00356262	1252
0.225	0.00403231	0.00403231	0.00403231	0.00403231	1275
0.226	0.0039949	0.0039949	0.0039949	0.0039949	1255
0.227	0.00399841	0.00399841	0.00399841	0.00399841	1256
0.228	0.00458253	0.00458253	0.00458253	0.00458253	1328
0.229	0.00406237	0.00406237	0.00406237	0.00406237	1302
0.23	0.0044588	0.0044588	0.0044588	0.0044588	1313
0.231	0.00383882	0.00383882	0.00383882	0.00383882	1355
0.232	0.00442212	0.00442212	0.00442212	0.00442212	1302
0.233	0.00390752	0.00390752	0.00390752	0.00390752	1397
0.234	0.00370973	0.00370973	0.00370973	0.00370973	1356
0.235	0.0033827	0.0033827	0.0033827	0.0033827	1272
0.236	0.00338526	0.00338526	0.00338526	0.00338526	1330
0.237	0.00337031	0.00337031	0.00337031	0.00337031	1280
0.238	0.00342067	0.00342067	0.00342067	0.00342067	1374
0.239	0.00327867	0.00327867	0.00327867	0.00327867	1383
0.24	0.00270196	0.00270196	0.00270196	0.00270196	1277
0.241	0.00339432	0.00339432	0.00339432	0.00339432	1303
0.242	0.00259854	0.00259854	0.00259854	0.00259854	1237
0.243	0.00354544	0.00354544	0.00354544	0.00354544	1349
0.244	0.00324098	0.00324098	0.00324098	0.00324098	1269
0.245	0.0026199	0.0026199	0.0026199	0.0026199	1206
0.246	0.00320377	0.00320377	0.00320377	0.00320377	1272
0.247	0.00265113	0.00265113	0.00265113	0.00265113	1236
0.248	0.00226197	0.00226197	0.00226197	0.00226197	1249
0.249	0.00287276	0.00287276	0.00287276	0.00287276	1292
0.25	0.00176579	0.00176579	0.00176579	0.00176579	1257
0.251	0.00199908	0.00199908	0.00199908	0.00199908	1311
0.252	0.00230352	0.00230352	0.00230352	0.00230352	1306
0.253	0.00233647	0.00233647	0.00233647	0.00233647	1253
0.254	0.00296137	0.00296137	0.00296137	0.00296137	1284
0.255	0.00306352	0.00306352	0.00306352	0.00306352	1228
0.256	0.00232182	0.00232182	0.00232182	0.00232182	1361
0.257	0.00266594	0.00266594	0.00266594	0.00266594	1292
0.258	0.00269922	0.00269922	0.00269922	0.00269922	1274
0.259	0.00208104	0.00208104	0.00208104	0.00208104	1308
0.26	0.00284798	0.00284798	0.00284798	0.00284798	1334
0.261	0.00270023	0.00270023	0.00270023	0.00270023	1299
0.262	0.00181411	0.00181411	0.00181411	0.00181411	1332
0.263	0.00297038	0.00297038	0.00297038	0.00297038	1357
0.264	0.0029721	0.0029721	0.0029721	0.0029721	1369
0.265	0.00239275	0.00239275	0.00239275	0.00239275	1269
0.266	0.00194357	0.00194357	0.00194357	0.00194357	1198
0.267	0.00297372	0.00297372	0.00297372	0.00297372	1294
0.268	0.00339737	0.00339737	0.00339737	0.00339737	1295
0.269	0.00170665	0.00170665	0.00170665	0.00170665	1279
0.27	0.00192334	0.00192334	0.00192334	0.00192334	1294
0.271	0.00220062	0.00220062	0.00220062	0.00220062	1286
0.272	0.00285818	0.00285818	0.00285818	0.00285818	1327
0.273	0.00215604	0.00215604	0.00215604	0.00215604	1251
0.274	0.0017053	0.0017053	0.0017053	0.0017053	1322
0.275	0.00138906	0.00138906	0.00138906	0.00138906	1316
0.276	0.00189984	0.00189984	0.00189984	0.00189984	1282
0.277	0.00253632	0.00253632	0.00253632	0.00253632	1338
0.278	0.00204375	0.00204375	0.00204375	0.00204375	1280
0.279	0.00267712	0.00267712	0.00267712	0.00267712	1263
0.28	0.00175927	0.00175927	0.00175927	0.00175927	1321
0.281	0.00293057	0.00293057	0.00293057	0.00293057	1305
0.282	0.00309388	0.00309388	0.00309388	0.00309388	1323
0.283	0.00261343	0.00261343	0.00261343	0.00261343	1370
0.284	0.00260645	0.00260645	0.00260645	0.00260645	1333
0.285	0.00258654	0.00258654	0.00258654	0.00258654	1278
0.286	0.00228747	0.00228747	0.00228747	0.00228747	1237
0.287	0.00197455	0.00197455	0.00197455	0.00197455	1226
0.288	0.00184073	0.00184073	0.00184073	0.00184073	1208
0.289	0.00219613	0.00219613	0.00219613	0.00219613	1240
0.29	0.00180422	0.00180422	0.00180422	0.00180422	1281
0.291	0.00195465	0.00195465	0.00195465	0.00195465	1332
0.292	0.0019126	0.0019126	0.0019126	0.0019126	1254
0.293	0.00136713	0.00136713	0.00136713	0.00136713	1211
0.294	0.00157527	0.00157527	0.00157527	0.00157527	1278
0.295	0.00085216	0.00085216	0.00085216	0.00085216	1273
0.296	0.00173981	0.00173981	0.00173981	0.00173981	1236
0.297	0.00210143	0.00210143	0.00210143	0.00210143	1325
0.298	0.00120404	0.00120404	0.00120404	0.00120404	1288
0.299	0.00199387	0.00199387	0.00199387	0.00199387	1240
0.3	0.00149477	0.00149477	0.00149477	0.00149477	1281
0.301	0.00148039	0.00148039	0.00148039	0.00148039	1244
0.302	0.00119259	0.00119259	0.00119259	0.00119259	1296
0.303	0.000866771	0.000866771	0.000866771	0.000866771	1276
0.304	0.00160224	0.00160224	0.00160224	0.00160224	1252
0.305	0.000773854	0.000773854	0.000773854	0.000773854	1331
0.306	0.00105671	0.00105671	0.00105671	0.00105671	1326
0.307	0.00146056	0.00146056	0.00146056	0.00146056	1311
0.308	0.000626861	0.000626861	0.000626861	0.000626861	1303
0.309	0.000136031	0.000136031	0.000136031	0.000136031	1285
0.31	0.000527456	0.000527456	0.000527456	0.000527456	1293
0.311	0.00131704	0.00131704	0.00131704	0.00131704	1244
0.312	0.00149513	0.00149513	0.00149513	0.00149513	1293
0.313	0.00186268	0.00186268	0.00186268	0.00186268	1305
0.314	0.000943937	0.000943937	0.000943937	0.000943937	1270
0.315	0.00162642	0.00162642	0.00162642	0.00162642	1272
0.316	0.0021264	0.0021264	0.0021264	0.0021264	1193
0.317	0.00161152	0.00161152	0.00161152	0.00161152	1319
0.318	0.00139666	0.00139666	0.00139666	0.00139666	1259
0.319	0.00123328	0.00123328	0.00123328	0.00123328	1214
0.32	0.00197935	0.00197935	0.00197935	0.00197935	1317
0.321	0.00210427	0.00210427	0.00210427	0.00210427	1266
0.322	0.00194987	0.00194987	0.00194987	0.00194987	1189
0.323	0.00145534	0.00145534	0.00145534	0.00145534	1330
0.324	0.00165149	0.00165149	0.00165149	0.00165149	1274
0.325	0.00236943	0.00236943	0.00236943	0.00236943	1230
0.326	0.00147018	0.00147018	0.00147018	0.00147018	1251
0.327	0.000572592	0.000572592	0.000572592	0.000572592	1277
0.328	0.00181634	0.00181634	0.00181634	0.00181634	1261
0.329	0.00146192	0.00146192	0.00146192	0.00146192	1237
0.33	0.0023597	0.0023597	0.0023597	0.0023597	1330
0.331	0.0017241	0.0017241	0.0017241	0.0017241	1228
0.332	0.00180213	0.00180213	0.00180213	0.00180213	1221
0.333	0.00158767	0.00158767	0.00158767	0.00158767	1233
0.334	0.00157828	0.00157828	0.00157828	0.00157828	1271
0.335	0.00136887	0.00136887	0.00136887	0.00136887	1272
0.336	0.00154242	0.00154242	0.00154242	0.00154242	1188
0.337	0.00153376	0.00153376	0.00153376	0.00153376	1244
0.338	0.00123986	0.00123986	0.00123986	0.00123986	1164
0.339	0.00193188	0.00193188	0.00193188	0.00193188	1239
0.34	0.0013561	0.0013561	0.0013561	0.0013561	1230
0.341	0.00214874	0.00214874	0.00214874	0.00214874	1229
0.342	0.00124528	0.00124528	0.00124528	0.00124528	1219
0.343	0.00189775	0.00189775	0.00189775	0.00189775	1154
0.344	0.00271192	0.00271192	0.00271192	0.00271192	1258
0.345	0.00196716	0.00196716	0.00196716	0.00196716	1206
0.346	0.00157353	0.00157353	0.00157353	0.00157353	1224
0.347	0.00284517	0.00284517	0.00284517	0.00284517	1231
0.348	0.00202358	0.00202358	0.00202358	0.00202358	1306
0.349	0.0019984	0.0019984	0.0019984	0.0019984	1247
0.35	0.00148764	0.00148764	0.00148764	0.00148764	1335
0.351	0.00105585	0.00105585	0.00105585	0.00105585	1307
0.352	0.0020025	0.0020025	0.0020025	0.0020025	1281
0.353	0.00159935	0.00159935	0.00159935	0.00159935	1240
0.354	0.00156479	0.00156479	0.00156479	0.00156479	1227
0.355	0.00190613	0.00190613	0.00190613	0.00190613	1240
0.356	0.00174843	0.00174843	0.00174843	0.00174843	1245
0.357	0.00124469	0.00124469	0.00124469	0.00124469	1253
0.358	0.00120897	0.00120897	0.00120897	0.00120897	1248
0.359	0.00082982	0.00082982	0.00082982	0.00082982	1167
0.36	0.0012748	0.0012748	0.0012748	0.0012748	1246
0.361	0.00148133	0.00148133	0.00148133	0.00148133	1200
0.362	0.00128237	0.00128237	0.00128237	0.00128237	1248
0.363	0.000866126	0.000866126	0.000866126	0.000866126	1234
0.364	0.00154622	0.00154622	0.00154622	0.00154622	1190
0.365	0.00145063	0.00145063	0.00145063	0.00145063	1189
0.366	0.00131945	0.00131945	0.00131945	0.00131945	1229
0.367	0.000643408	0.000643408	0.000643408	0.000643408	1244
0.368	0.00143763	0.00143763	0.00143763	0.00143763	1249
0.369	0.00227472	0.00227472	0.00227472	0.00227472	1242
0.37	0.00214605	0.00214605	0.00214605	0.00214605	1164
0.371	0.00183755	0.00183755	0.00183755	0.00183755	1273
0.372	0.00114933	0.00114933	0.00114933	0.00114933	1271
0.373	0.00162374	0.00162374	0.00162374	0.00162374	1213
0.374	0.00161059	0.00161059	0.00161059	0.00161059	1247
0.375	0.00131882	0.00131882	0.00131882	0.00131882	1286
0.376	0.00108932	0.00108932	0.00108932	0.00108932	1189
0.377	0.000967068	0.000967068	0.000967068	0.000967068	1245
0.378	0.000817219	0.000817219	0.000817219	0.000817219	1208
0.379	0.00063406	0.00063406	0.00063406	0.00063406	1239
0.38	0.00102772	0.00102772	0.00102772	0.00102772	1342
0.381	0.000279553	0.000279553	0.000279553	0.000279553	1252
0.382	0.00223726	0.00223726	0.00223726	0.00223726	1256
0.383	0.00164852	0.00164852	0.00164852	0.00164852	1253
0.384	0.00133272	0.00133272	0.00133272	0.00133272	1299
0.385	0.00120321	0.00120321	0.00120321	0.00120321	1245
0.386	0.00136218	0.00136218	0.00136218	0.00136218	1248
0.387	0.00160095	0.00160095	0.00160095	0.00160095	1266
0.388	0.00120132	0.00120132	0.00120132	0.00120132	1211
0.389	0.00128176	0.00128176	0.00128176	0.00128176	1321
0.39	0.00170245	0.00170245	0.00170245	0.00170245	1222
0.391	0.00141193	0.00141193	0.00141193	0.00141193	1257
0.392	0.00171027	0.00171027	0.00171027	0.00171027	1266
0.393	0.00118597	0.00118597	0.00118597	0.00118597	1169
0.394	0.000923654	0.000923654	0.000923654	0.000923654	1226
0.395	0.000974728	0.000974728	0.000974728	0.000974728	1195
0.396	0.00123309	0.00123309	0.00123309	0.00123309	1245
0.397	0.000832134	0.000832134	0.000832134	0.000832134	1195
0.398	0.00130988	0.00130988	0.00130988	0.00130988	1245
0.399	0.000162878	0.000162878	0.000162878	0.000162878	1223
0.4	0.000570634	0.000570634	0.000570634	0.000570634	1294
0.401	0.000877262	0.000877262	0.000877262	0.000877262	1315
0.402	0.000476561	0.000476561	0.000476561	0.000476561	1233
0.403	0.000252733	0.000252733	0.000252733	0.000252733	1244
0.404	-0.000138211	-0.000138211	-0.000138211	-0.000138211	1230
0.405	0.000389434	0.000389434	0.000389434	0.000389434	1325
0.406	0.000126417	0.000126417	0.000126417	0.000126417	1253
0.407	-4.29379e-05	-4.29379e-05	-4.29379e-05	-4.29379e-05	1239
0.408	-0.000459692	-0.000459692	-0.000459692	-0.000459692	1233
0.409	0.000609206	0.000609206	0.000609206	0.000609206	1260
0.41	0.000156003	0.000156003	0.000156003	0.000156003	1241
0.411	9.08939e-05	9.08939e-05	9.08939e-05	9.08939e-05	1197
0.412	6.28128e-05	6.28128e-05	6.28128e-05	6.28128e-05	1159
0.413	0.000392793	0.000392793	0.000392793	0.000392793	1221
0.414	-0.000359669	-0.000359669	-0.000359669	-0.000359669	1210
0.415	-0.00033752	-0.00033752	-0.00033752	-0.00033752	1242
0.416	-0.000394702	-0.000394702	-0.000394702	-0.000394702	1208
0.417	0.000730951	0.000730951	0.000730951	0.000730951	1315
0.418	-9.24092e-06	-9.24092e-06	-9.24092e-06	-9.24092e-06	1212
0.419	7.03333e-05	7.03333e-05	7.03333e-05	7.03333e-05	1200
0.42	-0.000297644	-0.000297644	-0.000297644	-0.000297644	1231
0.421	-0.00034475	-0.00034475	-0.00034475	-0.00034475	1238
0.422	-0.000747887	-0.000747887	-0.000747887	-0.000747887	1136
0.423	-7.28171e-05	-7.28171e-05	-7.28171e-05	-7.28171e-05	1214
0.424	0.000476582	0.000476582	0.000476582	0.000476582	1264
0.425	-9.07015e-05	-9.07015e-05	-9.07015e-05	-9.07015e-05	1226
0.426	-3.86382e-05	-3.86382e-05	-3.86382e-05	-3.86382e-05	1263
0.427	-0.000216388	-0.000216388	-0.000216388	-0.000216388	1257
0.428	-0.000623712	-0.000623712	-0.000623712	-0.000623712	1223
0.429	-0.000245351	-0.000245351	-0.000245351	-0.000245351	1226
0.43	-5.64972e-05	-5.64972e-05	-5.64972e-05	-5.64972e-05	1239
0.431	0.000114286	0.000114286	0.000114286	0.000114286	1232
0.432	-0.000115885	-0.000115885	-0.000115885	-0.000115885	1215
0.433	0.00019917	0.00019917	0.00019917	0.00019917	1205
0.434	-8.69707e-05	-8.69707e-05	-8.69707e-05	-8.69707e-05	1228
0.435	9.00489e-05	9.00489e-05	9.00489e-05	9.00489e-05	1226
0.436	6.70539e-05	6.70539e-05	6.70539e-05	6.70539e-05	1205
0.437	0.00053058	0.00053058	0.00053058	0.00053058	1259
0.438	8.13344e-05	8.13344e-05	8.13344e-05	8.13344e-05	1259
0.439	0.000697682	0.000697682	0.000697682	0.000697682	1251
0.44	0.000731879	0.000731879	0.000731879	0.000731879	1192
0.441	0.000965164	0.000965164	0.000965164	0.000965164	1131
0.442	0.000165306	0.000165306	0.000165306	0.000165306	1176
0.443	0.000145486	0.000145486	0.000145486	0.000145486	1174
0.444	0.000165787	0.000165787	0.000165787	0.000165787	1175
0.445	0.000549835	0.000549835	0.000549835	0.000549835	1212
0.446	0.000820965	0.000820965	0.000820965	0.000820965	1202
0.447	0.00100539	0.00100539	0.00100539	0.00100539	1188
0.448	0.000411173	0.000411173	0.000411173	0.000411173	1253
0.449	1.4262e-05	1.4262e-05	1.4262e-05	1.4262e-05	1206
0.45	6.7423e-05	6.7423e-05	6.7423e-05	6.7423e-05	1234
0.451	0.000326266	0.000326266	0.000326266	0.000326266	1264
0.452	0.000356204	0.000356204	0.000356204	0.000356204	1233
0.453	0.00020048	0.00020048	0.00020048	0.00020048	1249
0.454	-0.000115457	-0.000115457	-0.000115457	-0.000115457	1268
0.455	-0.000280158	-0.000280158	-0.000280158	-0.000280158	1265
0.456	-0.000650043	-0.000650043	-0.000650043	-0.000650043	1155
0.457	0.000686929	0.000686929	0.000686929	0.000686929	1270
0.458	0.000499361	0.000499361	0.000499361	0.000499361	1252
0.459	0.000363748	0.000363748	0.000363748	0.000363748	1302
0.46	0.000419628	0.000419628	0.000419628	0.000419628	1182
0.461	-0.000190902	-0.000190902	-0.000190902	-0.000190902	1253
0.462	-0.000977961	-0.000977961	-0.000977961	-0.000977961	1216
0.463	0.000407924	0.000407924	0.000407924	0.000407924	1161
0.464	4.67487e-05	4.67487e-05	4.67487e-05	4.67487e-05	1138
0.465	0.000919237	0.000919237	0.000919237	0.000919237	1154
0.466	0.000945298	0.000945298	0.000945298	0.000945298	1159
0.467	0.000475779	0.000475779	0.000475779	0.000475779	1156
0.468	-0.000268632	-0.000268632	-0.000268632	-0.000268632	1221
0.469	-0.000291961	-0.000291961	-0.000291961	-0.000291961	1244
0.47	-0.000454857	-0.000454857	-0.000454857	-0.000454857	1225
0.471	0.000151017	0.000151017	0.000151017	0.000151017	1229
0.472	-0.000764169	-0.000764169	-0.000764169	-0.000764169	1228
0.473	-0.000353122	-0.000353122	-0.000353122	-0.000353122	1169
0.474	-0.000109444	-0.000109444	-0.000109444	-0.000109444	1133
0.475	-0.00097133	-0.00097133	-0.00097133	-0.00097133	1158
0.476	-0.000645455	-0.000645455	-0.000645455	-0.000645455	1144
0.477	-0.000724478	-0.000724478	-0.000724478	-0.000724478	1197
0.478	-0.000269828	-0.000269828	-0.000269828	-0.000269828	1223
0.479	5.09554e-05	5.09554e-05	5.09554e-05	5.09554e-05	1256
0.48	-0.000227157	-0.000227157	-0.000227157	-0.000227157	1252
0.481	-0.00136299	-0.00136299	-0.00136299	-0.00136299	1232
0.482	-0.000692398	-0.000692398	-0.000692398	-0.000692398	1197
0.483	-0.000676699	-0.000676699	-0.000676699	-0.000676699	1236
0.484	-0.000410356	-0.000410356	-0.000410356	-0.000410356	1236
0.485	-0.000749707	-0.000749707	-0.000749707	-0.000749707	1193
0.486	-0.000747267	-0.000747267	-0.000747267	-0.000747267	1244
0.487	-0.000839531	-0.000839531	-0.000839531	-0.000839531	1194
0.488	-0.00122696	-0.00122696	-0.00122696	-0.00122696	1202
0.489	-0.000999837	-0.000999837	-0.000999837	-0.000999837	1225
0.49	-0.000561545	-0.000561545	-0.000561545	-0.000561545	1243
0.491	-0.000507815	-0.000507815	-0.000507815	-0.000507815	1254
0.492	-0.000557705	-0.000557705	-0.000557705	-0.000557705	1220
0.493	9.83165e-05	9.83165e-05	9.83165e-05	9.83165e-05	1188
0.494	-0.000503869	-0.000503869	-0.000503869	-0.000503869	1163
0.495	-0.000264793	-0.000264793	-0.000264793	-0.000264793	1281
0.496	-1.13565e-05	-1.13565e-05	-1.13565e-05	-1.13565e-05	1268
0.497	-0.000156624	-0.000156624	-0.000156624	-0.000156624	1185
0.498	-0.000310138	-0.000310138	-0.000310138	-0.000310138	1233
0.499	-0.000739843	-0.000739843	-0.000739843	-0.000739843	1270
0.5	-0.000405388	-0.000405388	-0.000405388	-0.000405388	1262
0.501	-0.000447912	-0.000447912	-0.000447912	-0.000447912	1269
0.502	-0.000751408	-0.000751408	-0.000751408	-0.000751408	1243
0.503	-0.000775329	-0.000775329	-0.000775329	-0.000775329	1216
0.504	-0.000244871	-0.000244871	-0.000244871	-0.000244871	1199
0.505	-0.000647077	-0.000647077	-0.000647077	-0.000647077	1266
0.506	-0.000169167	-0.000169167	-0.000169167	-0.000169167	1213
0.507	-0.000411784	-0.000411784	-0.000411784	-0.000411784	1222
0.508	0.00032721	0.00032721	0.00032721	0.00032721	1154
0.509	-0.000293015	-0.000293015	-0.000293015	-0.000293015	1174
0.51	-0.000410702	-0.000410702	-0.000410702	-0.000410702	1196
0.511	0.000765285	0.000765285	0.000765285	0.000765285	1279
0.512	0.000257213	0.000257213	0.000257213	0.000257213	1227
0.513	0.000515976	0.000515976	0.000515976	0.000515976	1183
0.514	0.000364706	0.000364706	0.000364706	0.000364706	1156
0.515	-0.000375693	-0.000375693	-0.000375693	-0.000375693	1119
0.516	0.00076595	0.00076595	0.00076595	0.00076595	1210
0.517	-5.35683e-05	-5.35683e-05	-5.35683e-05	-5.35683e-05	1135
0.518	0.00045158	0.00045158	0.00045158	0.00045158	1171
0.519	0.000483997	0.000483997	0.000483997	0.000483997	1181
0.52	0.00129811	0.00129811	0.00129811	0.00129811	1215
0.521	0.000520938	0.000520938	0.000520938	0.000520938	1237
0.522	-7.83402e-05	-7.83402e-05	-7.83402e-05	-7.83402e-05	1205
0.523	0.000245119	0.000245119	0.000245119	0.000245119	1219
0.524	-0.000405289	-0.000405289	-0.000405289	-0.000405289	1210
0.525	0.000711644	0.000711644	0.000711644	0.000711644	1168
0.526	1e-05	1e-05	1e-05	1e-05	1200
0.527	-0.000240988	-0.000240988	-0.000240988	-0.000240988	1215
0.528	-2.61866e-06	-2.61866e-06	-2.61866e-06	-2.61866e-06	1222
0.529	0.0010342	0.0010342	0.0010342	0.0010342	1158
0.53	-6.96734e-05	-6.96734e-05	-6.96734e-05	-6.96734e-05	1286
0.531	0.000805401	0.000805401	0.000805401	0.000805401	1185
0.532	0.000363154	0.000363154	0.000363154	0.000363154	1281
0.533	-0.000212174	-0.000212174	-0.000212174	-0.000212174	1150
0.534	0.000138658	0.000138658	0.000138658	0.000138658	1177
0.535	0.000909836	0.000909836	0.000909836	0.000909836	1220
0.536	0.000357689	0.000357689	0.000357689	0.000357689	1229
0.537	-0.000179725	-0.000179725	-0.000179725	-0.000179725	1164
0.538	-3.01392e-05	-3.01392e-05	-3.01392e-05	-3.01392e-05	1221
0.539	0.000669689	0.000669689	0.000669689	0.000669689	1191
0.54	-0.000115615	-0.000115615	-0.000115615	-0.000115615	1204
0.541	0.000307718	0.000307718	0.000307718	0.000307718	1205
0.542	-9.06667e-05	-9.06667e-05	-9.06667e-05	-9.06667e-05	1200
0.543	0.000124384	0.000124384	0.000124384	0.000124384	1177
0.544	0.000608682	0.000608682	0.000608682	0.000608682	1267
0.545	0.000245387	0.000245387	0.000245387	0.000245387	1203
0.546	0.00060286	0.00060286	0.00060286	0.00060286	1189
0.547	-0.000246607	-0.000246607	-0.000246607	-0.000246607	1223
0.548	0.000359636	0.000359636	0.000359636	0.000359636	1209
0.549	0.000817391	0.000817391	0.000817391	0.000817391	1242
0.55	0.000356939	0.000356939	0.000356939	0.000356939	1189
0.551	0.000302556	0.000302556	0.000302556	0.000302556	1252
0.552	-6.73931e-05	-6.73931e-05	-6.73931e-05	-6.73931e-05	1193
0.553	-0.000284579	-0.000284579	-0.000284579	-0.000284579	1258
0.554	-5.80542e-05	-5.80542e-05	-5.80542e-05	-5.80542e-05	1254
0.555	0.000179772	0.000179772	0.000179772	0.000179772	1226
0.556	0.000610217	0.000610217	0.000610217	0.000610217	1292
0.557	-0.00010934	-0.00010934	-0.00010934	-0.00010934	1167
0.558	-0.000451878	-0.000451878	-0.000451878	-0.000451878	1118
0.559	-0.000163594	-0.000163594	-0.000163594	-0.000163594	1291
0.56	3.19098e-05	3.19098e-05	3.19098e-05	3.19098e-05	1241
0.561	-0.000725541	-0.000725541	-0.000725541	-0.000725541	1155
0.562	-0.000490271	-0.000490271	-0.000490271	-0.000490271	1254
0.563	-0.000524863	-0.000524863	-0.000524863	-0.000524863	1275
0.564	-0.000507137	-0.000507137	-0.000507137	-0.000507137	1247
0.565	2.4918e-05	2.4918e-05	2.4918e-05	2.4918e-05	1220
0.566	7.57895e-05	7.57895e-05	7.57895e-05	7.57895e-05	1235
0.567	-0.000140016	-0.000140016	-0.000140016	-0.000140016	1257
0.568	-0.000229465	-0.000229465	-0.000229465	-0.000229465	1215
0.569	0.000493913	0.000493913	0.000493913	0.000493913	1265
0.57	-0.000471495	-0.000471495	-0.000471495	-0.000471495	1298
0.571	0.000259618	0.000259618	0.000259618	0.000259618	1362
0.572	4.36948e-05	4.36948e-05	4.36948e-05	4.36948e-05	1245
0.573	0.000328115	0.000328115	0.000328115	0.000328115	1252
0.574	0.000428169	0.000428169	0.000428169	0.000428169	1278
0.575	-0.000114516	-0.000114516	-0.000114516	-0.000114516	1240
0.576	0.000226298	0.000226298	0.000226298	0.000226298	1156
0.577	-0.000281405	-0.000281405	-0.000281405	-0.000281405	1167
0.578	0.000131287	0.000131287	0.000131287	0.000131287	1173
0.579	-5.3e-05	-5.3e-05	-5.3e-05	-5.3e-05	1200
0.58	-0.000157536	-0.000157536	-0.000157536	-0.000157536	1234
0.581	0.000263867	0.000263867	0.000263867	0.000263867	1143
0.582	-9.39597e-05	-9.39597e-05	-9.39597e-05	-9.39597e-05	1192
0.583	0.000288065	0.000288065	0.000288065	0.000288065	1240
0.584	0.000711333	0.000711333	0.000711333	0.000711333	1200
0.585	0.000345246	0.000345246	0.000345246	0.000345246	1220
0.586	-7.31369e-05	-7.31369e-05	-7.31369e-05	-7.31369e-05	1154
0.587	0.000271405	0.000271405	0.000271405	0.000271405	1210
0.588	0.000394458	0.000394458	0.000394458	0.000394458	1227
0.589	-8.32896e-05	-8.32896e-05	-8.32896e-05	-8.32896e-05	1143
0.59	0.000356044	0.000356044	0.000356044	0.000356044	1183
0.591	-6.00649e-05	-6.00649e-05	-6.00649e-05	-6.00649e-05	1232
0.592	0.00017917	0.00017917	0.00017917	0.00017917	1181
0.593	-5.67139e-05	-5.67139e-05	-5.67139e-05	-5.67139e-05	1199
0.594	0.000746363	0.000746363	0.000746363	0.000746363	1141
0.595	-6.10345e-05	-6.10345e-05	-6.10345e-05	-6.10345e-05	1160
0.596	-0.000230431	-0.000230431	-0.000230431	-0.000230431	1229
0.597	-2.20758e-05	-2.20758e-05	-2.20758e-05	-2.20758e-05	1214
0.598	0.00103968	0.00103968	0.00103968	0.00103968	1235
0.599	-0.000527903	-0.000527903	-0.000527903	-0.000527903	1154
0.6	4.75478e-05	4.75478e-05	4.75478e-05	4.75478e-05	1203
0.601	0.000229843	0.000229843	0.000229843	0.000229843	1213
0.602	-2.35294e-05	-2.35294e-05	-2.35294e-05	-2.35294e-05	1241
0.603	0.000689756	0.000689756	0.000689756	0.000689756	1230
0.604	9.58541e-05	9.58541e-05	9.58541e-05	9.58541e-05	1206
0.605	-0.000227687	-0.000227687	-0.000227687	-0.000227687	1163
0.606	-0.000413137	-0.000413137	-0.000413137	-0.000413137	1157
0.607	0.000306061	0.000306061	0.000306061	0.000306061	1188
0.608	-0.000204746	-0.000204746	-0.000204746	-0.000204746	1180
0.609	-2.82764e-05	-2.82764e-05	-2.82764e-05	-2.82764e-05	1259
0.61	0.000327478	0.000327478	0.000327478	0.000327478	1241
0.611	0.000465607	0.000465607	0.000465607	0.000465607	1195
0.612	0.000754939	0.000754939	0.000754939	0.000754939	1154
0.613	0.00104517	0.00104517	0.00104517	0.00104517	1191
0.614	0.000289902	0.000289902	0.000289902	0.000289902	1228
0.615	0.000106957	0.000106957	0.000106957	0.000106957	1193
0.616	0.000302278	0.000302278	0.000302278	0.000302278	1273
0.617	9.33573e-06	9.33573e-06	9.33573e-06	9.33573e-06	1114
0.618	0.000174286	0.000174286	0.000174286	0.000174286	1120
0.619	2.97549e-05	2.97549e-05	2.97549e-05	2.97549e-05	1183
0.62	-0.000233816	-0.000233816	-0.000233816	-0.000233816	1242
0.621	-0.000497252	-0.000497252	-0.000497252	-0.000497252	1201
0.622	-0.000161681	-0.000161681	-0.000161681	-0.000161681	1190
0.623	-0.000479198	-0.000479198	-0.000479198	-0.000479198	1197
0.624	-0.000697218	-0.000697218	-0.000697218	-0.000697218	1222
0.625	-0.000531516	-0.000531516	-0.000531516	-0.000531516	1174
0.626	-0.000434286	-0.000434286	-0.000434286	-0.000434286	1260
0.627	-0.00054976	-0.00054976	-0.00054976	-0.00054976	1250
0.628	-0.000290941	-0.000290941	-0.000290941	-0.000290941	1148
0.629	-9.18033e-05	-9.18033e-05	-9.18033e-05	-9.18033e-05	1159
0.63	0.00115126	0.00115126	0.00115126	0.00115126	1190
0.631	0.00019214	0.00019214	0.00019214	0.00019214	1145
0.632	0.000342534	0.000342534	0.000342534	0.000342534	1239
0.633	0.00069631	0.00069631	0.00069631	0.00069631	1111
0.634	0.000597513	0.000597513	0.000597513	0.000597513	1126
0.635	0.000335959	0.000335959	0.000335959	0.000335959	1168
0.636	-0.000423308	-0.000423308	-0.000423308	-0.000423308	1167
0.637	-0.000151167	-0.000151167	-0.000151167	-0.000151167	1114
0.638	0.000214574	0.000214574	0.000214574	0.000214574	1139
0.639	0.000447481	0.000447481	0.000447481	0.000447481	1171
0.64	0.000819913	0.000819913	0.000819913	0.000819913	1145
0.641	0.000349329	0.000349329	0.000349329	0.000349329	1192
0.642	0.00156455	0.00156455	0.00156455	0.00156455	1230
0.643	0.000900493	0.000900493	0.000900493	0.000900493	1218
0.644	0.00123261	0.00123261	0.00123261	0.00123261	1153
0.645	0.000619563	0.000619563	0.000619563	0.000619563	1237
0.646	0.000320342	0.000320342	0.000320342	0.000320342	1170
0.647	0.000491962	0.000491962	0.000491962	0.000491962	1157
0.648	-0.000327142	-0.000327142	-0.000327142	-0.000327142	1109
0.649	0.000459235	0.000459235	0.000459235	0.000459235	1202
0.65	9.49324e-05	9.49324e-05	9.49324e-05	9.49324e-05	1184
0.651	0.000831085	0.000831085	0.000831085	0.000831085	1171
0.652	-0.00039312	-0.00039312	-0.00039312	-0.00039312	1221
0.653	-2.85251e-05	-2.85251e-05	-2.85251e-05	-2.85251e-05	1234
0.654	-5.21739e-06	-5.21739e-06	-5.21739e-06	-5.21739e-06	1150
0.655	-0.000278322	-0.000278322	-0.000278322	-0.000278322	1144
0.656	-0.000174334	-0.000174334	-0.000174334	-0.000174334	1239
0.657	-0.000224791	-0.000224791	-0.000224791	-0.000224791	1194
0.658	-9.92275e-05	-9.92275e-05	-9.92275e-05	-9.92275e-05	1165
0.659	3.71476e-05	3.71476e-05	3.71476e-05	3.71476e-05	1206
0.66	-0.00016503	-0.00016503	-0.00016503	-0.00016503	1161
0.661	0.000155768	0.000155768	0.000155768	0.000155768	1153
0.662	-6.85518e-05	-6.85518e-05	-6.85518e-05	-6.85518e-05	1167
0.663	0.000137627	0.000137627	0.000137627	0.000137627	1180
0.664	-0.000153978	-0.000153978	-0.000153978	-0.000153978	1169
0.665	-0.000571189	-0.000571189	-0.000571189	-0.000571189	1194
0.666	3.49376e-05	3.49376e-05	3.49376e-05	3.49376e-05	1122
0.667	-0.000967466	-0.000967466	-0.000967466	-0.000967466	1168
0.668	-0.000606864	-0.000606864	-0.000606864	-0.000606864	1253
0.669	-0.000171933	-0.000171933	-0.000171933	-0.000171933	1247
0.67	-6.48318e-05	-6.48318e-05	-6.48318e-05	-6.48318e-05	1308
0.671	-0.000219397	-0.000219397	-0.000219397	-0.000219397	1227
0.672	0.000712692	0.000712692	0.000712692	0.000712692	1237
0.673	0.000144068	0.000144068	0.000144068	0.000144068	1180
0.674	0.00017089	0.00017089	0.00017089	0.00017089	1168
0.675	-6.1913e-05	-6.1913e-05	-6.1913e-05	-6.1913e-05	1150
0.676	-0.000467734	-0.000467734	-0.000467734	-0.000467734	1187
0.677	0.000320557	0.000320557	0.000320557	0.000320557	1148
0.678	-0.000766894	-0.000766894	-0.000766894	-0.000766894	1172
0.679	-0.000306438	-0.000306438	-0.000306438	-0.000306438	1227
0.68	-0.000725849	-0.000725849	-0.000725849	-0.000725849	1149
0.681	0.00028531	0.00028531	0.00028531	0.00028531	1273
0.682	-0.000135742	-0.000135742	-0.000135742	-0.000135742	1273
0.683	0.000200792	0.000200792	0.000200792	0.000200792	1263
0.684	-0.000344509	-0.000344509	-0.000344509	-0.000344509	1211
0.685	0.00015668	0.00015668	0.00015668	0.00015668	1205
0.686	0.000269976	0.000269976	0.000269976	0.000269976	1249
0.687	-8.89968e-05	-8.89968e-05	-8.89968e-05	-8.89968e-05	1236
0.688	-0.000659323	-0.000659323	-0.000659323	-0.000659323	1271
0.689	-0.000202387	-0.000202387	-0.000202387	-0.000202387	1257
0.69	-0.000363369	-0.000363369	-0.000363369	-0.000363369	1223
0.691	0.000178628	0.000178628	0.000178628	0.000178628	1254
0.692	0.0002608	0.0002608	0.0002608	0.0002608	1250
0.693	0.000274497	0.000274497	0.000274497	0.000274497	1243
0.694	0.000230622	0.000230622	0.000230622	0.000230622	1254
0.695	0.000382258	0.000382258	0.000382258	0.000382258	1240
0.696	-0.000139217	-0.000139217	-0.000139217	-0.000139217	1201
0.697	0.000347812	0.000347812	0.000347812	0.000347812	1234
0.698	-0.000495072	-0.000495072	-0.000495072	-0.000495072	1258
0.699	-0.000592685	-0.000592685	-0.000592685	-0.000592685	1285
0.7	1.92154e-05	1.92154e-05	1.92154e-05	1.92154e-05	1249
0.701	-0.000976396	-0.000976396	-0.000976396	-0.000976396	1254
0.702	-0.000424122	-0.000424122	-0.000424122	-0.000424122	1310
0.703	-0.000645151	-0.000645151	-0.000645151	-0.000645151	1196
0.704	-0.000688403	-0.000688403	-0.000688403	-0.000688403	1190
0.705	-0.000507523	-0.000507523	-0.000507523	-0.000507523	1183
0.706	-0.000678681	-0.000678681	-0.000678681	-0.000678681	1243
0.707	-0.000522645	-0.000522645	-0.000522645	-0.000522645	1210
0.708	-0.000671011	-0.000671011	-0.000671011	-0.000671011	1197
0.709	-0.000911424	-0.000911424	-0.000911424	-0.000911424	1138
0.71	-0.000102625	-0.000102625	-0.000102625	-0.000102625	1181
0.711	-0.000590835	-0.000590835	-0.000590835	-0.000590835	1222
0.712	-0.000370863	-0.000370863	-0.000370863	-0.000370863	1112
0.713	-0.0001467	-0.0001467	-0.0001467	-0.0001467	1197
0.714	-0.000255907	-0.000255907	-0.000255907	-0.000255907	1202
0.715	8.54864e-05	8.54864e-05	8.54864e-05	8.54864e-05	1254
0.716	9.17976e-05	9.17976e-05	9.17976e-05	9.17976e-05	1146
0.717	-0.000128743	-0.000128743	-0.000128743	-0.000128743	1249
0.718	-0.000195759	-0.000195759	-0.000195759	-0.000195759	1226
0.719	0.000196995	0.000196995	0.000196995	0.000196995	1198
0.72	0.000772286	0.000772286	0.000772286	0.000772286	1299
0.721	0.000545712	0.000545712	0.000545712	0.000545712	1271
0.722	0.000543168	0.000543168	0.000543168	0.000543168	1193
0.723	0.000211011	0.000211011	0.000211011	0.000211011	1217
0.724	-0.000198153	-0.000198153	-0.000198153	-0.000198153	1191
0.725	-7.72947e-05	-7.72947e-05	-7.72947e-05	-7.72947e-05	1242
0.726	0.000406507	0.000406507	0.000406507	0.000406507	1291
0.727	1.42165e-05	1.42165e-05	1.42165e-05	1.42165e-05	1238
0.728	0.000203133	0.000203133	0.000203133	0.000203133	1213
0.729	-0.000632716	-0.000632716	-0.000632716	-0.000632716	1241
0.73	7.10059e-06	7.10059e-06	7.10059e-06	7.10059e-06	1183
0.731	0.000169937	0.000169937	0.000169937	0.000169937	1264
0.732	-8.68241e-05	-8.68241e-05	-8.68241e-05	-8.68241e-05	1313
0.733	-0.000133445	-0.000133445	-0.000133445	-0.000133445	1199
0.734	-0.00020827	-0.00020827	-0.00020827	-0.00020827	1185
0.735	-0.000134126	-0.000134126	-0.000134126	-0.000134126	1178
0.736	0.000182122	0.000182122	0.000182122	0.000182122	1197
0.737	-0.000770691	-0.000770691	-0.000770691	-0.000770691	1201
0.738	-8.84097e-05	-8.84097e-05	-8.84097e-05	-8.84097e-05	1113
0.739	-0.000705341	-0.000705341	-0.000705341	-0.000705341	1086
0.74	-0.000509887	-0.000509887	-0.000509887	-0.000509887	1234
0.741	-0.000493396	-0.000493396	-0.000493396	-0.000493396	1272
0.742	0.000119598	0.000119598	0.000119598	0.000119598	1194
0.743	0.000403745	0.000403745	0.000403745	0.000403745	1175
0.744	-0.00021745	-0.00021745	-0.00021745	-0.00021745	1192
0.745	1.12211e-05	1.12211e-05	1.12211e-05	1.12211e-05	1212
0.746	-0.000487192	-0.000487192	-0.000487192	-0.000487192	1257
0.747	0.00018671	0.00018671	0.00018671	0.00018671	1219
0.748	-0.000318846	-0.000318846	-0.000318846	-0.000318846	1178
0.749	-0.000366405	-0.000366405	-0.000366405	-0.000366405	1274
0.75	-0.000908942	-0.000908942	-0.000908942	-0.000908942	1219
0.751	-0.000272603	-0.000272603	-0.000272603	-0.000272603	1168
0.752	-0.000612195	-0.000612195	-0.000612195	-0.000612195	1148
0.753	-0.000688971	-0.000688971	-0.000688971	-0.000688971	1088
0.754	-0.000942207	-0.000942207	-0.000942207	-0.000942207	1142
0.755	-0.000377551	-0.000377551	-0.000377551	-0.000377551	1176
0.756	-0.000591724	-0.000591724	-0.000591724	-0.000591724	1160
0.757	-0.000511441	-0.000511441	-0.000511441	-0.000511441	1145
0.758	-0.000594369	-0.000594369	-0.000594369	-0.000594369	1101
0.759	-0.00144522	-0.00144522	-0.00144522	-0.00144522	1150
0.76	-0.000581565	-0.000581565	-0.000581565	-0.000581565	1150
0.761	-0.000960711	-0.000960711	-0.000960711	-0.000960711	1125
0.762	-0.000977816	-0.000977816	-0.000977816	-0.000977816	1163
0.763	-0.00122425	-0.00122425	-0.00122425	-0.00122425	1204
0.764	-0.000249739	-0.000249739	-0.000249739	-0.000249739	1150
0.765	-0.000508769	-0.000508769	-0.000508769	-0.000508769	1129
0.766	-0.000953375	-0.000953375	-0.000953375	-0.000953375	1111
0.767	-0.000904545	-0.000904545	-0.000904545	-0.000904545	1232
0.768	-0.000711443	-0.000711443	-0.000711443	-0.000711443	1206
0.769	-0.000993009	-0.000993009	-0.000993009	-0.000993009	1173
0.77	-0.000877825	-0.000877825	-0.000877825	-0.000877825	1177
0.771	-0.000507579	-0.000507579	-0.000507579	-0.000507579	1227
0.772	-0.000897736	-0.000897736	-0.000897736	-0.000897736	1281
0.773	-0.000551207	-0.000551207	-0.000551207	-0.000551207	1201
0.774	-2.86934e-05	-2.86934e-05	-2.86934e-05	-2.86934e-05	1171
0.775	-0.000782425	-0.000782425	-0.000782425	-0.000782425	1229
0.776	-2.18487e-05	-2.18487e-05	-2.18487e-05	-2.18487e-05	1190
0.777	8.45528e-05	8.45528e-05	8.45528e-05	8.45528e-05	1230
0.778	0.000125104	0.000125104	0.000125104	0.000125104	1199
0.779	-0.000887081	-0.000887081	-0.000887081	-0.000887081	1254
0.78	-0.000650374	-0.000650374	-0.000650374	-0.000650374	1203
0.781	-0.000575365	-0.000575365	-0.000575365	-0.000575365	1234
0.782	-0.000747387	-0.000747387	-0.000747387	-0.000747387	1148
0.783	-0.000843077	-0.000843077	-0.000843077	-0.000843077	1170
0.784	-0.000697403	-0.000697403	-0.000697403	-0.000697403	1232
0.785	-0.00081786	-0.00081786	-0.00081786	-0.00081786	1187
0.786	-0.0010566	-0.0010566	-0.0010566	-0.0010566	1258
0.787	-0.000545059	-0.000545059	-0.000545059	-0.000545059	1194
0.788	-0.000183607	-0.000183607	-0.000183607	-0.000183607	1159
0.789	-0.000238738	-0.000238738	-0.000238738	-0.000238738	1141
0.79	-0.00117241	-0.00117241	-0.00117241	-0.00117241	1189
0.791	-0.000545331	-0.000545331	-0.000545331	-0.000545331	1178
0.792	-0.000512903	-0.000512903	-0.000512903	-0.000512903	1240
0.793	-0.000846267	-0.000846267	-0.000846267	-0.000846267	1219
0.794	-0.000691216	-0.000691216	-0.000691216	-0.000691216	1184
0.795	-0.000722374	-0.000722374	-0.000722374	-0.000722374	1247
0.796	-0.000622716	-0.000622716	-0.000622716	-0.000622716	1171
0.797	-0.000898396	-0.000898396	-0.000898396	-0.000898396	1122
0.798	-0.0013781	-0.0013781	-0.0013781	-0.0013781	1242
0.799	-0.00105126	-0.00105126	-0.00105126	-0.00105126	1229
0.8	-0.000556522	-0.000556522	-0.000556522	-0.000556522	1242
0.801	-0.000556329	-0.000556329	-0.000556329	-0.000556329	1264
0.802	-0.00141242	-0.00141242	-0.00141242	-0.00141242	1256
0.803	-0.000750294	-0.000750294	-0.000750294	-0.000750294	1191
0.804	-0.00129941	-0.00129941	-0.00129941	-0.00129941	1187
0.805	-0.000252716	-0.000252716	-0.000252716	-0.000252716	1252
0.806	-0.000703704	-0.000703704	-0.000703704	-0.000703704	1296
0.807	-0.00139798	-0.00139798	-0.00139798	-0.00139798	1190
0.808	-0.00189869	-0.00189869	-0.00189869	-0.00189869	1141
0.809	-0.00118348	-0.00118348	-0.00118348	-0.00118348	1138
0.81	-0.000814861	-0.000814861	-0.000814861	-0.000814861	1292
0.811	-0.000267288	-0.000267288	-0.000267288	-0.000267288	1287
0.812	-0.000591182	-0.000591182	-0.000591182	-0.000591182	1134
0.813	-0.000432945	-0.000432945	-0.000432945	-0.000432945	1202
0.814	-0.000517512	-0.000517512	-0.000517512	-0.000517512	1222
0.815	-0.000634783	-0.000634783	-0.000634783	-0.000634783	1196
0.816	-0.000945973	-0.000945973	-0.000945973	-0.000945973	1192
0.817	-0.00147473	-0.00147473	-0.00147473	-0.00147473	1124
0.818	-0.00149239	-0.00149239	-0.00149239	-0.00149239	1104
0.819	-0.000476145	-0.000476145	-0.000476145	-0.000476145	1245
0.82	-0.000763132	-0.000763132	-0.000763132	-0.000763132	1226
0.821	-0.000716124	-0.000716124	-0.000716124	-0.000716124	1197
0.822	-0.0011715	-0.0011715	-0.0011715	-0.0011715	1221
0.823	-0.000957518	-0.000957518	-0.000957518	-0.000957518	1257
0.824	-0.00112173	-0.00112173	-0.00112173	-0.00112173	1201
0.825	-0.000794485	-0.000794485	-0.000794485	-0.000794485	1233
0.826	-0.00126773	-0.00126773	-0.00126773	-0.00126773	1258
0.827	-0.00153048	-0.00153048	-0.00153048	-0.00153048	1260
0.828	-0.000860747	-0.000860747	-0.000860747	-0.000860747	1205
0.829	-0.000986598	-0.000986598	-0.000986598	-0.000986598	1164
0.83	-0.00089901	-0.00089901	-0.00089901	-0.00089901	1212
0.831	-0.00121588	-0.00121588	-0.00121588	-0.00121588	1285
0.832	-0.000901303	-0.000901303	-0.000901303	-0.000901303	1228
0.833	-0.00132616	-0.00132616	-0.00132616	-0.00132616	1189
0.834	-0.00128938	-0.00128938	-0.00128938	-0.00128938	1186
0.835	-0.00115563	-0.00115563	-0.00115563	-0.00115563	1181
0.836	-0.00100864	-0.00100864	-0.00100864	-0.00100864	1227
0.837	-0.00190301	-0.00190301	-0.00190301	-0.00190301	1163
0.838	-0.00119468	-0.00119468	-0.00119468	-0.00119468	1203
0.839	-0.00115113	-0.00115113	-0.00115113	-0.00115113	1244
0.84	-0.000876849	-0.000876849	-0.000876849	-0.000876849	1244
0.841	-0.00064698	-0.00064698	-0.00064698	-0.00064698	1192
0.842	-0.000444556	-0.000444556	-0.000444556	-0.000444556	1194
0.843	0.000292667	0.000292667	0.000292667	0.000292667	1241
0.844	-0.000573502	-0.000573502	-0.000573502	-0.000573502	1268
0.845	-0.000230935	-0.000230935	-0.000230935	-0.000230935	1209
0.846	-0.000728138	-0.000728138	-0.000728138	-0.000728138	1219
0.847	-0.000391558	-0.000391558	-0.000391558	-0.000391558	1232
0.848	-0.000892226	-0.000892226	-0.000892226	-0.000892226	1132
0.849	-0.000961345	-0.000961345	-0.000961345	-0.000961345	1190
0.85	-0.00163383	-0.00163383	-0.00163383	-0.00163383	1218
0.851	-0.000580759	-0.000580759	-0.000580759	-0.000580759	1133
0.852	-0.000148561	-0.000148561	-0.000148561	-0.000148561	1147
0.853	-0.000921541	-0.000921541	-0.000921541	-0.000921541	1142
0.854	-0.000886303	-0.000886303	-0.000886303	-0.000886303	1117
0.855	-0.000537734	-0.000537734	-0.000537734	-0.000537734	1121
0.856	-0.000959853	-0.000959853	-0.000959853	-0.000959853	1086
0.857	-0.000804807	-0.000804807	-0.000804807	-0.000804807	1165
0.858	-0.000286268	-0.000286268	-0.000286268	-0.000286268	1136
0.859	-0.00119276	-0.00119276	-0.00119276	-0.00119276	1160
0.86	-0.000386348	-0.000386348	-0.000386348	-0.000386348	1172
0.861	-0.000493586	-0.000493586	-0.000493586	-0.000493586	1107
0.862	-0.00043299	-0.00043299	-0.00043299	-0.00043299	1164
0.863	-0.000752347	-0.000752347	-0.000752347	-0.000752347	1108
0.864	-0.0009887	-0.0009887	-0.0009887	-0.0009887	1115
0.865	0.000456584	0.000456584	0.000456584	0.000456584	1124
0.866	-0.000796859	-0.000796859	-0.000796859	-0.000796859	1146
0.867	0.000205735	0.000205735	0.000205735	0.000205735	1116
0.868	5.81255e-05	5.81255e-05	5.81255e-05	5.81255e-05	1163
0.869	0.00029082	0.00029082	0.00029082	0.00029082	1220
0.87	0.000716197	0.000716197	0.000716197	0.000716197	1241
0.871	0.000302295	0.000302295	0.000302295	0.000302295	1220
0.872	-7.45875e-05	-7.45875e-05	-7.45875e-05	-7.45875e-05	1212
0.873	0.000585989	0.000585989	0.000585989	0.000585989	1142
0.874	0.000311036	0.000311036	0.000311036	0.000311036	1187
0.875	6.06991e-05	6.06991e-05	6.06991e-05	6.06991e-05	1173
0.876	0.000802208	0.000802208	0.000802208	0.000802208	1268
0.877	9.20097e-05	9.20097e-05	9.20097e-05	9.20097e-05	1239
0.878	0.000136372	0.000136372	0.000136372	0.000136372	1141
0.879	0.000453859	0.000453859	0.000453859	0.000453859	1166
0.88	0.000150456	0.000150456	0.000150456	0.000150456	1207
0.881	0.000631196	0.000631196	0.000631196	0.000631196	1154
0.882	0.000240201	0.000240201	0.000240201	0.000240201	1194
0.883	0.000815673	0.000815673	0.000815673	0.000815673	1225
0.884	0.000169244	0.000169244	0.000169244	0.000169244	1151
0.885	0.000693808	0.000693808	0.000693808	0.000693808	1179
0.886	0.000227411	0.000227411	0.000227411	0.000227411	1182
0.887	0.000361855	0.000361855	0.000361855	0.000361855	1143
0.888	0.00056515	0.00056515	0.00056515	0.00056515	1165
0.889	-0.000451	-0.000451	-0.000451	-0.000451	1200
0.89	0.000244407	0.000244407	0.000244407	0.000244407	1198
0.891	-0.000126279	-0.000126279	-0.000126279	-0.000126279	1153
0.892	-0.00018691	-0.00018691	-0.00018691	-0.00018691	1207
0.893	0.000394949	0.000394949	0.000394949	0.000394949	1188
0.894	0.00027083	0.00027083	0.00027083	0.00027083	1217
0.895	0.000389046	0.000389046	0.000389046	0.000389046	1205
0.896	0.000387489	0.000387489	0.000387489	0.000387489	1087
0.897	-0.000562656	-0.000562656	-0.000562656	-0.000562656	1205
0.898	0.000296013	0.000296013	0.000296013	0.000296013	1204
0.899	0.000294566	0.000294566	0.000294566	0.000294566	1233
0.9	0.000415902	0.000415902	0.000415902	0.000415902	1308
0.901	0.00105806	0.00105806	0.00105806	0.00105806	1240
0.902	0.000468874	0.000468874	0.000468874	0.000468874	1208
0.903	0.000594212	0.000594212	0.000594212	0.000594212	1244
0.904	0.00099814	0.00099814	0.00099814	0.00099814	1183
0.905	0.000434843	0.000434843	0.000434843	0.000434843	1148
0.906	-0.000191933	-0.000191933	-0.000191933	-0.000191933	1190
0.907	0.00030559	0.00030559	0.00030559	0.00030559	1288
0.908	0.000804983	0.000804983	0.000804983	0.000804983	1204
0.909	-0.00010952	-0.00010952	-0.00010952	-0.00010952	1187
0.91	-0.00034202	-0.00034202	-0.00034202	-0.00034202	1228
0.911	0.000502408	0.000502408	0.000502408	0.000502408	1246
0.912	0.000139286	0.000139286	0.000139286	0.000139286	1232
0.913	0.000156122	0.000156122	0.000156122	0.000156122	1217
0.914	-0.000184127	-0.000184127	-0.000184127	-0.000184127	1260
0.915	-4.44805e-05	-4.44805e-05	-4.44805e-05	-4.44805e-05	1232
0.916	0.00109639	0.00109639	0.00109639	0.00109639	1220
0.917	0.00105334	0.00105334	0.00105334	0.00105334	1151
0.918	0.000516097	0.000516097	0.000516097	0.000516097	1199
0.919	0.000676871	0.000676871	0.000676871	0.000676871	1189
0.92	0.000137835	0.000137835	0.000137835	0.000137835	1155
0.921	-0.000195772	-0.000195772	-0.000195772	-0.000195772	1230
0.922	0.000186851	0.000186851	0.000186851	0.000186851	1156
0.923	-0.00039631	-0.00039631	-0.00039631	-0.00039631	1084
0.924	0.000347769	0.000347769	0.000347769	0.000347769	1210
0.925	0.00056412	0.00056412	0.00056412	0.00056412	1165
0.926	0.000270343	0.000270343	0.000270343	0.000270343	1197
0.927	-0.00034198	-0.00034198	-0.00034198	-0.00034198	1172
0.928	-0.000261988	-0.000261988	-0.000261988	-0.000261988	1197
0.929	0.000570583	0.000570583	0.000570583	0.000570583	1081
0.93	-0.000151916	-0.000151916	-0.000151916	-0.000151916	1148
0.931	0.000206714	0.000206714	0.000206714	0.000206714	1132
0.932	-0.000213898	-0.000213898	-0.000213898	-0.000213898	1180
0.933	0.000141277	0.000141277	0.000141277	0.000141277	1175
0.934	-2.64085e-05	-2.64085e-05	-2.64085e-05	-2.64085e-05	1136
0.935	0.000342078	0.000342078	0.000342078	0.000342078	1174
0.936	-0.000601748	-0.000601748	-0.000601748	-0.000601748	1144
0.937	-0.000820765	-0.000820765	-0.000820765	-0.000820765	1098
0.938	8.07971e-05	8.07971e-05	8.07971e-05	8.07971e-05	1104
0.939	0.000397371	0.000397371	0.000397371	0.000397371	1217
0.94	-0.000221843	-0.000221843	-0.000221843	-0.000221843	1172
0.941	0.00064387	0.00064387	0.00064387	0.00064387	1199
0.942	0.00102634	0.00102634	0.00102634	0.00102634	1177
0.943	0.000230118	0.000230118	0.000230118	0.000230118	1182
0.944	-0.000171525	-0.000171525	-0.000171525	-0.000171525	1180
0.945	0.000205913	0.000205913	0.000205913	0.000205913	1150
0.946	8.441e-05	8.441e-05	8.441e-05	8.441e-05	1161
0.947	0.000561102	0.000561102	0.000561102	0.000561102	1162
0.948	0.000145145	0.000145145	0.000145145	0.000145145	1174
0.949	-0.000161048	-0.000161048	-0.000161048	-0.000161048	1145
0.95	0.000371379	0.000371379	0.000371379	0.000371379	1160
0.951	0.000537597	0.000537597	0.000537597	0.000537597	1157
0.952	0.000590924	0.000590924	0.000590924	0.000590924	1234
0.953	0.000499831	0.000499831	0.000499831	0.000499831	1182
0.954	-0.000225431	-0.000225431	-0.000225431	-0.000225431	1219
0.955	-7.3093e-05	-7.3093e-05	-7.3093e-05	-7.3093e-05	1193
0.956	0.000503583	0.000503583	0.000503583	0.000503583	1228
0.957	-0.000434342	-0.000434342	-0.000434342	-0.000434342	1223
0.958	-0.000703293	-0.000703293	-0.000703293	-0.000703293	1154
0.959	0.000449192	0.000449192	0.000449192	0.000449192	1114
0.96	-0.000265296	-0.000265296	-0.000265296	-0.000265296	1167
0.961	-0.000123351	-0.000123351	-0.000123351	-0.000123351	1122
0.962	0.000287556	0.000287556	0.000287556	0.000287556	1117
0.963	0.000217296	0.000217296	0.000217296	0.000217296	1191
0.964	-0.000299747	-0.000299747	-0.000299747	-0.000299747	1185
0.965	-0.000462373	-0.000462373	-0.000462373	-0.000462373	1180
0.966	0.000541516	0.000541516	0.000541516	0.000541516	1108
0.967	0.000374443	0.000374443	0.000374443	0.000374443	1033
0.968	0.000901053	0.000901053	0.000901053	0.000901053	1140
0.969	-0.000307798	-0.000307798	-0.000307798	-0.000307798	1167
0.97	2.41796e-06	2.41796e-06	2.41796e-06	2.41796e-06	1158
0.971	0.000658304	0.000658304	0.000658304	0.000658304	1132
0.972	0.000193852	0.000193852	0.000193852	0.000193852	1106
0.973	0.000278053	0.000278053	0.000278053	0.000278053	1171
0.974	0.000613263	0.000613263	0.000613263	0.000613263	1131
0.975	0.000842196	0.000842196	0.000842196	0.000842196	1166
0.976	0.000749246	0.000749246	0.000749246	0.000749246	1127
0.977	0.000690236	0.000690236	0.000690236	0.000690236	1188
0.978	-0.000141017	-0.000141017	-0.000141017	-0.000141017	1180
0.979	0.000405783	0.000405783	0.000405783	0.000405783	1245
0.98	6.01329e-05	6.01329e-05	6.01329e-05	6.01329e-05	1204
0.981	0.00071261	0.00071261	0.00071261	0.00071261	1245
0.982	0.000452782	0.000452782	0.000452782	0.000452782	1258
0.983	0.000195283	0.000195283	0.000195283	0.000195283	1272
0.984	-0.000175678	-0.000175678	-0.000175678	-0.000175678	1143
0.985	-0.000377961	-0.000377961	-0.000377961	-0.000377961	1216
0.986	-0.000387139	-0.000387139	-0.000387139	-0.000387139	1213
0.987	-0.000552432	-0.000552432	-0.000552432	-0.000552432	1110
0.988	-0.000287946	-0.000287946	-0.000287946	-0.000287946	1178
0.989	-0.000888124	-0.000888124	-0.000888124	-0.000888124	1162
0.99	-0.000616993	-0.000616993	-0.000616993	-0.000616993	1224
0.991	-0.000607407	-0.000607407	-0.000607407	-0.000607407	1134
0.992	-0.000590305	-0.000590305	-0.000590305	-0.000590305	1114
0.993	-0.000449604	-0.000449604	-0.000449604	-0.000449604	1137
0.994	-0.000349709	-0.000349709	-0.000349709	-0.000349709	1201
0.995	-0.000923818	-0.000923818	-0.000923818	-0.000923818	1121
0.996	0.000298803	0.000298803	0.000298803	0.000298803	1170
0.997	0.000748745	0.000748745	0.000748745	0.000748745	1155
0.998	-0.000247603	-0.000247603	-0.000247603	-0.000247603	1210
0.999	-7.8914e-05	-7.8914e-05	-7.8914e-05	-7.8914e-05	1105
1	-0.000875387	-0.000875387	-0.000875387	-0.000875387	1162
