0.001	0.0749207	0.0749207	0.0749207	0.0749207	2549
0.002	0.068059	0.068059	0.068059	0.068059	2019
0.003	0.063813	0.063813	0.063813	0.063813	1763
0.004	0.0602215	0.0602215	0.0602215	0.0602215	1578
0.005	0.055021	0.055021	0.055021	0.055021	1457
0.006	0.0492441	0.0492441	0.0492441	0.0492441	1370
0.007	0.0512782	0.0512782	0.0512782	0.0512782	1274
0.008	0.0504968	0.0504968	0.0504968	0.0504968	1202
0.009	0.0456962	0.0456962	0.0456962	0.0456962	1148
0.01	0.0431917	0.0431917	0.0431917	0.0431917	1063
0.011	0.0435573	0.0435573	0.0435573	0.0435573	1048
0.012	0.0424986	0.0424986	0.0424986	0.0424986	1067
0.013	0.0380793	0.0380793	0.0380793	0.0380793	1004
0.014	0.0379156	0.0379156	0.0379156	0.0379156	957
0.015	0.0384554	0.0384554	0.0384554	0.0384554	960
0.016	0.0362228	0.0362228	0.0362228	0.0362228	982
0.017	0.0368258	0.0368258	0.0368258	0.0368258	853
0.018	0.0357229	0.0357229	0.0357229	0.0357229	908
0.019	0.0339494	0.0339494	0.0339494	0.0339494	909
0.02	0.0362674	0.0362674	0.0362674	0.0362674	872
0.021	0.0343181	0.0343181	0.0343181	0.0343181	889
0.022	0.032632	0.032632	0.032632	0.032632	857
0.023	0.0309127	0.0309127	0.0309127	0.0309127	813
0.024	0.030765	0.030765	0.030765	0.030765	822
0.025	0.0321951	0.0321951	0.0321951	0.0321951	857
0.026	0.030614	0.030614	0.030614	0.030614	800
0.027	0.0308346	0.0308346	0.0308346	0.0308346	868
0.028	0.0297986	0.0297986	0.0297986	0.0297986	886
0.029	0.0279521	0.0279521	0.0279521	0.0279521	802
0.03	0.0265741	0.0265741	0.0265741	0.0265741	843
0.031	0.0280368	0.0280368	0.0280368	0.0280368	825
0.032	0.0277415	0.0277415	0.0277415	0.0277415	820
0.033	0.0248322	0.0248322	0.0248322	0.0248322	807
0.034	0.0239539	0.0239539	0.0239539	0.0239539	851
0.035	0.0267526	0.0267526	0.0267526	0.0267526	793
0.036	0.0247531	0.0247531	0.0247531	0.0247531	793
0.037	0.0241242	0.0241242	0.0241242	0.0241242	818
0.038	0.0231439	0.0231439	0.0231439	0.0231439	735
0.039	0.0259229	0.0259229	0.0259229	0.0259229	799
0.04	0.0247803	0.0247803	0.0247803	0.0247803	833
0.041	0.0221882	0.0221882	0.0221882	0.0221882	778
0.042	0.0231565	0.0231565	0.0231565	0.0231565	782
0.043	0.0224691	0.0224691	0.0224691	0.0224691	793
0.044	0.0206833	0.0206833	0.0206833	0.0206833	744
0.045	0.0213969	0.0213969	0.0213969	0.0213969	784
0.046	0.0219126	0.0219126	0.0219126	0.0219126	792
0.047	0.0205518	0.0205518	0.0205518	0.0205518	743
0.048	0.0210826	0.0210826	0.0210826	0.0210826	719
0.049	0.0174742	0.0174742	0.0174742	0.0174742	779
0.05	0.0196473	0.0196473	0.0196473	0.0196473	761
0.051	0.0217525	0.0217525	0.0217525	0.0217525	745
0.052	0.0192671	0.0192671	0.0192671	0.0192671	757
0.053	0.0185217	0.0185217	0.0185217	0.0185217	769
0.054	0.0186558	0.0186558	0.0186558	0.0186558	774
0.055	0.0182267	0.0182267	0.0182267	0.0182267	764
0.056	0.0190527	0.0190527	0.0190527	0.0190527	733
0.057	0.0164459	0.0164459	0.0164459	0.0164459	740
0.058	0.0185255	0.0185255	0.0185255	0.0185255	787
0.059	0.0170916	0.0170916	0.0170916	0.0170916	738
0.06	0.0180756	0.0180756	0.0180756	0.0180756	751
0.061	0.0186081	0.0186081	0.0186081	0.0186081	717
0.062	0.0178368	0.0178368	0.0178368	0.0178368	679
0.063	0.0172174	0.0172174	0.0172174	0.0172174	713
0.064	0.0184129	0.0184129	0.0184129	0.0184129	680
0.065	0.0174964	0.0174964	0.0174964	0.0174964	703
0.066	0.0159383	0.0159383	0.0159383	0.0159383	745
0.067	0.0167614	0.0167614	0.0167614	0.0167614	766
0.068	0.0170138	0.0170138	0.0170138	0.0170138	711
0.069	0.0152112	0.0152112	0.0152112	0.0152112	717
0.07	0.0162973	0.0162973	0.0162973	0.0162973	732
0.071	0.0155222	0.0155222	0.0155222	0.0155222	699
0.072	0.0135853	0.0135853	0.0135853	0.0135853	734
0.073	0.0152948	0.0152948	0.0152948	0.0152948	692
0.074	0.0117103	0.0117103	0.0117103	0.0117103	707
0.075	0.0148347	0.0148347	0.0148347	0.0148347	727
0.076	0.012815	0.012815	0.012815	0.012815	720
0.077	0.0140157	0.0140157	0.0140157	0.0140157	686
0.078	0.0148379	0.0148379	0.0148379	0.0148379	686
0.079	0.013904	0.013904	0.013904	0.013904	667
0.08	0.0124321	0.0124321	0.0124321	0.0124321	748
0.081	0.0153151	0.0153151	0.0153151	0.0153151	702
0.082	0.014789	0.014789	0.014789	0.014789	653
0.083	0.0145244	0.0145244	0.0145244	0.0145244	720
0.084	0.0115084	0.0115084	0.0115084	0.0115084	729
0.085	0.0126663	0.0126663	0.0126663	0.0126663	739
0.086	0.013705	0.013705	0.013705	0.013705	739
0.087	0.0113163	0.0113163	0.0113163	0.0113163	719
0.088	0.0121292	0.0121292	0.0121292	0.0121292	709
0.089	0.0121371	0.0121371	0.0121371	0.0121371	712
0.09	0.0128691	0.0128691	0.0128691	0.0128691	677
0.091	0.0108831	0.0108831	0.0108831	0.0108831	717
0.092	0.01119	0.01119	0.01119	0.01119	681
0.093	0.0130688	0.0130688	0.0130688	0.0130688	735
0.094	0.0124498	0.0124498	0.0124498	0.0124498	691
0.095	0.0127324	0.0127324	0.0127324	0.0127324	663
0.096	0.011124	0.011124	0.011124	0.011124	653
0.097	0.0123204	0.0123204	0.0123204	0.0123204	683
0.098	0.00870884	0.00870884	0.00870884	0.00870884	645
0.099	0.0110827	0.0110827	0.0110827	0.0110827	682
0.1	0.0101019	0.0101019	0.0101019	0.0101019	691
0.101	0.0121287	0.0121287	0.0121287	0.0121287	690
0.102	0.00929268	0.00929268	0.00929268	0.00929268	656
0.103	0.0112189	0.0112189	0.0112189	0.0112189	742
0.104	0.0118194	0.0118194	0.0118194	0.0118194	713
0.105	0.00894718	0.00894718	0.00894718	0.00894718	674
0.106	0.0106126	0.0106126	0.0106126	0.0106126	715
0.107	0.00841075	0.00841075	0.00841075	0.00841075	670
0.108	0.00999567	0.00999567	0.00999567	0.00999567	646
0.109	0.0134768	0.0134768	0.0134768	0.0134768	724
0.11	0.0101092	0.0101092	0.0101092	0.0101092	641
0.111	0.0096768	0.0096768	0.0096768	0.0096768	724
0.112	0.0119614	0.0119614	0.0119614	0.0119614	715
0.113	0.0102163	0.0102163	0.0102163	0.0102163	651
0.114	0.00952442	0.00952442	0.00952442	0.00952442	651
0.115	0.00867809	0.00867809	0.00867809	0.00867809	607
0.116	0.011145	0.011145	0.011145	0.011145	662
0.117	0.00928602	0.00928602	0.00928602	0.00928602	651
0.118	0.00637895	0.00637895	0.00637895	0.00637895	627
0.119	0.00792076	0.00792076	0.00792076	0.00792076	631
0.12	0.00738078	0.00738078	0.00738078	0.00738078	666
0.121	0.00752699	0.00752699	0.00752699	0.00752699	641
0.122	0.00802734	0.00802734	0.00802734	0.00802734	673
0.123	0.00620238	0.00620238	0.00620238	0.00620238	672
0.124	0.00619312	0.00619312	0.00619312	0.00619312	669
0.125	0.00783075	0.00783075	0.00783075	0.00783075	683
0.126	0.00661612	0.00661612	0.00661612	0.00661612	670
0.127	0.00868654	0.00868654	0.00868654	0.00868654	624
0.128	0.00798464	0.00798464	0.00798464	0.00798464	651
0.129	0.00793923	0.00793923	0.00793923	0.00793923	678
0.13	0.00846505	0.00846505	0.00846505	0.00846505	658
0.131	0.00640123	0.00640123	0.00640123	0.00640123	652
0.132	0.00710212	0.00710212	0.00710212	0.00710212	613
0.133	0.00747166	0.00747166	0.00747166	0.00747166	667
0.134	0.00840365	0.00840365	0.00840365	0.00840365	658
0.135	0.00694812	0.00694812	0.00694812	0.00694812	613
0.136	0.00601567	0.00601567	0.00601567	0.00601567	587
0.137	0.0055489	0.0055489	0.0055489	0.0055489	634
0.138	0.00620924	0.00620924	0.00620924	0.00620924	606
0.139	0.00776756	0.00776756	0.00776756	0.00776756	635
0.14	0.0064	0.0064	0.0064	0.0064	633
0.141	0.00675975	0.00675975	0.00675975	0.00675975	636
0.142	0.00744141	0.00744141	0.00744141	0.00744141	623
0.143	0.00627238	0.00627238	0.00627238	0.00627238	583
0.144	0.00692562	0.00692562	0.00692562	0.00692562	605
0.145	0.00651935	0.00651935	0.00651935	0.00651935	677
0.146	0.00670354	0.00670354	0.00670354	0.00670354	622
0.147	0.0089634	0.0089634	0.0089634	0.0089634	612
0.148	0.00523243	0.00523243	0.00523243	0.00523243	592
0.149	0.00760193	0.00760193	0.00760193	0.00760193	622
0.15	0.0059366	0.0059366	0.0059366	0.0059366	612
0.151	0.00614747	0.00614747	0.00614747	0.00614747	651
0.152	0.00670585	0.00670585	0.00670585	0.00670585	633
0.153	0.00632336	0.00632336	0.00632336	0.00632336	642
0.154	0.00458146	0.00458146	0.00458146	0.00458146	604
0.155	0.00630581	0.00630581	0.00630581	0.00630581	620
0.156	0.00465695	0.00465695	0.00465695	0.00465695	604
0.157	0.00464274	0.00464274	0.00464274	0.00464274	585
0.158	0.00677885	0.00677885	0.00677885	0.00677885	662
0.159	0.00421277	0.00421277	0.00421277	0.00421277	658
0.16	0.00472299	0.00472299	0.00472299	0.00472299	696
0.161	0.00364142	0.00364142	0.00364142	0.00364142	647
0.162	0.00415901	0.00415901	0.00415901	0.00415901	649
0.163	0.00448405	0.00448405	0.00448405	0.00448405	652
0.164	0.00418652	0.00418652	0.00418652	0.00418652	564
0.165	0.00374211	0.00374211	0.00374211	0.00374211	653
0.166	0.00530903	0.00530903	0.00530903	0.00530903	620
0.167	0.00462651	0.00462651	0.00462651	0.00462651	611
0.168	0.00417575	0.00417575	0.00417575	0.00417575	635
0.169	0.00395839	0.00395839	0.00395839	0.00395839	644
0.17	0.00445309	0.00445309	0.00445309	0.00445309	648
0.171	0.00517019	0.00517019	0.00517019	0.00517019	577
0.172	0.00384	0.00384	0.00384	0.00384	575
0.173	0.00421388	0.00421388	0.00421388	0.00421388	533
0.174	0.00436684	0.00436684	0.00436684	0.00436684	567
0.175	0.0044341	0.0044341	0.0044341	0.0044341	610
0.176	0.00311221	0.00311221	0.00311221	0.00311221	565
0.177	0.00397572	0.00397572	0.00397572	0.00397572	593
0.178	0.00470708	0.00470708	0.00470708	0.00470708	650
0.179	0.00433649	0.00433649	0.00433649	0.00433649	592
0.18	0.0026894	0.0026894	0.0026894	0.0026894	651
0.181	0.0031072	0.0031072	0.0031072	0.0031072	625
0.182	0.00451869	0.00451869	0.00451869	0.00451869	610
0.183	0.00474361	0.00474361	0.00474361	0.00474361	681
0.184	0.0038731	0.0038731	0.0038731	0.0038731	725
0.185	0.00350299	0.00350299	0.00350299	0.00350299	668
0.186	0.00551661	0.00551661	0.00551661	0.00551661	638
0.187	0.00419224	0.00419224	0.00419224	0.00419224	670
0.188	0.00506095	0.00506095	0.00506095	0.00506095	676
0.189	0.00360473	0.00360473	0.00360473	0.00360473	677
0.19	0.00328499	0.00328499	0.00328499	0.00328499	706
0.191	0.00307834	0.00307834	0.00307834	0.00307834	651
0.192	0.00223844	0.00223844	0.00223844	0.00223844	666
0.193	0.00234884	0.00234884	0.00234884	0.00234884	602
0.194	0.00275031	0.00275031	0.00275031	0.00275031	636
0.195	0.00139782	0.00139782	0.00139782	0.00139782	641
0.196	0.00113353	0.00113353	0.00113353	0.00113353	668
0.197	0.00157115	0.00157115	0.00157115	0.00157115	624
0.198	0.00254698	0.00254698	0.00254698	0.00254698	645
0.199	0.00195976	0.00195976	0.00195976	0.00195976	676
0.2	0.00162658	0.00162658	0.00162658	0.00162658	647
0.201	0.00309015	0.00309015	0.00309015	0.00309015	670
0.202	0.00199605	0.00199605	0.00199605	0.00199605	608
0.203	0.00265531	0.00265531	0.00265531	0.00265531	622
0.204	0.00283217	0.00283217	0.00283217	0.00283217	659
0.205	0.00175068	0.00175068	0.00175068	0.00175068	661
0.206	0.00292852	0.00292852	0.00292852	0.00292852	582
0.207	0.00255585	0.00255585	0.00255585	0.00255585	598
0.208	0.00308946	0.00308946	0.00308946	0.00308946	626
0.209	0.00344174	0.00344174	0.00344174	0.00344174	642
0.21	0.00284586	0.00284586	0.00284586	0.00284586	689
0.211	0.0023418	0.0023418	0.0023418	0.0023418	646
0.212	0.00136845	0.00136845	0.00136845	0.00136845	653
0.213	0.0023421	0.0023421	0.0023421	0.0023421	677
0.214	0.00260533	0.00260533	0.00260533	0.00260533	676
0.215	0.00180514	0.00180514	0.00180514	0.00180514	622
0.216	0.00136782	0.00136782	0.00136782	0.00136782	634
0.217	0.00111899	0.00111899	0.00111899	0.00111899	711
0.218	0.00164496	0.00164496	0.00164496	0.00164496	605
0.219	0.00235786	0.00235786	0.00235786	0.00235786	598
0.22	0.00238782	0.00238782	0.00238782	0.00238782	591
0.221	0.00219183	0.00219183	0.00219183	0.00219183	661
0.222	0.0023076	0.0023076	0.0023076	0.0023076	658
0.223	0.00159095	0.00159095	0.00159095	0.00159095	619
0.224	0.00274276	0.00274276	0.00274276	0.00274276	608
0.225	0.00136839	0.00136839	0.00136839	0.00136839	601
0.226	0.00205483	0.00205483	0.00205483	0.00205483	642
0.227	0.00383838	0.00383838	0.00383838	0.00383838	594
0.228	0.00280517	0.00280517	0.00280517	0.00280517	619
0.229	0.000646809	0.000646809	0.000646809	0.000646809	611
0.23	0.00333976	0.00333976	0.00333976	0.00333976	581
0.231	0.00170207	0.00170207	0.00170207	0.00170207	580
0.232	0.00307296	0.00307296	0.00307296	0.00307296	636
0.233	0.00339487	0.00339487	0.00339487	0.00339487	624
0.234	0.00314733	0.00314733	0.00314733	0.00314733	600
0.235	0.00193123	0.00193123	0.00193123	0.00193123	570
0.236	0.00196351	0.00196351	0.00196351	0.00196351	592
0.237	0.0037195	0.0037195	0.0037195	0.0037195	646
0.238	0.00159736	0.00159736	0.00159736	0.00159736	606
0.239	0.00123448	0.00123448	0.00123448	0.00123448	580
0.24	0.00244741	0.00244741	0.00244741	0.00244741	599
0.241	0.00146752	0.00146752	0.00146752	0.00146752	628
0.242	0.00257504	0.00257504	0.00257504	0.00257504	617
0.243	0.00109574	0.00109574	0.00109574	0.00109574	587
0.244	0.00238498	0.00238498	0.00238498	0.00238498	639
0.245	0.00204563	0.00204563	0.00204563	0.00204563	640
0.246	0.00101092	0.00101092	0.00101092	0.00101092	586
0.247	0.00187145	0.00187145	0.00187145	0.00187145	585
0.248	0.000797987	0.000797987	0.000797987	0.000797987	596
0.249	0.000912156	0.000912156	0.000912156	0.000912156	617
0.25	0.00122984	0.00122984	0.00122984	0.00122984	630
0.251	0.00163673	0.00163673	0.00163673	0.00163673	599
0.252	0.00125846	0.00125846	0.00125846	0.00125846	609
0.253	0.00295209	0.00295209	0.00295209	0.00295209	647
0.254	0.0019987	0.0019987	0.0019987	0.0019987	614
0.255	0.00296216	0.00296216	0.00296216	0.00296216	629
0.256	0.00232965	0.00232965	0.00232965	0.00232965	705
0.257	0.00154992	0.00154992	0.00154992	0.00154992	591
0.258	0.00228397	0.00228397	0.00228397	0.00228397	624
0.259	0.00185256	0.00185256	0.00185256	0.00185256	624
0.26	0.00174381	0.00174381	0.00174381	0.00174381	598
0.261	0.0022233	0.0022233	0.0022233	0.0022233	661
0.262	0.000705997	0.000705997	0.000705997	0.000705997	617
0.263	0.0012188	0.0012188	0.0012188	0.0012188	617
0.264	0.00119463	0.00119463	0.00119463	0.00119463	596
0.265	0.00244106	0.00244106	0.00244106	0.00244106	643
0.266	0.00118092	0.00118092	0.00118092	0.00118092	608
0.267	0.00087047	0.00087047	0.00087047	0.00087047	596
0.268	0.00133969	0.00133969	0.00133969	0.00133969	650
0.269	0.00191131	0.00191131	0.00191131	0.00191131	672
0.27	0.00226087	0.00226087	0.00226087	0.00226087	644
0.271	0.00302467	0.00302467	0.00302467	0.00302467	689
0.272	0.00136876	0.00136876	0.00136876	0.00136876	621
0.273	0.00156587	0.00156587	0.00156587	0.00156587	586
0.274	0.00103344	0.00103344	0.00103344	0.00103344	598
0.275	0.00245274	0.00245274	0.00245274	0.00245274	584
0.276	0.00216825	0.00216825	0.00216825	0.00216825	630
0.277	0.00216615	0.00216615	0.00216615	0.00216615	585
0.278	0.00312217	0.00312217	0.00312217	0.00312217	591
0.279	0.00241577	0.00241577	0.00241577	0.00241577	634
0.28	0.0018061	0.0018061	0.0018061	0.0018061	623
0.281	0.00199469	0.00199469	0.00199469	0.00199469	603
0.282	0.00261957	0.00261957	0.00261957	0.00261957	603
0.283	0.00164477	0.00164477	0.00164477	0.00164477	679
0.284	0.00135026	0.00135026	0.00135026	0.00135026	575
0.285	0.00159352	0.00159352	0.00159352	0.00159352	617
0.286	-0.000128947	-0.000128947	-0.000128947	-0.000128947	608
0.287	0.000280944	0.000280944	0.000280944	0.000280944	551
0.288	0.00199709	0.00199709	0.00199709	0.00199709	550
0.289	0.00168384	0.00168384	0.00168384	0.00168384	625
0.29	0.000941796	0.000941796	0.000941796	0.000941796	646
0.291	0.000985621	0.000985621	0.000985621	0.000985621	612
0.292	0.00107875	0.00107875	0.00107875	0.00107875	607
0.293	0.000847811	0.000847811	0.000847811	0.000847811	594
0.294	0.0017703	0.0017703	0.0017703	0.0017703	606
0.295	0.00126907	0.00126907	0.00126907	0.00126907	637
0.296	0.000997731	0.000997731	0.000997731	0.000997731	617
0.297	0.00113966	0.00113966	0.00113966	0.00113966	590
0.298	-0.000261981	-0.000261981	-0.000261981	-0.000261981	626
0.299	0.00150112	0.00150112	0.00150112	0.00150112	627
0.3	0.00233323	0.00233323	0.00233323	0.00233323	617
0.301	0.00058216	0.00058216	0.00058216	0.00058216	639
0.302	0.00187131	0.00187131	0.00187131	0.00187131	603
0.303	0.00158083	0.00158083	0.00158083	0.00158083	605
0.304	0.00331688	0.00331688	0.00331688	0.00331688	616
0.305	0.00254095	0.00254095	0.00254095	0.00254095	630
0.306	0.00267091	0.00267091	0.00267091	0.00267091	691
0.307	0.00116885	0.00116885	0.00116885	0.00116885	642
0.308	0.00261765	0.00261765	0.00261765	0.00261765	612
0.309	0.00205732	0.00205732	0.00205732	0.00205732	656
0.31	0.000921212	0.000921212	0.000921212	0.000921212	627
0.311	0.00132778	0.00132778	0.00132778	0.00132778	648
0.312	0.000815251	0.000815251	0.000815251	0.000815251	577
0.313	0.00142341	0.00142341	0.00142341	0.00142341	598
0.314	0.000530033	0.000530033	0.000530033	0.000530033	606
0.315	0.00120519	0.00120519	0.00120519	0.00120519	617
0.316	0.000864095	0.000864095	0.000864095	0.000864095	674
0.317	0.00107303	0.00107303	0.00107303	0.00107303	608
0.318	0.00081874	0.00081874	0.00081874	0.00081874	619
0.319	0.000404396	0.000404396	0.000404396	0.000404396	637
0.32	0.000648788	0.000648788	0.000648788	0.000648788	619
0.321	0.00102093	0.00102093	0.00102093	0.00102093	583
0.322	0.000630868	0.000630868	0.000630868	0.000630868	622
0.323	0.00069871	0.00069871	0.00069871	0.00069871	620
0.324	0.000593857	0.000593857	0.000593857	0.000593857	586
0.325	0.000385784	0.000385784	0.000385784	0.000385784	619
0.326	0.00104889	0.00104889	0.00104889	0.00104889	630
0.327	0.000847326	0.000847326	0.000847326	0.000847326	617
0.328	0.000978912	0.000978912	0.000978912	0.000978912	588
0.329	0.00020404	0.00020404	0.00020404	0.00020404	594
0.33	0.00104502	0.00104502	0.00104502	0.00104502	622
0.331	0.000295601	0.000295601	0.000295601	0.000295601	682
0.332	0.00016315	0.00016315	0.00016315	0.00016315	635
0.333	0.00144921	0.00144921	0.00144921	0.00144921	634
0.334	0.000217333	0.000217333	0.000217333	0.000217333	600
0.335	0.000184715	0.000184715	0.000184715	0.000184715	615
0.336	9.74684e-05	9.74684e-05	9.74684e-05	9.74684e-05	632
0.337	-0.000556098	-0.000556098	-0.000556098	-0.000556098	615
0.338	0.000377019	0.000377019	0.000377019	0.000377019	644
0.339	-0.000130137	-0.000130137	-0.000130137	-0.000130137	584
0.34	-0.0003967	-0.0003967	-0.0003967	-0.0003967	606
0.341	-0.000247251	-0.000247251	-0.000247251	-0.000247251	673
0.342	0.000458216	0.000458216	0.000458216	0.000458216	639
0.343	0.00120412	0.00120412	0.00120412	0.00120412	679
0.344	0.000784843	0.000784843	0.000784843	0.000784843	607
0.345	0.000567147	0.000567147	0.000567147	0.000567147	694
0.346	0.00237235	0.00237235	0.00237235	0.00237235	622
0.347	0.00229499	0.00229499	0.00229499	0.00229499	678
0.348	0.00193053	0.00193053	0.00193053	0.00193053	714
0.349	0.00145039	0.00145039	0.00145039	0.00145039	639
0.35	0.00161071	0.00161071	0.00161071	0.00161071	635
0.351	0.00035102	0.00035102	0.00035102	0.00035102	686
0.352	0.00134933	0.00134933	0.00134933	0.00134933	675
0.353	-6.77863e-05	-6.77863e-05	-6.77863e-05	-6.77863e-05	655
0.354	-0.000278889	-0.000278889	-0.000278889	-0.000278889	720
0.355	0.00129139	0.00129139	0.00129139	0.00129139	674
0.356	0.00100275	0.00100275	0.00100275	0.00100275	655
0.357	0.00110903	0.00110903	0.00110903	0.00110903	642
0.358	0.00170986	0.00170986	0.00170986	0.00170986	659
0.359	0.000504662	0.000504662	0.000504662	0.000504662	665
0.36	0.00120427	0.00120427	0.00120427	0.00120427	749
0.361	0.000354875	0.000354875	0.000354875	0.000354875	718
0.362	0.000790303	0.000790303	0.000790303	0.000790303	660
0.363	0.00017329	0.00017329	0.00017329	0.00017329	614
0.364	0.000112258	0.000112258	0.000112258	0.000112258	620
0.365	0.00116166	0.00116166	0.00116166	0.00116166	626
0.366	0.000203021	0.000203021	0.000203021	0.000203021	662
0.367	-0.000522684	-0.000522684	-0.000522684	-0.000522684	626
0.368	0.000566719	0.000566719	0.000566719	0.000566719	631
0.369	0.00108026	0.00108026	0.00108026	0.00108026	608
0.37	0.000893223	0.000893223	0.000893223	0.000893223	605
0.371	0.00151987	0.00151987	0.00151987	0.00151987	594
0.372	0.000553897	0.000553897	0.000553897	0.000553897	603
0.373	0.00100127	0.00100127	0.00100127	0.00100127	628
0.374	0.00087837	0.00087837	0.00087837	0.00087837	638
0.375	0.000558998	0.000558998	0.000558998	0.000558998	639
0.376	0.000985759	0.000985759	0.000985759	0.000985759	646
0.377	0.000607553	0.000607553	0.000607553	0.000607553	609
0.378	0.000889382	0.000889382	0.000889382	0.000889382	631
0.379	0.000679024	0.000679024	0.000679024	0.000679024	615
0.38	0.000625466	0.000625466	0.000625466	0.000625466	644
0.381	0.00102773	0.00102773	0.00102773	0.00102773	613
0.382	0.000230146	0.000230146	0.000230146	0.000230146	617
0.383	0.000770081	0.000770081	0.000770081	0.000770081	615
0.384	0.00132992	0.00132992	0.00132992	0.00132992	625
0.385	0.000532075	0.000532075	0.000532075	0.000532075	636
0.386	-0.000359494	-0.000359494	-0.000359494	-0.000359494	632
0.387	0.00103859	0.00103859	0.00103859	0.00103859	622
0.388	-0.000161658	-0.000161658	-0.000161658	-0.000161658	579
0.389	-0.000519288	-0.000519288	-0.000519288	-0.000519288	674
0.39	-0.000443844	-0.000443844	-0.000443844	-0.000443844	666
0.391	0.000700761	0.000700761	0.000700761	0.000700761	657
0.392	-9.68354e-05	-9.68354e-05	-9.68354e-05	-9.68354e-05	632
0.393	0.00171888	0.00171888	0.00171888	0.00171888	609
0.394	0.000173457	0.000173457	0.000173457	0.000173457	648
0.395	0.00102965	0.00102965	0.00102965	0.00102965	634
0.396	0.000503987	0.000503987	0.000503987	0.000503987	627
0.397	0.000113932	0.000113932	0.000113932	0.000113932	646
0.398	0.00055938	0.00055938	0.00055938	0.00055938	645
0.399	-0.000277228	-0.000277228	-0.000277228	-0.000277228	606
0.4	-0.000175926	-0.000175926	-0.000175926	-0.000175926	648
0.401	0.000520444	0.000520444	0.000520444	0.000520444	631
0.402	0.000398804	0.000398804	0.000398804	0.000398804	669
0.403	0.000105686	0.000105686	0.000105686	0.000105686	598
0.404	0.000165742	0.000165742	0.000165742	0.000165742	613
0.405	-0.000447059	-0.000447059	-0.000447059	-0.000447059	663
0.406	0.00022669	0.00022669	0.00022669	0.00022669	577
0.407	1.58348e-05	1.58348e-05	1.58348e-05	1.58348e-05	581
0.408	0.000257095	0.000257095	0.000257095	0.000257095	599
0.409	0.00050944	0.00050944	0.00050944	0.00050944	625
0.41	0.00256361	0.00256361	0.00256361	0.00256361	643
0.411	0.00199201	0.00199201	0.00199201	0.00199201	601
0.412	0.0012059	0.0012059	0.0012059	0.0012059	610
0.413	-5.12315e-05	-5.12315e-05	-5.12315e-05	-5.12315e-05	609
0.414	0.000955869	0.000955869	0.000955869	0.000955869	639
0.415	-0.000493243	-0.000493243	-0.000493243	-0.000493243	592
0.416	0.000531765	0.000531765	0.000531765	0.000531765	595
0.417	-0.000406486	-0.000406486	-0.000406486	-0.000406486	555
0.418	0.000127487	0.000127487	0.000127487	0.000127487	593
0.419	0.00113163	0.00113163	0.00113163	0.00113163	626
0.42	0.000579145	0.000579145	0.000579145	0.000579145	585
0.421	0.00150097	0.00150097	0.00150097	0.00150097	618
0.422	0.000876923	0.000876923	0.000876923	0.000876923	546
0.423	0.00108748	0.00108748	0.00108748	0.00108748	615
0.424	0.00101383	0.00101383	0.00101383	0.00101383	593
0.425	0.000637803	0.000637803	0.000637803	0.000637803	619
0.426	-0.000410417	-0.000410417	-0.000410417	-0.000410417	576
0.427	1.1449e-05	1.1449e-05	1.1449e-05	1.1449e-05	559
0.428	-0.0012357	-0.0012357	-0.0012357	-0.0012357	605
0.429	-0.000699694	-0.000699694	-0.000699694	-0.000699694	654
0.43	-0.00133703	-0.00133703	-0.00133703	-0.00133703	613
0.431	-0.000491979	-0.000491979	-0.000491979	-0.000491979	561
0.432	-0.000448029	-0.000448029	-0.000448029	-0.000448029	558
0.433	0.000846434	0.000846434	0.000846434	0.000846434	603
0.434	0.000149604	0.000149604	0.000149604	0.000149604	631
0.435	0.000274205	0.000274205	0.000274205	0.000274205	566
0.436	-0.000598179	-0.000598179	-0.000598179	-0.000598179	549
0.437	-0.000224028	-0.000224028	-0.000224028	-0.000224028	566
0.438	0.000685902	0.000685902	0.000685902	0.000685902	610
0.439	0.00112637	0.00112637	0.00112637	0.00112637	603
0.44	0.000225205	0.000225205	0.000225205	0.000225205	611
0.441	0.000225	0.000225	0.000225	0.000225	592
0.442	0.000854578	0.000854578	0.000854578	0.000854578	557
0.443	6.90789e-05	6.90789e-05	6.90789e-05	6.90789e-05	608
0.444	0.00108072	0.00108072	0.00108072	0.00108072	607
0.445	0.000731313	0.000731313	0.000731313	0.000731313	594
0.446	-0.000339755	-0.000339755	-0.000339755	-0.000339755	571
0.447	6.88027e-05	6.88027e-05	6.88027e-05	6.88027e-05	593
0.448	-0.000153407	-0.000153407	-0.000153407	-0.000153407	631
0.449	0.000294807	0.000294807	0.000294807	0.000294807	597
0.45	-0.000242123	-0.000242123	-0.000242123	-0.000242123	603
0.451	0.000139245	0.000139245	0.000139245	0.000139245	609
0.452	-0.000354591	-0.000354591	-0.000354591	-0.000354591	599
0.453	0.000798649	0.000798649	0.000798649	0.000798649	592
0.454	0.00179754	0.00179754	0.00179754	0.00179754	569
0.455	0.000767003	0.000767003	0.000767003	0.000767003	594
0.456	0.000373524	0.000373524	0.000373524	0.000373524	559
0.457	9.84183e-05	9.84183e-05	9.84183e-05	9.84183e-05	569
0.458	3.79661e-05	3.79661e-05	3.79661e-05	3.79661e-05	590
0.459	0.000868825	0.000868825	0.000868825	0.000868825	587
0.46	0.000459083	0.000459083	0.000459083	0.000459083	589
0.461	-0.000911744	-0.000911744	-0.000911744	-0.000911744	562
0.462	0.000376582	0.000376582	0.000376582	0.000376582	632
0.463	-0.000317089	-0.000317089	-0.000317089	-0.000317089	632
0.464	-0.000927715	-0.000927715	-0.000927715	-0.000927715	617
0.465	-0.00108194	-0.00108194	-0.00108194	-0.00108194	620
0.466	0.000114566	0.000114566	0.000114566	0.000114566	611
0.467	-0.00111353	-0.00111353	-0.00111353	-0.00111353	569
0.468	0.000166225	0.000166225	0.000166225	0.000166225	604
0.469	-0.000215987	-0.000215987	-0.000215987	-0.000215987	613
0.47	0.000626712	0.000626712	0.000626712	0.000626712	584
0.471	0.000217433	0.000217433	0.000217433	0.000217433	631
0.472	-0.000972402	-0.000972402	-0.000972402	-0.000972402	587
0.473	-0.00041865	-0.00041865	-0.00041865	-0.00041865	622
0.474	0.000557271	0.000557271	0.000557271	0.000557271	557
0.475	0.000143046	0.000143046	0.000143046	0.000143046	604
0.476	0.000652381	0.000652381	0.000652381	0.000652381	588
0.477	0.0010324	0.0010324	0.0010324	0.0010324	537
0.478	-0.000416149	-0.000416149	-0.000416149	-0.000416149	644
0.479	-0.00127986	-0.00127986	-0.00127986	-0.00127986	576
0.48	-0.00102087	-0.00102087	-0.00102087	-0.00102087	623
0.481	-0.000732103	-0.000732103	-0.000732103	-0.000732103	542
0.482	-0.00100289	-0.00100289	-0.00100289	-0.00100289	623
0.483	-0.000718693	-0.000718693	-0.000718693	-0.000718693	551
0.484	0.000190604	0.000190604	0.000190604	0.000190604	596
0.485	-0.000454189	-0.000454189	-0.000454189	-0.000454189	561
0.486	0.000100509	0.000100509	0.000100509	0.000100509	589
0.487	-2.85714e-06	-2.85714e-06	-2.85714e-06	-2.85714e-06	560
0.488	0.000236721	0.000236721	0.000236721	0.000236721	610
0.489	8.55615e-06	8.55615e-06	8.55615e-06	8.55615e-06	561
0.49	-0.000536709	-0.000536709	-0.000536709	-0.000536709	553
0.491	-0.000591583	-0.000591583	-0.000591583	-0.000591583	499
0.492	-0.000589907	-0.000589907	-0.000589907	-0.000589907	535
0.493	0.000523875	0.000523875	0.000523875	0.000523875	578
0.494	0.000462206	0.000462206	0.000462206	0.000462206	553
0.495	0.000980077	0.000980077	0.000980077	0.000980077	522
0.496	0.000349828	0.000349828	0.000349828	0.000349828	582
0.497	-0.000615504	-0.000615504	-0.000615504	-0.000615504	516
0.498	0.000135472	0.000135472	0.000135472	0.000135472	561
0.499	0.000833761	0.000833761	0.000833761	0.000833761	545
0.5	-0.00014641	-0.00014641	-0.00014641	-0.00014641	571
0.501	-0.00055568	-0.00055568	-0.00055568	-0.00055568	537
0.502	-0.000365653	-0.000365653	-0.000365653	-0.000365653	559
0.503	-0.000368504	-0.000368504	-0.000368504	-0.000368504	508
0.504	-0.000776471	-0.000776471	-0.000776471	-0.000776471	578
0.505	-0.000704303	-0.000704303	-0.000704303	-0.000704303	581
0.506	-0.000710219	-0.000710219	-0.000710219	-0.000710219	548
0.507	-0.000348862	-0.000348862	-0.000348862	-0.000348862	571
0.508	0.000120395	0.000120395	0.000120395	0.000120395	608
0.509	0.000854194	0.000854194	0.000854194	0.000854194	620
0.51	-0.000327575	-0.000327575	-0.000327575	-0.000327575	602
0.511	-0.000538144	-0.000538144	-0.000538144	-0.000538144	582
0.512	-0.000701571	-0.000701571	-0.000701571	-0.000701571	573
0.513	0.000816788	0.000816788	0.000816788	0.000816788	548
0.514	-0.000724752	-0.000724752	-0.000724752	-0.000724752	606
0.515	-0.000502963	-0.000502963	-0.000502963	-0.000502963	540
0.516	0.000627979	0.000627979	0.000627979	0.000627979	579
0.517	-0.000642361	-0.000642361	-0.000642361	-0.000642361	576
0.518	-0.00119366	-0.00119366	-0.00119366	-0.00119366	568
0.519	-8.46281e-05	-8.46281e-05	-8.46281e-05	-8.46281e-05	605
0.52	-0.00040692	-0.00040692	-0.00040692	-0.00040692	578
0.521	0.000362452	0.000362452	0.000362452	0.000362452	522
0.522	-0.000354265	-0.000354265	-0.000354265	-0.000354265	551
0.523	-0.00013935	-0.00013935	-0.00013935	-0.00013935	554
0.524	-0.000310596	-0.000310596	-0.000310596	-0.000310596	604
0.525	0.000444878	0.000444878	0.000444878	0.000444878	615
0.526	0.000637604	0.000637604	0.000637604	0.000637604	601
0.527	-0.000205872	-0.000205872	-0.000205872	-0.000205872	579
0.528	0.00058	0.00058	0.00058	0.00058	580
0.529	-7.27273e-05	-7.27273e-05	-7.27273e-05	-7.27273e-05	583
0.53	0.00050137	0.00050137	0.00050137	0.00050137	584
0.531	0.000446423	0.000446423	0.000446423	0.000446423	629
0.532	-0.000112029	-0.000112029	-0.000112029	-0.000112029	557
0.533	0.000236	0.000236	0.000236	0.000236	600
0.534	9.38272e-05	9.38272e-05	9.38272e-05	9.38272e-05	567
0.535	0.00102876	0.00102876	0.00102876	0.00102876	612
0.536	0.000577603	0.000577603	0.000577603	0.000577603	509
0.537	0.000841812	0.000841812	0.000841812	0.000841812	574
0.538	-6.65557e-07	-6.65557e-07	-6.65557e-07	-6.65557e-07	601
0.539	0.000356522	0.000356522	0.000356522	0.000356522	598
0.54	-0.000148	-0.000148	-0.000148	-0.000148	600
0.541	-0.000250694	-0.000250694	-0.000250694	-0.000250694	576
0.542	-0.000498429	-0.000498429	-0.000498429	-0.000498429	573
0.543	-0.000533119	-0.000533119	-0.000533119	-0.000533119	622
0.544	-0.000910811	-0.000910811	-0.000910811	-0.000910811	592
0.545	0.000172562	0.000172562	0.000172562	0.000172562	605
0.546	0.000230684	0.000230684	0.000230684	0.000230684	541
0.547	0.000623801	0.000623801	0.000623801	0.000623801	563
0.548	0.000521452	0.000521452	0.000521452	0.000521452	606
0.549	0.000310959	0.000310959	0.000310959	0.000310959	584
0.55	0.000693645	0.000693645	0.000693645	0.000693645	598
0.551	0.000226974	0.000226974	0.000226974	0.000226974	608
0.552	0.000797924	0.000797924	0.000797924	0.000797924	578
0.553	-0.000250714	-0.000250714	-0.000250714	-0.000250714	560
0.554	-0.000163993	-0.000163993	-0.000163993	-0.000163993	561
0.555	0.000189509	0.000189509	0.000189509	0.000189509	591
0.556	-7.52542e-05	-7.52542e-05	-7.52542e-05	-7.52542e-05	590
0.557	0.000213716	0.000213716	0.000213716	0.000213716	627
0.558	0.000657237	0.000657237	0.000657237	0.000657237	608
0.559	0.00177862	0.00177862	0.00177862	0.00177862	580
0.56	0.000928836	0.000928836	0.000928836	0.000928836	593
0.561	-0.000103183	-0.000103183	-0.000103183	-0.000103183	597
0.562	0.000105009	0.000105009	0.000105009	0.000105009	579
0.563	0.000745	0.000745	0.000745	0.000745	560
0.564	0.000204522	0.000204522	0.000204522	0.000204522	575
0.565	0.000575484	0.000575484	0.000575484	0.000575484	620
0.566	-0.000582857	-0.000582857	-0.000582857	-0.000582857	595
0.567	-5.52962e-05	-5.52962e-05	-5.52962e-05	-5.52962e-05	557
0.568	-0.000867347	-0.000867347	-0.000867347	-0.000867347	588
0.569	4.38757e-05	4.38757e-05	4.38757e-05	4.38757e-05	547
0.57	0.000634304	0.000634304	0.000634304	0.000634304	618
0.571	0.00100897	0.00100897	0.00100897	0.00100897	580
0.572	0.000278169	0.000278169	0.000278169	0.000278169	568
0.573	0.000475752	0.000475752	0.000475752	0.000475752	565
0.574	0.000859386	0.000859386	0.000859386	0.000859386	586
0.575	0.000492364	0.000492364	0.000492364	0.000492364	550
0.576	0.000253156	0.000253156	0.000253156	0.000253156	602
0.577	0.000806081	0.000806081	0.000806081	0.000806081	592
0.578	0.000494424	0.000494424	0.000494424	0.000494424	538
0.579	0.000928	0.000928	0.000928	0.000928	575
0.58	0.000662238	0.000662238	0.000662238	0.000662238	572
0.581	0.000977233	0.000977233	0.000977233	0.000977233	571
0.582	0.00137871	0.00137871	0.00137871	0.00137871	526
0.583	0.00111679	0.00111679	0.00111679	0.00111679	548
0.584	0.00190362	0.00190362	0.00190362	0.00190362	552
0.585	0.00295139	0.00295139	0.00295139	0.00295139	539
0.586	6.32768e-05	6.32768e-05	6.32768e-05	6.32768e-05	531
0.587	0.000989286	0.000989286	0.000989286	0.000989286	560
0.588	0.000938053	0.000938053	0.000938053	0.000938053	565
0.589	0.00163896	0.00163896	0.00163896	0.00163896	616
0.59	0.00141738	0.00141738	0.00141738	0.00141738	541
0.591	0.00109104	0.00109104	0.00109104	0.00109104	558
0.592	0.0015766	0.0015766	0.0015766	0.0015766	564
0.593	0.00164605	0.00164605	0.00164605	0.00164605	582
0.594	0.00165637	0.00165637	0.00165637	0.00165637	589
0.595	0.00105461	0.00105461	0.00105461	0.00105461	553
0.596	0.0014084	0.0014084	0.0014084	0.0014084	595
0.597	0.00220717	0.00220717	0.00220717	0.00220717	558
0.598	0.00102473	0.00102473	0.00102473	0.00102473	550
0.599	0.00152346	0.00152346	0.00152346	0.00152346	601
0.6	0.00103866	0.00103866	0.00103866	0.00103866	595
0.601	0.00100923	0.00100923	0.00100923	0.00100923	650
0.602	0.00113487	0.00113487	0.00113487	0.00113487	608
0.603	0.00041049	0.00041049	0.00041049	0.00041049	572
0.604	0.000165609	0.000165609	0.000165609	0.000165609	599
0.605	-0.000519728	-0.000519728	-0.000519728	-0.000519728	588
0.606	-0.000841286	-0.000841286	-0.000841286	-0.000841286	591
0.607	1.12676e-05	1.12676e-05	1.12676e-05	1.12676e-05	568
0.608	-0.000572488	-0.000572488	-0.000572488	-0.000572488	647
0.609	0.000364217	0.000364217	0.000364217	0.000364217	626
0.61	-0.000993728	-0.000993728	-0.000993728	-0.000993728	574
0.611	0.00075904	0.00075904	0.00075904	0.00075904	625
0.612	4.42244e-05	4.42244e-05	4.42244e-05	4.42244e-05	606
0.613	-0.000142679	-0.000142679	-0.000142679	-0.000142679	642
0.614	-0.000382382	-0.000382382	-0.000382382	-0.000382382	613
0.615	0.00102719	0.00102719	0.00102719	0.00102719	581
0.616	0.000772583	0.000772583	0.000772583	0.000772583	569
0.617	0.00210357	0.00210357	0.00210357	0.00210357	560
0.618	0.00191145	0.00191145	0.00191145	0.00191145	664
0.619	0.000291558	0.000291558	0.000291558	0.000291558	616
0.62	0.000756463	0.000756463	0.000756463	0.000756463	588
0.621	0.00115835	0.00115835	0.00115835	0.00115835	557
0.622	0.0018984	0.0018984	0.0018984	0.0018984	563
0.623	0.000468259	0.000468259	0.000468259	0.000468259	586
0.624	0.0016643	0.0016643	0.0016643	0.0016643	591
0.625	0.00135655	0.00135655	0.00135655	0.00135655	626
0.626	0.00107881	0.00107881	0.00107881	0.00107881	571
0.627	0.00230089	0.00230089	0.00230089	0.00230089	561
0.628	0.000707257	0.000707257	0.000707257	0.000707257	565
0.629	0.000374439	0.000374439	0.000374439	0.000374439	579
0.63	0.00112617	0.00112617	0.00112617	0.00112617	596
0.631	0.000607885	0.000607885	0.000607885	0.000607885	558
0.632	0.000616327	0.000616327	0.000616327	0.000616327	588
0.633	0.000890159	0.000890159	0.000890159	0.000890159	630
0.634	0.0005267	0.0005267	0.0005267	0.0005267	603
0.635	0.000419449	0.000419449	0.000419449	0.000419449	617
0.636	-0.000472131	-0.000472131	-0.000472131	-0.000472131	610
0.637	0.000155634	0.000155634	0.000155634	0.000155634	568
0.638	-0.000997909	-0.000997909	-0.000997909	-0.000997909	574
0.639	-0.000238879	-0.000238879	-0.000238879	-0.000238879	571
0.64	0.00111987	0.00111987	0.00111987	0.00111987	594
0.641	-9.3575e-05	-9.3575e-05	-9.3575e-05	-9.3575e-05	607
0.642	0.000747992	0.000747992	0.000747992	0.000747992	523
0.643	-0.000426576	-0.000426576	-0.000426576	-0.000426576	587
0.644	-0.000123906	-0.000123906	-0.000123906	-0.000123906	594
0.645	-0.000383466	-0.000383466	-0.000383466	-0.000383466	629
0.646	-0.000428179	-0.000428179	-0.000428179	-0.000428179	582
0.647	-0.00040201	-0.00040201	-0.00040201	-0.00040201	597
0.648	-0.00029547	-0.00029547	-0.00029547	-0.00029547	574
0.649	0.000410845	0.000410845	0.000410845	0.000410845	627
0.65	0.000209174	0.000209174	0.000209174	0.000209174	654
0.651	-5.46075e-05	-5.46075e-05	-5.46075e-05	-5.46075e-05	586
0.652	-0.000467987	-0.000467987	-0.000467987	-0.000467987	606
0.653	-0.00040995	-0.00040995	-0.00040995	-0.00040995	603
0.654	-0.000452174	-0.000452174	-0.000452174	-0.000452174	598
0.655	-0.00165206	-0.00165206	-0.00165206	-0.00165206	630
0.656	-0.000911073	-0.000911073	-0.000911073	-0.000911073	587
0.657	-0.000168459	-0.000168459	-0.000168459	-0.000168459	558
0.658	-0.000758574	-0.000758574	-0.000758574	-0.000758574	589
0.659	-0.000408814	-0.000408814	-0.000408814	-0.000408814	590
0.66	-0.000350336	-0.000350336	-0.000350336	-0.000350336	596
0.661	-0.000844042	-0.000844042	-0.000844042	-0.000844042	663
0.662	-0.000583767	-0.000583767	-0.000583767	-0.000583767	653
0.663	-0.00122597	-0.00122597	-0.00122597	-0.00122597	616
0.664	-0.000519449	-0.000519449	-0.000519449	-0.000519449	653
0.665	-0.000705618	-0.000705618	-0.000705618	-0.000705618	623
0.666	-0.000594435	-0.000594435	-0.000594435	-0.000594435	611
0.667	-0.00123871	-0.00123871	-0.00123871	-0.00123871	589
0.668	-0.00104052	-0.00104052	-0.00104052	-0.00104052	617
0.669	-0.00107354	-0.00107354	-0.00107354	-0.00107354	582
0.67	-0.00165639	-0.00165639	-0.00165639	-0.00165639	681
0.671	-0.0012239	-0.0012239	-0.0012239	-0.0012239	636
0.672	-0.000905431	-0.000905431	-0.000905431	-0.000905431	626
0.673	-0.00174894	-0.00174894	-0.00174894	-0.00174894	615
0.674	-0.00160137	-0.00160137	-0.00160137	-0.00160137	583
0.675	-0.00101986	-0.00101986	-0.00101986	-0.00101986	584
0.676	-0.00121812	-0.00121812	-0.00121812	-0.00121812	618
0.677	-0.00133088	-0.00133088	-0.00133088	-0.00133088	599
0.678	-0.000915772	-0.000915772	-0.000915772	-0.000915772	615
0.679	-0.00112532	-0.00112532	-0.00112532	-0.00112532	616
0.68	-0.000904212	-0.000904212	-0.000904212	-0.000904212	641
0.681	-0.000807643	-0.000807643	-0.000807643	-0.000807643	628
0.682	-0.00154194	-0.00154194	-0.00154194	-0.00154194	620
0.683	-0.00161384	-0.00161384	-0.00161384	-0.00161384	607
0.684	-0.00105057	-0.00105057	-0.00105057	-0.00105057	613
0.685	-0.000883361	-0.000883361	-0.000883361	-0.000883361	595
0.686	-0.000726316	-0.000726316	-0.000726316	-0.000726316	570
0.687	-0.000364138	-0.000364138	-0.000364138	-0.000364138	580
0.688	-0.000489046	-0.000489046	-0.000489046	-0.000489046	566
0.689	6.12378e-05	6.12378e-05	6.12378e-05	6.12378e-05	614
0.69	6.87196e-05	6.87196e-05	6.87196e-05	6.87196e-05	617
0.691	-0.000307645	-0.000307645	-0.000307645	-0.000307645	654
0.692	-0.00065098	-0.00065098	-0.00065098	-0.00065098	561
0.693	-0.000391693	-0.000391693	-0.000391693	-0.000391693	626
0.694	-0.000310035	-0.000310035	-0.000310035	-0.000310035	578
0.695	0.00043961	0.00043961	0.00043961	0.00043961	616
0.696	0.000678	0.000678	0.000678	0.000678	600
0.697	-0.000757404	-0.000757404	-0.000757404	-0.000757404	601
0.698	0.000974141	0.000974141	0.000974141	0.000974141	611
0.699	0.00123558	0.00123558	0.00123558	0.00123558	607
0.7	-0.000289157	-0.000289157	-0.000289157	-0.000289157	581
0.701	-0.00132535	-0.00132535	-0.00132535	-0.00132535	568
0.702	-0.000738514	-0.000738514	-0.000738514	-0.000738514	592
0.703	-0.000783212	-0.000783212	-0.000783212	-0.000783212	548
0.704	-0.000462329	-0.000462329	-0.000462329	-0.000462329	584
0.705	0.000697578	0.000697578	0.000697578	0.000697578	578
0.706	5.2349e-05	5.2349e-05	5.2349e-05	5.2349e-05	596
0.707	0.000756007	0.000756007	0.000756007	0.000756007	591
0.708	-0.000587097	-0.000587097	-0.000587097	-0.000587097	558
0.709	-0.000137705	-0.000137705	-0.000137705	-0.000137705	610
0.71	0.000802888	0.000802888	0.000802888	0.000802888	554
0.711	0.000307579	0.000307579	0.000307579	0.000307579	541
0.712	-0.000387965	-0.000387965	-0.000387965	-0.000387965	565
0.713	0.00301216	0.00301216	0.00301216	0.00301216	592
0.714	0.00208127	0.00208127	0.00208127	0.00208127	566
0.715	0.00129638	0.00129638	0.00129638	0.00129638	552
0.716	0.00125026	0.00125026	0.00125026	0.00125026	573
0.717	-0.000161644	-0.000161644	-0.000161644	-0.000161644	584
0.718	0.00100835	0.00100835	0.00100835	0.00100835	599
0.719	0.001328	0.001328	0.001328	0.001328	550
0.72	0.00155936	0.00155936	0.00155936	0.00155936	561
0.721	0.00144541	0.00144541	0.00144541	0.00144541	577
0.722	0.00334505	0.00334505	0.00334505	0.00334505	546
0.723	0.00197161	0.00197161	0.00197161	0.00197161	620
0.724	0.00231405	0.00231405	0.00231405	0.00231405	605
0.725	0.00333826	0.00333826	0.00333826	0.00333826	596
0.726	0.00397365	0.00397365	0.00397365	0.00397365	592
0.727	0.00302254	0.00302254	0.00302254	0.00302254	568
0.728	0.00169983	0.00169983	0.00169983	0.00169983	589
0.729	0.00207367	0.00207367	0.00207367	0.00207367	581
0.73	0.0018177	0.0018177	0.0018177	0.0018177	531
0.731	0.00277388	0.00277388	0.00277388	0.00277388	582
0.732	0.00267452	0.00267452	0.00267452	0.00267452	577
0.733	0.00286031	0.00286031	0.00286031	0.00286031	577
0.734	0.00201878	0.00201878	0.00201878	0.00201878	575
0.735	0.00186581	0.00186581	0.00186581	0.00186581	620
0.736	8.99174e-05	8.99174e-05	8.99174e-05	8.99174e-05	605
0.737	0.00263835	0.00263835	0.00263835	0.00263835	631
0.738	0.00196934	0.00196934	0.00196934	0.00196934	587
0.739	0.00150987	0.00150987	0.00150987	0.00150987	608
0.74	0.00056741	0.00056741	0.00056741	0.00056741	583
0.741	0.00114857	0.00114857	0.00114857	0.00114857	560
0.742	0.00104558	0.00104558	0.00104558	0.00104558	588
0.743	0.000933766	0.000933766	0.000933766	0.000933766	616
0.744	0.000889041	0.000889041	0.000889041	0.000889041	584
0.745	2.32258e-05	2.32258e-05	2.32258e-05	2.32258e-05	620
0.746	0.000462633	0.000462633	0.000462633	0.000462633	562
0.747	-6.4e-05	-6.4e-05	-6.4e-05	-6.4e-05	575
0.748	0.000887379	0.000887379	0.000887379	0.000887379	618
0.749	-0.000159582	-0.000159582	-0.000159582	-0.000159582	574
0.75	-0.000276094	-0.000276094	-0.000276094	-0.000276094	594
0.751	0.000403711	0.000403711	0.000403711	0.000403711	539
0.752	0.00137888	0.00137888	0.00137888	0.00137888	644
0.753	0.00150915	0.00150915	0.00150915	0.00150915	634
0.754	0.00100099	0.00100099	0.00100099	0.00100099	607
0.755	0.000630667	0.000630667	0.000630667	0.000630667	600
0.756	0.000882689	0.000882689	0.000882689	0.000882689	595
0.757	0.000670423	0.000670423	0.000670423	0.000670423	568
0.758	1.78462e-05	1.78462e-05	1.78462e-05	1.78462e-05	650
0.759	0.000386032	0.000386032	0.000386032	0.000386032	630
0.76	-0.000214634	-0.000214634	-0.000214634	-0.000214634	615
0.761	-0.000344574	-0.000344574	-0.000344574	-0.000344574	599
0.762	-0.000205638	-0.000205638	-0.000205638	-0.000205638	603
0.763	-0.000228769	-0.000228769	-0.000228769	-0.000228769	577
0.764	-0.000864632	-0.000864632	-0.000864632	-0.000864632	557
0.765	0.000384132	0.000384132	0.000384132	0.000384132	605
0.766	0.000446397	0.000446397	0.000446397	0.000446397	569
0.767	0.000812565	0.000812565	0.000812565	0.000812565	573
0.768	0.000994286	0.000994286	0.000994286	0.000994286	595
0.769	0.000653263	0.000653263	0.000653263	0.000653263	567
0.77	0.000500658	0.000500658	0.000500658	0.000500658	608
0.771	0.000857711	0.000857711	0.000857711	0.000857711	603
0.772	-7.05467e-05	-7.05467e-05	-7.05467e-05	-7.05467e-05	567
0.773	7.45167e-05	7.45167e-05	7.45167e-05	7.45167e-05	569
0.774	0.000669913	0.000669913	0.000669913	0.000669913	575
0.775	0.000284984	0.000284984	0.000284984	0.000284984	626
0.776	0.000998639	0.000998639	0.000998639	0.000998639	588
0.777	-0.000442484	-0.000442484	-0.000442484	-0.000442484	612
0.778	-0.000411921	-0.000411921	-0.000411921	-0.000411921	604
0.779	0.000403509	0.000403509	0.000403509	0.000403509	570
0.78	0.00194903	0.00194903	0.00194903	0.00194903	565
0.781	-3.10954e-05	-3.10954e-05	-3.10954e-05	-3.10954e-05	566
0.782	-1.69657e-05	-1.69657e-05	-1.69657e-05	-1.69657e-05	613
0.783	4.48336e-05	4.48336e-05	4.48336e-05	4.48336e-05	571
0.784	0.000580105	0.000580105	0.000580105	0.000580105	573
0.785	0.000453235	0.000453235	0.000453235	0.000453235	541
0.786	-0.000401455	-0.000401455	-0.000401455	-0.000401455	550
0.787	0.000872855	0.000872855	0.000872855	0.000872855	571
0.788	-0.000157757	-0.000157757	-0.000157757	-0.000157757	535
0.789	0.000106618	0.000106618	0.000106618	0.000106618	544
0.79	0.000413534	0.000413534	0.000413534	0.000413534	532
0.791	0.000585551	0.000585551	0.000585551	0.000585551	526
0.792	-0.00014334	-0.00014334	-0.00014334	-0.00014334	533
0.793	-0.000258998	-0.000258998	-0.000258998	-0.000258998	539
0.794	-0.000491608	-0.000491608	-0.000491608	-0.000491608	572
0.795	-0.000931228	-0.000931228	-0.000931228	-0.000931228	570
0.796	0.000489396	0.000489396	0.000489396	0.000489396	613
0.797	-7.94473e-05	-7.94473e-05	-7.94473e-05	-7.94473e-05	579
0.798	-0.00139411	-0.00139411	-0.00139411	-0.00139411	577
0.799	-0.000134915	-0.000134915	-0.000134915	-0.000134915	590
0.8	-0.000997213	-0.000997213	-0.000997213	-0.000997213	574
0.801	-0.00164152	-0.00164152	-0.00164152	-0.00164152	578
0.802	-0.00144532	-0.00144532	-0.00144532	-0.00144532	631
0.803	-0.00105367	-0.00105367	-0.00105367	-0.00105367	626
0.804	-0.000638022	-0.000638022	-0.000638022	-0.000638022	647
0.805	-0.00132611	-0.00132611	-0.00132611	-0.00132611	609
0.806	-0.000452755	-0.000452755	-0.000452755	-0.000452755	599
0.807	-0.000934628	-0.000934628	-0.000934628	-0.000934628	618
0.808	-0.00130207	-0.00130207	-0.00130207	-0.00130207	627
0.809	-0.000415625	-0.000415625	-0.000415625	-0.000415625	640
0.81	-0.000572101	-0.000572101	-0.000572101	-0.000572101	595
0.811	-0.000131343	-0.000131343	-0.000131343	-0.000131343	603
0.812	0.000119853	0.000119853	0.000119853	0.000119853	544
0.813	-0.00149252	-0.00149252	-0.00149252	-0.00149252	588
0.814	-0.000363707	-0.000363707	-0.000363707	-0.000363707	518
0.815	0.00132082	0.00132082	0.00132082	0.00132082	586
0.816	0.000670164	0.000670164	0.000670164	0.000670164	610
0.817	0.000290511	0.000290511	0.000290511	0.000290511	548
0.818	0.000702686	0.000702686	0.000702686	0.000702686	633
0.819	0.000264297	0.000264297	0.000264297	0.000264297	619
0.82	-0.00135958	-0.00135958	-0.00135958	-0.00135958	569
0.821	-0.00146011	-0.00146011	-0.00146011	-0.00146011	569
0.822	-0.00104813	-0.00104813	-0.00104813	-0.00104813	561
0.823	-0.00101792	-0.00101792	-0.00101792	-0.00101792	547
0.824	-0.000358763	-0.000358763	-0.000358763	-0.000358763	582
0.825	-0.000870707	-0.000870707	-0.000870707	-0.000870707	594
0.826	-0.000421843	-0.000421843	-0.000421843	-0.000421843	586
0.827	3.69748e-05	3.69748e-05	3.69748e-05	3.69748e-05	595
0.828	-0.00054991	-0.00054991	-0.00054991	-0.00054991	555
0.829	-0.00147034	-0.00147034	-0.00147034	-0.00147034	580
0.83	-0.00133849	-0.00133849	-0.00133849	-0.00133849	595
0.831	-0.00164795	-0.00164795	-0.00164795	-0.00164795	634
0.832	-0.000846494	-0.000846494	-0.000846494	-0.000846494	542
0.833	-0.0006	-0.0006	-0.0006	-0.0006	590
0.834	-0.000548201	-0.000548201	-0.000548201	-0.000548201	556
0.835	-0.000112629	-0.000112629	-0.000112629	-0.000112629	483
0.836	-0.000318367	-0.000318367	-0.000318367	-0.000318367	588
0.837	-0.000281509	-0.000281509	-0.000281509	-0.000281509	530
0.838	-0.000380414	-0.000380414	-0.000380414	-0.000380414	531
0.839	-0.000560902	-0.000560902	-0.000560902	-0.000560902	532
0.84	-0.0019985	-0.0019985	-0.0019985	-0.0019985	535
0.841	-0.000726236	-0.000726236	-0.000726236	-0.000726236	526
0.842	-0.000905143	-0.000905143	-0.000905143	-0.000905143	525
0.843	-0.000877047	-0.000877047	-0.000877047	-0.000877047	623
0.844	-0.000558124	-0.000558124	-0.000558124	-0.000558124	597
0.845	-0.000636	-0.000636	-0.000636	-0.000636	600
0.846	-7.59931e-06	-7.59931e-06	-7.59931e-06	-7.59931e-06	579
0.847	-0.00169338	-0.00169338	-0.00169338	-0.00169338	544
0.848	-0.00117108	-0.00117108	-0.00117108	-0.00117108	581
0.849	-0.000553991	-0.000553991	-0.000553991	-0.000553991	639
0.85	-0.00110807	-0.00110807	-0.00110807	-0.00110807	570
0.851	-0.000295172	-0.000295172	-0.000295172	-0.000295172	580
0.852	0.000125673	0.000125673	0.000125673	0.000125673	557
0.853	0.000113103	0.000113103	0.000113103	0.000113103	580
0.854	-0.000400676	-0.000400676	-0.000400676	-0.000400676	592
0.855	-0.000308319	-0.000308319	-0.000308319	-0.000308319	589
0.856	-0.00156522	-0.00156522	-0.00156522	-0.00156522	575
0.857	-0.000207863	-0.000207863	-0.000207863	-0.000207863	585
0.858	-0.000368369	-0.000368369	-0.000368369	-0.000368369	607
0.859	-0.000788194	-0.000788194	-0.000788194	-0.000788194	576
0.86	-0.000124031	-0.000124031	-0.000124031	-0.000124031	645
0.861	-0.00155533	-0.00155533	-0.00155533	-0.00155533	600
0.862	-0.000434417	-0.000434417	-0.000434417	-0.000434417	523
0.863	0.000230427	0.000230427	0.000230427	0.000230427	585
0.864	0.000214966	0.000214966	0.000214966	0.000214966	588
0.865	0.00158315	0.00158315	0.00158315	0.00158315	546
0.866	-0.000391028	-0.000391028	-0.000391028	-0.000391028	535
0.867	-0.000942385	-0.000942385	-0.000942385	-0.000942385	545
0.868	-0.000389022	-0.000389022	-0.000389022	-0.000389022	583
0.869	0.000130217	0.000130217	0.000130217	0.000130217	599
0.87	-0.000937979	-0.000937979	-0.000937979	-0.000937979	574
0.871	-0.000910345	-0.000910345	-0.000910345	-0.000910345	551
0.872	0.000211765	0.000211765	0.000211765	0.000211765	612
0.873	-0.000820805	-0.000820805	-0.000820805	-0.000820805	596
0.874	0.000568078	0.000568078	0.000568078	0.000568078	614
0.875	-0.000411388	-0.000411388	-0.000411388	-0.000411388	562
0.876	0.000917981	0.000917981	0.000917981	0.000917981	634
0.877	-0.000533333	-0.000533333	-0.000533333	-0.000533333	609
0.878	-0.000595395	-0.000595395	-0.000595395	-0.000595395	608
0.879	-0.000228661	-0.000228661	-0.000228661	-0.000228661	635
0.88	-0.000176271	-0.000176271	-0.000176271	-0.000176271	590
0.881	-2.77966e-05	-2.77966e-05	-2.77966e-05	-2.77966e-05	590
0.882	0.000199657	0.000199657	0.000199657	0.000199657	583
0.883	0.000307131	0.000307131	0.000307131	0.000307131	603
0.884	9.2869e-05	9.2869e-05	9.2869e-05	9.2869e-05	603
0.885	-0.000107401	-0.000107401	-0.000107401	-0.000107401	581
0.886	0.00084	0.00084	0.00084	0.00084	620
0.887	-0.000411215	-0.000411215	-0.000411215	-0.000411215	535
0.888	-0.00051223	-0.00051223	-0.00051223	-0.00051223	556
0.889	-0.000537727	-0.000537727	-0.000537727	-0.000537727	607
0.89	-0.00126403	-0.00126403	-0.00126403	-0.00126403	556
0.891	-0.000974194	-0.000974194	-0.000974194	-0.000974194	558
0.892	-0.00050304	-0.00050304	-0.00050304	-0.00050304	625
0.893	-0.000921379	-0.000921379	-0.000921379	-0.000921379	580
0.894	-0.00016	-0.00016	-0.00016	-0.00016	610
0.895	-0.00014652	-0.00014652	-0.00014652	-0.00014652	546
0.896	-0.0010741	-0.0010741	-0.0010741	-0.0010741	610
0.897	-0.00102329	-0.00102329	-0.00102329	-0.00102329	584
0.898	-0.000694406	-0.000694406	-0.000694406	-0.000694406	572
0.899	-0.000204339	-0.000204339	-0.000204339	-0.000204339	507
0.9	-0.00110855	-0.00110855	-0.00110855	-0.00110855	538
0.901	-0.000355857	-0.000355857	-0.000355857	-0.000355857	589
0.902	-0.000321799	-0.000321799	-0.000321799	-0.000321799	578
0.903	-0.0010491	-0.0010491	-0.0010491	-0.0010491	554
0.904	-0.000113661	-0.000113661	-0.000113661	-0.000113661	549
0.905	0.000557554	0.000557554	0.000557554	0.000557554	556
0.906	-0.000953298	-0.000953298	-0.000953298	-0.000953298	561
0.907	-0.00111317	-0.00111317	-0.00111317	-0.00111317	562
0.908	-0.00095473	-0.00095473	-0.00095473	-0.00095473	592
0.909	-0.00101811	-0.00101811	-0.00101811	-0.00101811	519
0.91	-0.000252632	-0.000252632	-0.000252632	-0.000252632	608
0.911	-0.000464675	-0.000464675	-0.000464675	-0.000464675	569
0.912	-0.00205591	-0.00205591	-0.00205591	-0.00205591	558
0.913	-0.000644146	-0.000644146	-0.000644146	-0.000644146	521
0.914	-0.000721755	-0.000721755	-0.000721755	-0.000721755	547
0.915	-0.00134583	-0.00134583	-0.00134583	-0.00134583	587
0.916	-0.00120737	-0.00120737	-0.00120737	-0.00120737	543
0.917	-0.000808511	-0.000808511	-0.000808511	-0.000808511	564
0.918	-0.0006	-0.0006	-0.0006	-0.0006	566
0.919	0.000754111	0.000754111	0.000754111	0.000754111	523
0.92	-0.00037377	-0.00037377	-0.00037377	-0.00037377	549
0.921	-0.000100725	-0.000100725	-0.000100725	-0.000100725	552
0.922	-0.000883562	-0.000883562	-0.000883562	-0.000883562	584
0.923	-0.000244809	-0.000244809	-0.000244809	-0.000244809	549
0.924	-0.000175401	-0.000175401	-0.000175401	-0.000175401	561
0.925	-0.0003	-0.0003	-0.0003	-0.0003	572
0.926	-0.000665353	-0.000665353	-0.000665353	-0.000665353	609
0.927	-0.000310368	-0.000310368	-0.000310368	-0.000310368	598
0.928	-2.83186e-05	-2.83186e-05	-2.83186e-05	-2.83186e-05	565
0.929	-0.00120724	-0.00120724	-0.00120724	-0.00120724	608
0.93	-0.00095633	-0.00095633	-0.00095633	-0.00095633	545
0.931	-0.000486505	-0.000486505	-0.000486505	-0.000486505	578
0.932	9.68198e-05	9.68198e-05	9.68198e-05	9.68198e-05	566
0.933	0.000528358	0.000528358	0.000528358	0.000528358	536
0.934	0.000188718	0.000188718	0.000188718	0.000188718	585
0.935	-0.000455046	-0.000455046	-0.000455046	-0.000455046	545
0.936	8.91986e-05	8.91986e-05	8.91986e-05	8.91986e-05	574
0.937	5.6338e-06	5.6338e-06	5.6338e-06	5.6338e-06	568
0.938	-0.00103529	-0.00103529	-0.00103529	-0.00103529	527
0.939	-0.000821622	-0.000821622	-0.000821622	-0.000821622	518
0.94	-0.000965283	-0.000965283	-0.000965283	-0.000965283	530
0.941	-0.000839394	-0.000839394	-0.000839394	-0.000839394	528
0.942	-0.000482474	-0.000482474	-0.000482474	-0.000482474	485
0.943	-0.00156	-0.00156	-0.00156	-0.00156	540
0.944	-0.00185952	-0.00185952	-0.00185952	-0.00185952	504
0.945	-0.00154176	-0.00154176	-0.00154176	-0.00154176	522
0.946	-0.000958367	-0.000958367	-0.000958367	-0.000958367	490
0.947	-0.00088156	-0.00088156	-0.00088156	-0.00088156	564
0.948	-0.00100138	-0.00100138	-0.00100138	-0.00100138	580
0.949	-0.00057218	-0.00057218	-0.00057218	-0.00057218	532
0.95	-0.000430714	-0.000430714	-0.000430714	-0.000430714	560
0.951	-0.000545594	-0.000545594	-0.000545594	-0.000545594	522
0.952	-0.000420896	-0.000420896	-0.000420896	-0.000420896	536
0.953	0.000155245	0.000155245	0.000155245	0.000155245	572
0.954	-0.000937618	-0.000937618	-0.000937618	-0.000937618	529
0.955	-0.000616197	-0.000616197	-0.000616197	-0.000616197	568
0.956	-0.000549804	-0.000549804	-0.000549804	-0.000549804	510
0.957	-0.00071619	-0.00071619	-0.00071619	-0.00071619	525
0.958	-0.000188933	-0.000188933	-0.000188933	-0.000188933	506
0.959	0.000667395	0.000667395	0.000667395	0.000667395	549
0.96	0.000563441	0.000563441	0.000563441	0.000563441	558
0.961	-0.00064878	-0.00064878	-0.00064878	-0.00064878	492
0.962	0.000157971	0.000157971	0.000157971	0.000157971	552
0.963	0.000114175	0.000114175	0.000114175	0.000114175	515
0.964	-4.72868e-05	-4.72868e-05	-4.72868e-05	-4.72868e-05	516
0.965	0.000718681	0.000718681	0.000718681	0.000718681	546
0.966	-0.000728826	-0.000728826	-0.000728826	-0.000728826	562
0.967	-0.000752	-0.000752	-0.000752	-0.000752	550
0.968	-0.00154854	-0.00154854	-0.00154854	-0.00154854	583
0.969	-0.000169173	-0.000169173	-0.000169173	-0.000169173	532
0.97	-0.000895276	-0.000895276	-0.000895276	-0.000895276	508
0.971	-0.00046839	-0.00046839	-0.00046839	-0.00046839	503
0.972	-0.000675728	-0.000675728	-0.000675728	-0.000675728	515
0.973	-0.00104621	-0.00104621	-0.00104621	-0.00104621	528
0.974	-0.00129141	-0.00129141	-0.00129141	-0.00129141	512
0.975	-0.000238406	-0.000238406	-0.000238406	-0.000238406	552
0.976	-0.000631028	-0.000631028	-0.000631028	-0.000631028	535
0.977	-0.000836832	-0.000836832	-0.000836832	-0.000836832	543
0.978	-0.000409559	-0.000409559	-0.000409559	-0.000409559	544
0.979	-0.0014412	-0.0014412	-0.0014412	-0.0014412	534
0.98	-0.00105169	-0.00105169	-0.00105169	-0.00105169	561
0.981	-0.00126077	-0.00126077	-0.00126077	-0.00126077	520
0.982	-0.000836697	-0.000836697	-0.000836697	-0.000836697	545
0.983	0.00035122	0.00035122	0.00035122	0.00035122	533
0.984	0.00014991	0.00014991	0.00014991	0.00014991	555
0.985	-0.00103292	-0.00103292	-0.00103292	-0.00103292	565
0.986	-0.000903249	-0.000903249	-0.000903249	-0.000903249	554
0.987	-0.000116788	-0.000116788	-0.000116788	-0.000116788	548
0.988	-0.00188253	-0.00188253	-0.00188253	-0.00188253	538
0.989	-0.000813596	-0.000813596	-0.000813596	-0.000813596	559
0.99	-0.000682308	-0.000682308	-0.000682308	-0.000682308	520
0.991	-0.000787478	-0.000787478	-0.000787478	-0.000787478	575
0.992	-0.00108901	-0.00108901	-0.00108901	-0.00108901	573
0.993	-0.00161976	-0.00161976	-0.00161976	-0.00161976	587
0.994	-0.00115717	-0.00115717	-0.00115717	-0.00115717	551
0.995	-0.000733993	-0.000733993	-0.000733993	-0.000733993	606
0.996	-0.00141397	-0.00141397	-0.00141397	-0.00141397	587
0.997	-0.000629342	-0.000629342	-0.000629342	-0.000629342	593
0.998	-0.00085	-0.00085	-0.00085	-0.00085	576
0.999	-0.00101404	-0.00101404	-0.00101404	-0.00101404	570
1	-0.00101891	-0.00101891	-0.00101891	-0.00101891	550
