0.001	0.0652942	0.0652942	0.0652942	0.0652942	4046
0.002	0.0597076	0.0597076	0.0597076	0.0597076	3516
0.003	0.0555059	0.0555059	0.0555059	0.0555059	3085
0.004	0.0523851	0.0523851	0.0523851	0.0523851	2812
0.005	0.0514019	0.0514019	0.0514019	0.0514019	2554
0.006	0.0480162	0.0480162	0.0480162	0.0480162	2452
0.007	0.0462431	0.0462431	0.0462431	0.0462431	2332
0.008	0.0429227	0.0429227	0.0429227	0.0429227	2302
0.009	0.0452867	0.0452867	0.0452867	0.0452867	2126
0.01	0.0424546	0.0424546	0.0424546	0.0424546	2152
0.011	0.0406127	0.0406127	0.0406127	0.0406127	2031
0.012	0.0383218	0.0383218	0.0383218	0.0383218	2091
0.013	0.0364375	0.0364375	0.0364375	0.0364375	2006
0.014	0.0361797	0.0361797	0.0361797	0.0361797	2026
0.015	0.0373921	0.0373921	0.0373921	0.0373921	1851
0.016	0.0361795	0.0361795	0.0361795	0.0361795	1896
0.017	0.0355653	0.0355653	0.0355653	0.0355653	1914
0.018	0.0338006	0.0338006	0.0338006	0.0338006	1966
0.019	0.0330806	0.0330806	0.0330806	0.0330806	1833
0.02	0.0344614	0.0344614	0.0344614	0.0344614	1882
0.021	0.0314665	0.0314665	0.0314665	0.0314665	1759
0.022	0.033595	0.033595	0.033595	0.033595	1756
0.023	0.0347837	0.0347837	0.0347837	0.0347837	1673
0.024	0.032598	0.032598	0.032598	0.032598	1824
0.025	0.032608	0.032608	0.032608	0.032608	1775
0.026	0.0319129	0.0319129	0.0319129	0.0319129	1772
0.027	0.0311336	0.0311336	0.0311336	0.0311336	1796
0.028	0.0311058	0.0311058	0.0311058	0.0311058	1787
0.029	0.0305908	0.0305908	0.0305908	0.0305908	1753
0.03	0.0313568	0.0313568	0.0313568	0.0313568	1684
0.031	0.0284306	0.0284306	0.0284306	0.0284306	1661
0.032	0.0295537	0.0295537	0.0295537	0.0295537	1709
0.033	0.0282823	0.0282823	0.0282823	0.0282823	1642
0.034	0.028723	0.028723	0.028723	0.028723	1621
0.035	0.0272204	0.0272204	0.0272204	0.0272204	1605
0.036	0.0279206	0.0279206	0.0279206	0.0279206	1586
0.037	0.0278313	0.0278313	0.0278313	0.0278313	1572
0.038	0.0282529	0.0282529	0.0282529	0.0282529	1517
0.039	0.0272889	0.0272889	0.0272889	0.0272889	1580
0.04	0.0262064	0.0262064	0.0262064	0.0262064	1626
0.041	0.0255499	0.0255499	0.0255499	0.0255499	1525
0.042	0.0235515	0.0235515	0.0235515	0.0235515	1658
0.043	0.023744	0.023744	0.023744	0.023744	1650
0.044	0.0228598	0.0228598	0.0228598	0.0228598	1631
0.045	0.023813	0.023813	0.023813	0.023813	1617
0.046	0.023453	0.023453	0.023453	0.023453	1731
0.047	0.0233544	0.0233544	0.0233544	0.0233544	1655
0.048	0.0211865	0.0211865	0.0211865	0.0211865	1570
0.049	0.0218803	0.0218803	0.0218803	0.0218803	1644
0.05	0.0225238	0.0225238	0.0225238	0.0225238	1577
0.051	0.022992	0.022992	0.022992	0.022992	1644
0.052	0.0223019	0.0223019	0.0223019	0.0223019	1610
0.053	0.0217611	0.0217611	0.0217611	0.0217611	1656
0.054	0.021846	0.021846	0.021846	0.021846	1595
0.055	0.0232052	0.0232052	0.0232052	0.0232052	1629
0.056	0.0196462	0.0196462	0.0196462	0.0196462	1603
0.057	0.021209	0.021209	0.021209	0.021209	1603
0.058	0.0219531	0.0219531	0.0219531	0.0219531	1518
0.059	0.0214504	0.0214504	0.0214504	0.0214504	1535
0.06	0.019654	0.019654	0.019654	0.019654	1510
0.061	0.0206683	0.0206683	0.0206683	0.0206683	1586
0.062	0.0196114	0.0196114	0.0196114	0.0196114	1549
0.063	0.0204507	0.0204507	0.0204507	0.0204507	1531
0.064	0.0208395	0.0208395	0.0208395	0.0208395	1416
0.065	0.0197499	0.0197499	0.0197499	0.0197499	1462
0.066	0.0202985	0.0202985	0.0202985	0.0202985	1525
0.067	0.019206	0.019206	0.019206	0.019206	1468
0.068	0.0185808	0.0185808	0.0185808	0.0185808	1522
0.069	0.0189412	0.0189412	0.0189412	0.0189412	1533
0.07	0.0171191	0.0171191	0.0171191	0.0171191	1573
0.071	0.0180347	0.0180347	0.0180347	0.0180347	1477
0.072	0.0176756	0.0176756	0.0176756	0.0176756	1440
0.073	0.018776	0.018776	0.018776	0.018776	1535
0.074	0.0190614	0.0190614	0.0190614	0.0190614	1492
0.075	0.0201178	0.0201178	0.0201178	0.0201178	1426
0.076	0.0189143	0.0189143	0.0189143	0.0189143	1494
0.077	0.0200248	0.0200248	0.0200248	0.0200248	1470
0.078	0.0175085	0.0175085	0.0175085	0.0175085	1525
0.079	0.0179389	0.0179389	0.0179389	0.0179389	1474
0.08	0.0178864	0.0178864	0.0178864	0.0178864	1549
0.081	0.0165742	0.0165742	0.0165742	0.0165742	1456
0.082	0.0182231	0.0182231	0.0182231	0.0182231	1513
0.083	0.0170957	0.0170957	0.0170957	0.0170957	1634
0.084	0.0172227	0.0172227	0.0172227	0.0172227	1515
0.085	0.0175078	0.0175078	0.0175078	0.0175078	1509
0.086	0.0158143	0.0158143	0.0158143	0.0158143	1542
0.087	0.0150446	0.0150446	0.0150446	0.0150446	1501
0.088	0.015751	0.015751	0.015751	0.015751	1486
0.089	0.0151492	0.0151492	0.0151492	0.0151492	1432
0.09	0.0155094	0.0155094	0.0155094	0.0155094	1418
0.091	0.0149113	0.0149113	0.0149113	0.0149113	1398
0.092	0.0158423	0.0158423	0.0158423	0.0158423	1448
0.093	0.0134031	0.0134031	0.0134031	0.0134031	1420
0.094	0.0148561	0.0148561	0.0148561	0.0148561	1497
0.095	0.0137073	0.0137073	0.0137073	0.0137073	1458
0.096	0.01405	0.01405	0.01405	0.01405	1512
0.097	0.0131466	0.0131466	0.0131466	0.0131466	1483
0.098	0.0122394	0.0122394	0.0122394	0.0122394	1522
0.099	0.0118627	0.0118627	0.0118627	0.0118627	1529
0.1	0.0125181	0.0125181	0.0125181	0.0125181	1554
0.101	0.0115529	0.0115529	0.0115529	0.0115529	1478
0.102	0.0119492	0.0119492	0.0119492	0.0119492	1449
0.103	0.0118354	0.0118354	0.0118354	0.0118354	1526
0.104	0.0100616	0.0100616	0.0100616	0.0100616	1486
0.105	0.0112221	0.0112221	0.0112221	0.0112221	1500
0.106	0.00972904	0.00972904	0.00972904	0.00972904	1491
0.107	0.0113057	0.0113057	0.0113057	0.0113057	1419
0.108	0.0114505	0.0114505	0.0114505	0.0114505	1512
0.109	0.0111427	0.0111427	0.0111427	0.0111427	1466
0.11	0.0102837	0.0102837	0.0102837	0.0102837	1434
0.111	0.0124577	0.0124577	0.0124577	0.0124577	1483
0.112	0.0105915	0.0105915	0.0105915	0.0105915	1391
0.113	0.0107307	0.0107307	0.0107307	0.0107307	1496
0.114	0.00899383	0.00899383	0.00899383	0.00899383	1523
0.115	0.00973316	0.00973316	0.00973316	0.00973316	1499
0.116	0.00955671	0.00955671	0.00955671	0.00955671	1497
0.117	0.00887698	0.00887698	0.00887698	0.00887698	1481
0.118	0.00909194	0.00909194	0.00909194	0.00909194	1440
0.119	0.010583	0.010583	0.010583	0.010583	1467
0.12	0.0102233	0.0102233	0.0102233	0.0102233	1419
0.121	0.0105357	0.0105357	0.0105357	0.0105357	1480
0.122	0.00985347	0.00985347	0.00985347	0.00985347	1526
0.123	0.00992981	0.00992981	0.00992981	0.00992981	1419
0.124	0.00963713	0.00963713	0.00963713	0.00963713	1476
0.125	0.00874376	0.00874376	0.00874376	0.00874376	1458
0.126	0.00898866	0.00898866	0.00898866	0.00898866	1499
0.127	0.00910398	0.00910398	0.00910398	0.00910398	1433
0.128	0.00887601	0.00887601	0.00887601	0.00887601	1442
0.129	0.0100252	0.0100252	0.0100252	0.0100252	1429
0.13	0.00898614	0.00898614	0.00898614	0.00898614	1472
0.131	0.00851632	0.00851632	0.00851632	0.00851632	1458
0.132	0.00788712	0.00788712	0.00788712	0.00788712	1467
0.133	0.00991815	0.00991815	0.00991815	0.00991815	1515
0.134	0.0093322	0.0093322	0.0093322	0.0093322	1407
0.135	0.00808709	0.00808709	0.00808709	0.00808709	1456
0.136	0.00864247	0.00864247	0.00864247	0.00864247	1460
0.137	0.00824438	0.00824438	0.00824438	0.00824438	1370
0.138	0.00799725	0.00799725	0.00799725	0.00799725	1454
0.139	0.00882164	0.00882164	0.00882164	0.00882164	1442
0.14	0.00738553	0.00738553	0.00738553	0.00738553	1451
0.141	0.0077856	0.0077856	0.0077856	0.0077856	1472
0.142	0.0082561	0.0082561	0.0082561	0.0082561	1501
0.143	0.00720213	0.00720213	0.00720213	0.00720213	1503
0.144	0.00842065	0.00842065	0.00842065	0.00842065	1472
0.145	0.0076144	0.0076144	0.0076144	0.0076144	1500
0.146	0.00835845	0.00835845	0.00835845	0.00835845	1521
0.147	0.00805301	0.00805301	0.00805301	0.00805301	1464
0.148	0.00925624	0.00925624	0.00925624	0.00925624	1451
0.149	0.00926991	0.00926991	0.00926991	0.00926991	1522
0.15	0.00870477	0.00870477	0.00870477	0.00870477	1466
0.151	0.00846539	0.00846539	0.00846539	0.00846539	1517
0.152	0.00779742	0.00779742	0.00779742	0.00779742	1475
0.153	0.00873245	0.00873245	0.00873245	0.00873245	1504
0.154	0.00772109	0.00772109	0.00772109	0.00772109	1470
0.155	0.0080271	0.0080271	0.0080271	0.0080271	1491
0.156	0.00806529	0.00806529	0.00806529	0.00806529	1452
0.157	0.00671462	0.00671462	0.00671462	0.00671462	1368
0.158	0.00703865	0.00703865	0.00703865	0.00703865	1480
0.159	0.00751343	0.00751343	0.00751343	0.00751343	1511
0.16	0.00813909	0.00813909	0.00813909	0.00813909	1435
0.161	0.00811629	0.00811629	0.00811629	0.00811629	1486
0.162	0.00903317	0.00903317	0.00903317	0.00903317	1429
0.163	0.00790308	0.00790308	0.00790308	0.00790308	1494
0.164	0.00731425	0.00731425	0.00731425	0.00731425	1530
0.165	0.00834151	0.00834151	0.00834151	0.00834151	1443
0.166	0.0075904	0.0075904	0.0075904	0.0075904	1416
0.167	0.00819625	0.00819625	0.00819625	0.00819625	1439
0.168	0.00743271	0.00743271	0.00743271	0.00743271	1394
0.169	0.00700514	0.00700514	0.00700514	0.00700514	1402
0.17	0.00717182	0.00717182	0.00717182	0.00717182	1476
0.171	0.00714622	0.00714622	0.00714622	0.00714622	1443
0.172	0.00748087	0.00748087	0.00748087	0.00748087	1464
0.173	0.00723913	0.00723913	0.00723913	0.00723913	1421
0.174	0.00661984	0.00661984	0.00661984	0.00661984	1401
0.175	0.00684066	0.00684066	0.00684066	0.00684066	1387
0.176	0.00579986	0.00579986	0.00579986	0.00579986	1455
0.177	0.00608337	0.00608337	0.00608337	0.00608337	1449
0.178	0.00626771	0.00626771	0.00626771	0.00626771	1406
0.179	0.00558036	0.00558036	0.00558036	0.00558036	1405
0.18	0.00747681	0.00747681	0.00747681	0.00747681	1393
0.181	0.00597949	0.00597949	0.00597949	0.00597949	1385
0.182	0.00678159	0.00678159	0.00678159	0.00678159	1434
0.183	0.00683986	0.00683986	0.00683986	0.00683986	1405
0.184	0.00700567	0.00700567	0.00700567	0.00700567	1410
0.185	0.00621747	0.00621747	0.00621747	0.00621747	1385
0.186	0.00702502	0.00702502	0.00702502	0.00702502	1351
0.187	0.00661926	0.00661926	0.00661926	0.00661926	1423
0.188	0.00617705	0.00617705	0.00617705	0.00617705	1412
0.189	0.00641843	0.00641843	0.00641843	0.00641843	1367
0.19	0.00450478	0.00450478	0.00450478	0.00450478	1424
0.191	0.00487485	0.00487485	0.00487485	0.00487485	1368
0.192	0.00590598	0.00590598	0.00590598	0.00590598	1421
0.193	0.00637383	0.00637383	0.00637383	0.00637383	1406
0.194	0.0049726	0.0049726	0.0049726	0.0049726	1416
0.195	0.00626075	0.00626075	0.00626075	0.00626075	1419
0.196	0.00582661	0.00582661	0.00582661	0.00582661	1398
0.197	0.00592308	0.00592308	0.00592308	0.00592308	1378
0.198	0.00487318	0.00487318	0.00487318	0.00487318	1361
0.199	0.00460856	0.00460856	0.00460856	0.00460856	1402
0.2	0.00507904	0.00507904	0.00507904	0.00507904	1379
0.201	0.00501316	0.00501316	0.00501316	0.00501316	1368
0.202	0.00502625	0.00502625	0.00502625	0.00502625	1402
0.203	0.00468029	0.00468029	0.00468029	0.00468029	1360
0.204	0.00439942	0.00439942	0.00439942	0.00439942	1382
0.205	0.00459285	0.00459285	0.00459285	0.00459285	1315
0.206	0.00483586	0.00483586	0.00483586	0.00483586	1372
0.207	0.00478929	0.00478929	0.00478929	0.00478929	1382
0.208	0.00522677	0.00522677	0.00522677	0.00522677	1345
0.209	0.00448788	0.00448788	0.00448788	0.00448788	1411
0.21	0.0048946	0.0048946	0.0048946	0.0048946	1353
0.211	0.00500606	0.00500606	0.00500606	0.00500606	1353
0.212	0.00553733	0.00553733	0.00553733	0.00553733	1283
0.213	0.00434324	0.00434324	0.00434324	0.00434324	1346
0.214	0.0047248	0.0047248	0.0047248	0.0047248	1383
0.215	0.0050059	0.0050059	0.0050059	0.0050059	1323
0.216	0.00521254	0.00521254	0.00521254	0.00521254	1403
0.217	0.00358977	0.00358977	0.00358977	0.00358977	1408
0.218	0.00553726	0.00553726	0.00553726	0.00553726	1358
0.219	0.00453624	0.00453624	0.00453624	0.00453624	1330
0.22	0.00373531	0.00373531	0.00373531	0.00373531	1348
0.221	0.00333094	0.00333094	0.00333094	0.00333094	1335
0.222	0.00374665	0.00374665	0.00374665	0.00374665	1312
0.223	0.00454627	0.00454627	0.00454627	0.00454627	1299
0.224	0.00409181	0.00409181	0.00409181	0.00409181	1307
0.225	0.00351622	0.00351622	0.00351622	0.00351622	1270
0.226	0.00444397	0.00444397	0.00444397	0.00444397	1319
0.227	0.00309376	0.00309376	0.00309376	0.00309376	1299
0.228	0.0031645	0.0031645	0.0031645	0.0031645	1352
0.229	0.00362057	0.00362057	0.00362057	0.00362057	1361
0.23	0.00290523	0.00290523	0.00290523	0.00290523	1376
0.231	0.00408759	0.00408759	0.00408759	0.00408759	1338
0.232	0.00334939	0.00334939	0.00334939	0.00334939	1403
0.233	0.00308781	0.00308781	0.00308781	0.00308781	1362
0.234	0.00347349	0.00347349	0.00347349	0.00347349	1388
0.235	0.00361519	0.00361519	0.00361519	0.00361519	1396
0.236	0.0027329	0.0027329	0.0027329	0.0027329	1389
0.237	0.0032945	0.0032945	0.0032945	0.0032945	1291
0.238	0.00324295	0.00324295	0.00324295	0.00324295	1425
0.239	0.00326902	0.00326902	0.00326902	0.00326902	1414
0.24	0.00429091	0.00429091	0.00429091	0.00429091	1408
0.241	0.00351856	0.00351856	0.00351856	0.00351856	1331
0.242	0.00380643	0.00380643	0.00380643	0.00380643	1399
0.243	0.0033591	0.0033591	0.0033591	0.0033591	1330
0.244	0.00328839	0.00328839	0.00328839	0.00328839	1335
0.245	0.00331199	0.00331199	0.00331199	0.00331199	1393
0.246	0.00353241	0.00353241	0.00353241	0.00353241	1379
0.247	0.00393611	0.00393611	0.00393611	0.00393611	1371
0.248	0.00401641	0.00401641	0.00401641	0.00401641	1389
0.249	0.00355412	0.00355412	0.00355412	0.00355412	1421
0.25	0.00336442	0.00336442	0.00336442	0.00336442	1411
0.251	0.00287658	0.00287658	0.00287658	0.00287658	1358
0.252	0.00270183	0.00270183	0.00270183	0.00270183	1422
0.253	0.00286337	0.00286337	0.00286337	0.00286337	1414
0.254	0.0019799	0.0019799	0.0019799	0.0019799	1413
0.255	0.00244781	0.00244781	0.00244781	0.00244781	1414
0.256	0.00236986	0.00236986	0.00236986	0.00236986	1407
0.257	0.00268411	0.00268411	0.00268411	0.00268411	1391
0.258	0.00226406	0.00226406	0.00226406	0.00226406	1383
0.259	0.00234559	0.00234559	0.00234559	0.00234559	1360
0.26	0.00169939	0.00169939	0.00169939	0.00169939	1485
0.261	0.00230379	0.00230379	0.00230379	0.00230379	1426
0.262	0.00170175	0.00170175	0.00170175	0.00170175	1368
0.263	0.00270851	0.00270851	0.00270851	0.00270851	1386
0.264	0.00228937	0.00228937	0.00228937	0.00228937	1421
0.265	0.00285971	0.00285971	0.00285971	0.00285971	1400
0.266	0.00284499	0.00284499	0.00284499	0.00284499	1396
0.267	0.00252171	0.00252171	0.00252171	0.00252171	1354
0.268	0.00327763	0.00327763	0.00327763	0.00327763	1314
0.269	0.0017211	0.0017211	0.0017211	0.0017211	1308
0.27	0.00221687	0.00221687	0.00221687	0.00221687	1304
0.271	0.0019434	0.0019434	0.0019434	0.0019434	1378
0.272	0.00205731	0.00205731	0.00205731	0.00205731	1340
0.273	0.00181347	0.00181347	0.00181347	0.00181347	1381
0.274	0.00252653	0.00252653	0.00252653	0.00252653	1372
0.275	0.00176695	0.00176695	0.00176695	0.00176695	1416
0.276	0.00250099	0.00250099	0.00250099	0.00250099	1418
0.277	0.00237645	0.00237645	0.00237645	0.00237645	1427
0.278	0.00243722	0.00243722	0.00243722	0.00243722	1397
0.279	0.00183857	0.00183857	0.00183857	0.00183857	1343
0.28	0.00201568	0.00201568	0.00201568	0.00201568	1250
0.281	0.00254878	0.00254878	0.00254878	0.00254878	1312
0.282	0.00179276	0.00179276	0.00179276	0.00179276	1409
0.283	0.00278551	0.00278551	0.00278551	0.00278551	1380
0.284	0.0020829	0.0020829	0.0020829	0.0020829	1380
0.285	0.00235774	0.00235774	0.00235774	0.00235774	1363
0.286	0.0021671	0.0021671	0.0021671	0.0021671	1374
0.287	0.00135741	0.00135741	0.00135741	0.00135741	1357
0.288	0.00183629	0.00183629	0.00183629	0.00183629	1317
0.289	0.00284993	0.00284993	0.00284993	0.00284993	1354
0.29	0.0020732	0.0020732	0.0020732	0.0020732	1388
0.291	0.00222485	0.00222485	0.00222485	0.00222485	1336
0.292	0.00214279	0.00214279	0.00214279	0.00214279	1339
0.293	0.00209734	0.00209734	0.00209734	0.00209734	1393
0.294	0.00254493	0.00254493	0.00254493	0.00254493	1380
0.295	0.00229921	0.00229921	0.00229921	0.00229921	1389
0.296	0.00195634	0.00195634	0.00195634	0.00195634	1411
0.297	0.00221104	0.00221104	0.00221104	0.00221104	1359
0.298	0.00157767	0.00157767	0.00157767	0.00157767	1433
0.299	0.00132975	0.00132975	0.00132975	0.00132975	1341
0.3	0.00133618	0.00133618	0.00133618	0.00133618	1360
0.301	0.000887994	0.000887994	0.000887994	0.000887994	1391
0.302	0.00102781	0.00102781	0.00102781	0.00102781	1280
0.303	0.00242317	0.00242317	0.00242317	0.00242317	1364
0.304	0.00214425	0.00214425	0.00214425	0.00214425	1356
0.305	0.00110986	0.00110986	0.00110986	0.00110986	1380
0.306	0.00216081	0.00216081	0.00216081	0.00216081	1378
0.307	0.00150781	0.00150781	0.00150781	0.00150781	1345
0.308	0.00147189	0.00147189	0.00147189	0.00147189	1352
0.309	0.00064809	0.00064809	0.00064809	0.00064809	1335
0.31	0.00196219	0.00196219	0.00196219	0.00196219	1354
0.311	0.0016542	0.0016542	0.0016542	0.0016542	1417
0.312	0.00131453	0.00131453	0.00131453	0.00131453	1425
0.313	0.00195923	0.00195923	0.00195923	0.00195923	1305
0.314	0.00151994	0.00151994	0.00151994	0.00151994	1339
0.315	0.00279651	0.00279651	0.00279651	0.00279651	1377
0.316	0.00163548	0.00163548	0.00163548	0.00163548	1398
0.317	0.00146421	0.00146421	0.00146421	0.00146421	1411
0.318	0.00227782	0.00227782	0.00227782	0.00227782	1411
0.319	0.00167594	0.00167594	0.00167594	0.00167594	1359
0.32	0.00137221	0.00137221	0.00137221	0.00137221	1324
0.321	0.00155192	0.00155192	0.00155192	0.00155192	1381
0.322	0.00173709	0.00173709	0.00173709	0.00173709	1278
0.323	0.00153138	0.00153138	0.00153138	0.00153138	1265
0.324	0.00126846	0.00126846	0.00126846	0.00126846	1303
0.325	0.00183319	0.00183319	0.00183319	0.00183319	1350
0.326	0.00169464	0.00169464	0.00169464	0.00169464	1361
0.327	0.00179679	0.00179679	0.00179679	0.00179679	1370
0.328	0.000931726	0.000931726	0.000931726	0.000931726	1327
0.329	0.00191373	0.00191373	0.00191373	0.00191373	1326
0.33	0.00108041	0.00108041	0.00108041	0.00108041	1368
0.331	0.00157296	0.00157296	0.00157296	0.00157296	1302
0.332	0.00225018	0.00225018	0.00225018	0.00225018	1375
0.333	0.000916354	0.000916354	0.000916354	0.000916354	1437
0.334	0.00155226	0.00155226	0.00155226	0.00155226	1349
0.335	0.00196943	0.00196943	0.00196943	0.00196943	1361
0.336	0.00248843	0.00248843	0.00248843	0.00248843	1366
0.337	0.00153566	0.00153566	0.00153566	0.00153566	1374
0.338	0.00130225	0.00130225	0.00130225	0.00130225	1420
0.339	0.00134277	0.00134277	0.00134277	0.00134277	1384
0.34	0.00161772	0.00161772	0.00161772	0.00161772	1332
0.341	0.00134218	0.00134218	0.00134218	0.00134218	1342
0.342	0.00198058	0.00198058	0.00198058	0.00198058	1380
0.343	0.00143708	0.00143708	0.00143708	0.00143708	1343
0.344	0.00118072	0.00118072	0.00118072	0.00118072	1411
0.345	0.00181824	0.00181824	0.00181824	0.00181824	1349
0.346	0.00185488	0.00185488	0.00185488	0.00185488	1425
0.347	0.00227099	0.00227099	0.00227099	0.00227099	1327
0.348	0.00144868	0.00144868	0.00144868	0.00144868	1290
0.349	0.00243164	0.00243164	0.00243164	0.00243164	1378
0.35	0.00171994	0.00171994	0.00171994	0.00171994	1324
0.351	0.00147418	0.00147418	0.00147418	0.00147418	1402
0.352	0.00137459	0.00137459	0.00137459	0.00137459	1283
0.353	0.00276455	0.00276455	0.00276455	0.00276455	1320
0.354	0.00230758	0.00230758	0.00230758	0.00230758	1320
0.355	0.00232513	0.00232513	0.00232513	0.00232513	1325
0.356	0.00170045	0.00170045	0.00170045	0.00170045	1338
0.357	0.00187198	0.00187198	0.00187198	0.00187198	1356
0.358	0.00195677	0.00195677	0.00195677	0.00195677	1351
0.359	0.00184542	0.00184542	0.00184542	0.00184542	1299
0.36	0.0016103	0.0016103	0.0016103	0.0016103	1321
0.361	0.00154117	0.00154117	0.00154117	0.00154117	1319
0.362	0.00138539	0.00138539	0.00138539	0.00138539	1342
0.363	0.000685714	0.000685714	0.000685714	0.000685714	1316
0.364	0.00155942	0.00155942	0.00155942	0.00155942	1301
0.365	0.00140192	0.00140192	0.00140192	0.00140192	1351
0.366	0.0026369	0.0026369	0.0026369	0.0026369	1344
0.367	0.0021385	0.0021385	0.0021385	0.0021385	1291
0.368	0.00191138	0.00191138	0.00191138	0.00191138	1318
0.369	0.00152066	0.00152066	0.00152066	0.00152066	1341
0.37	0.00130984	0.00130984	0.00130984	0.00130984	1220
0.371	0.00116446	0.00116446	0.00116446	0.00116446	1317
0.372	0.000837037	0.000837037	0.000837037	0.000837037	1296
0.373	0.000866927	0.000866927	0.000866927	0.000866927	1279
0.374	0.00101502	0.00101502	0.00101502	0.00101502	1278
0.375	0.0004	0.0004	0.0004	0.0004	1281
0.376	0.0014637	0.0014637	0.0014637	0.0014637	1391
0.377	0.000727214	0.000727214	0.000727214	0.000727214	1231
0.378	0.000751407	0.000751407	0.000751407	0.000751407	1350
0.379	0.00112471	0.00112471	0.00112471	0.00112471	1307
0.38	0.00118436	0.00118436	0.00118436	0.00118436	1304
0.381	0.00130599	0.00130599	0.00130599	0.00130599	1302
0.382	0.00152175	0.00152175	0.00152175	0.00152175	1283
0.383	0.00102929	0.00102929	0.00102929	0.00102929	1352
0.384	0.00100334	0.00100334	0.00100334	0.00100334	1259
0.385	0.0006329	0.0006329	0.0006329	0.0006329	1307
0.386	0.000814619	0.000814619	0.000814619	0.000814619	1286
0.387	0.000432634	0.000432634	0.000432634	0.000432634	1287
0.388	0.000363466	0.000363466	0.000363466	0.000363466	1281
0.389	0.000462136	0.000462136	0.000462136	0.000462136	1339
0.39	0.000390088	0.000390088	0.000390088	0.000390088	1251
0.391	0.000446332	0.000446332	0.000446332	0.000446332	1295
0.392	0.000527496	0.000527496	0.000527496	0.000527496	1302
0.393	-0.000145083	-0.000145083	-0.000145083	-0.000145083	1271
0.394	0.000878275	0.000878275	0.000878275	0.000878275	1252
0.395	0.0005411	0.0005411	0.0005411	0.0005411	1236
0.396	0.00133589	0.00133589	0.00133589	0.00133589	1201
0.397	0.00156534	0.00156534	0.00156534	0.00156534	1327
0.398	0.000478738	0.000478738	0.000478738	0.000478738	1204
0.399	0.000627266	0.000627266	0.000627266	0.000627266	1269
0.4	0.00153441	0.00153441	0.00153441	0.00153441	1177
0.401	0.000745455	0.000745455	0.000745455	0.000745455	1254
0.402	0.000988599	0.000988599	0.000988599	0.000988599	1228
0.403	0.00118241	0.00118241	0.00118241	0.00118241	1251
0.404	0.000954134	0.000954134	0.000954134	0.000954134	1282
0.405	0.00101827	0.00101827	0.00101827	0.00101827	1303
0.406	0.00107452	0.00107452	0.00107452	0.00107452	1291
0.407	0.0014305	0.0014305	0.0014305	0.0014305	1331
0.408	0.001051	0.001051	0.001051	0.001051	1251
0.409	0.000801526	0.000801526	0.000801526	0.000801526	1311
0.41	0.00103785	0.00103785	0.00103785	0.00103785	1268
0.411	0.000179499	0.000179499	0.000179499	0.000179499	1317
0.412	0.000664582	0.000664582	0.000664582	0.000664582	1279
0.413	-0.000227202	-0.000227202	-0.000227202	-0.000227202	1294
0.414	0.000741894	0.000741894	0.000741894	0.000741894	1246
0.415	0.000328395	0.000328395	0.000328395	0.000328395	1296
0.416	0.000511294	0.000511294	0.000511294	0.000511294	1337
0.417	0.000631778	0.000631778	0.000631778	0.000631778	1372
0.418	0.00109978	0.00109978	0.00109978	0.00109978	1341
0.419	0.00141922	0.00141922	0.00141922	0.00141922	1405
0.42	0.00112698	0.00112698	0.00112698	0.00112698	1364
0.421	0.000785768	0.000785768	0.000785768	0.000785768	1321
0.422	0.000540432	0.000540432	0.000540432	0.000540432	1296
0.423	0.000815805	0.000815805	0.000815805	0.000815805	1316
0.424	0.00106962	0.00106962	0.00106962	0.00106962	1356
0.425	0.000461085	0.000461085	0.000461085	0.000461085	1290
0.426	0.00169543	0.00169543	0.00169543	0.00169543	1291
0.427	0.00157209	0.00157209	0.00157209	0.00157209	1390
0.428	0.00078069	0.00078069	0.00078069	0.00078069	1305
0.429	0.00189226	0.00189226	0.00189226	0.00189226	1344
0.43	0.000970655	0.000970655	0.000970655	0.000970655	1329
0.431	0.000497428	0.000497428	0.000497428	0.000497428	1322
0.432	0.000105848	0.000105848	0.000105848	0.000105848	1368
0.433	0.000235494	0.000235494	0.000235494	0.000235494	1296
0.434	0.000607764	0.000607764	0.000607764	0.000607764	1288
0.435	0.000532512	0.000532512	0.000532512	0.000532512	1298
0.436	0.000866403	0.000866403	0.000866403	0.000866403	1265
0.437	0.000658673	0.000658673	0.000658673	0.000658673	1251
0.438	6.80723e-05	6.80723e-05	6.80723e-05	6.80723e-05	1328
0.439	-0.000146728	-0.000146728	-0.000146728	-0.000146728	1314
0.44	0.000559443	0.000559443	0.000559443	0.000559443	1292
0.441	0.000548432	0.000548432	0.000548432	0.000548432	1307
0.442	0.00110336	0.00110336	0.00110336	0.00110336	1250
0.443	0.00083913	0.00083913	0.00083913	0.00083913	1288
0.444	0.000897289	0.000897289	0.000897289	0.000897289	1291
0.445	0.000945543	0.000945543	0.000945543	0.000945543	1234
0.446	0.0014374	0.0014374	0.0014374	0.0014374	1230
0.447	0.00144077	0.00144077	0.00144077	0.00144077	1354
0.448	0.00164815	0.00164815	0.00164815	0.00164815	1321
0.449	0.00156523	0.00156523	0.00156523	0.00156523	1254
0.45	0.00115556	0.00115556	0.00115556	0.00115556	1350
0.451	0.00128287	0.00128287	0.00128287	0.00128287	1308
0.452	0.000988464	0.000988464	0.000988464	0.000988464	1335
0.453	0.00164184	0.00164184	0.00164184	0.00164184	1329
0.454	0.00177788	0.00177788	0.00177788	0.00177788	1311
0.455	0.0005	0.0005	0.0005	0.0005	1300
0.456	0.00118238	0.00118238	0.00118238	0.00118238	1294
0.457	0.000518911	0.000518911	0.000518911	0.000518911	1359
0.458	0.000654189	0.000654189	0.000654189	0.000654189	1325
0.459	0.00179857	0.00179857	0.00179857	0.00179857	1402
0.46	0.00125099	0.00125099	0.00125099	0.00125099	1310
0.461	0.0010913	0.0010913	0.0010913	0.0010913	1391
0.462	0.000774351	0.000774351	0.000774351	0.000774351	1310
0.463	0.00106404	0.00106404	0.00106404	0.00106404	1321
0.464	0.000554659	0.000554659	0.000554659	0.000554659	1363
0.465	0.000447829	0.000447829	0.000447829	0.000447829	1313
0.466	0.000790755	0.000790755	0.000790755	0.000790755	1298
0.467	0.000459519	0.000459519	0.000459519	0.000459519	1371
0.468	0.000920795	0.000920795	0.000920795	0.000920795	1308
0.469	0.000487863	0.000487863	0.000487863	0.000487863	1343
0.47	0.000917474	0.000917474	0.000917474	0.000917474	1362
0.471	0.000349733	0.000349733	0.000349733	0.000349733	1313
0.472	0.000414645	0.000414645	0.000414645	0.000414645	1393
0.473	0.000418803	0.000418803	0.000418803	0.000418803	1404
0.474	0.000460615	0.000460615	0.000460615	0.000460615	1300
0.475	0.00166425	0.00166425	0.00166425	0.00166425	1270
0.476	0.000687754	0.000687754	0.000687754	0.000687754	1429
0.477	0.000719715	0.000719715	0.000719715	0.000719715	1405
0.478	0.000850592	0.000850592	0.000850592	0.000850592	1352
0.479	0.000520214	0.000520214	0.000520214	0.000520214	1311
0.48	0.000622054	0.000622054	0.000622054	0.000622054	1324
0.481	0.00087187	0.00087187	0.00087187	0.00087187	1358
0.482	0.000427225	0.000427225	0.000427225	0.000427225	1337
0.483	0.000570411	0.000570411	0.000570411	0.000570411	1291
0.484	0.000616035	0.000616035	0.000616035	0.000616035	1372
0.485	0.000440876	0.000440876	0.000440876	0.000440876	1370
0.486	0.000389888	0.000389888	0.000389888	0.000389888	1345
0.487	0.00125435	0.00125435	0.00125435	0.00125435	1369
0.488	0.000142962	0.000142962	0.000142962	0.000142962	1357
0.489	0.00120085	0.00120085	0.00120085	0.00120085	1410
0.49	0.00137625	0.00137625	0.00137625	0.00137625	1364
0.491	0.00166308	0.00166308	0.00166308	0.00166308	1319
0.492	0.000505552	0.000505552	0.000505552	0.000505552	1387
0.493	0.00105994	0.00105994	0.00105994	0.00105994	1308
0.494	0.000961991	0.000961991	0.000961991	0.000961991	1326
0.495	0.00075503	0.00075503	0.00075503	0.00075503	1352
0.496	0.000529761	0.000529761	0.000529761	0.000529761	1381
0.497	0.000726851	0.000726851	0.000726851	0.000726851	1378
0.498	0.000756	0.000756	0.000756	0.000756	1300
0.499	0.00106821	0.00106821	0.00106821	0.00106821	1381
0.5	0.000692463	0.000692463	0.000692463	0.000692463	1287
0.501	0.000380588	0.000380588	0.000380588	0.000380588	1360
0.502	0.000405575	0.000405575	0.000405575	0.000405575	1435
0.503	0.00157256	0.00157256	0.00157256	0.00157256	1312
0.504	0.000981627	0.000981627	0.000981627	0.000981627	1328
0.505	0.00081112	0.00081112	0.00081112	0.00081112	1259
0.506	0.000997152	0.000997152	0.000997152	0.000997152	1264
0.507	0.000519209	0.000519209	0.000519209	0.000519209	1265
0.508	0.000733286	0.000733286	0.000733286	0.000733286	1397
0.509	0.000568783	0.000568783	0.000568783	0.000568783	1339
0.51	0.000422717	0.000422717	0.000422717	0.000422717	1303
0.511	-7.97101e-05	-7.97101e-05	-7.97101e-05	-7.97101e-05	1380
0.512	0.00114135	0.00114135	0.00114135	0.00114135	1214
0.513	0.000230189	0.000230189	0.000230189	0.000230189	1378
0.514	0.000543558	0.000543558	0.000543558	0.000543558	1304
0.515	0.000449961	0.000449961	0.000449961	0.000449961	1297
0.516	-0.00011479	-0.00011479	-0.00011479	-0.00011479	1359
0.517	6.10979e-05	6.10979e-05	6.10979e-05	6.10979e-05	1257
0.518	0.000611103	0.000611103	0.000611103	0.000611103	1351
0.519	4.89796e-05	4.89796e-05	4.89796e-05	4.89796e-05	1274
0.52	0.000326878	0.000326878	0.000326878	0.000326878	1291
0.521	0.000833055	0.000833055	0.000833055	0.000833055	1198
0.522	0.000426707	0.000426707	0.000426707	0.000426707	1318
0.523	0.000164071	0.000164071	0.000164071	0.000164071	1297
0.524	0.00149977	0.00149977	0.00149977	0.00149977	1329
0.525	0.000616099	0.000616099	0.000616099	0.000616099	1292
0.526	0.000819355	0.000819355	0.000819355	0.000819355	1364
0.527	0.000751066	0.000751066	0.000751066	0.000751066	1267
0.528	0.000681146	0.000681146	0.000681146	0.000681146	1326
0.529	0.000804355	0.000804355	0.000804355	0.000804355	1286
0.53	0.00112879	0.00112879	0.00112879	0.00112879	1320
0.531	0.00109721	0.00109721	0.00109721	0.00109721	1218
0.532	0.000660536	0.000660536	0.000660536	0.000660536	1305
0.533	0.000716542	0.000716542	0.000716542	0.000716542	1342
0.534	0.000827586	0.000827586	0.000827586	0.000827586	1276
0.535	0.00153718	0.00153718	0.00153718	0.00153718	1318
0.536	0.000633035	0.000633035	0.000633035	0.000633035	1229
0.537	0.00142457	0.00142457	0.00142457	0.00142457	1286
0.538	0.000644186	0.000644186	0.000644186	0.000644186	1204
0.539	0.00115917	0.00115917	0.00115917	0.00115917	1205
0.54	0.000560815	0.000560815	0.000560815	0.000560815	1276
0.541	0.00110978	0.00110978	0.00110978	0.00110978	1268
0.542	0.000739498	0.000739498	0.000739498	0.000739498	1276
0.543	0.000658141	0.000658141	0.000658141	0.000658141	1345
0.544	0.000565742	0.000565742	0.000565742	0.000565742	1226
0.545	0.00137774	0.00137774	0.00137774	0.00137774	1249
0.546	0.00093617	0.00093617	0.00093617	0.00093617	1269
0.547	0.0013586	0.0013586	0.0013586	0.0013586	1198
0.548	0.000830108	0.000830108	0.000830108	0.000830108	1302
0.549	0.000799364	0.000799364	0.000799364	0.000799364	1257
0.55	0.0010148	0.0010148	0.0010148	0.0010148	1270
0.551	0.00153801	0.00153801	0.00153801	0.00153801	1226
0.552	0.00105189	0.00105189	0.00105189	0.00105189	1218
0.553	0.000583402	0.000583402	0.000583402	0.000583402	1217
0.554	0.000843082	0.000843082	0.000843082	0.000843082	1207
0.555	0.000601811	0.000601811	0.000601811	0.000601811	1215
0.556	0.000912264	0.000912264	0.000912264	0.000912264	1272
0.557	0.000572874	0.000572874	0.000572874	0.000572874	1305
0.558	0.000691115	0.000691115	0.000691115	0.000691115	1238
0.559	-0.000197452	-0.000197452	-0.000197452	-0.000197452	1256
0.56	0.000617806	0.000617806	0.000617806	0.000617806	1258
0.561	0.000278712	0.000278712	0.000278712	0.000278712	1273
0.562	0.000263341	0.000263341	0.000263341	0.000263341	1323
0.563	0.00055745	0.00055745	0.00055745	0.00055745	1255
0.564	0.00127226	0.00127226	0.00127226	0.00127226	1312
0.565	0.00114525	0.00114525	0.00114525	0.00114525	1264
0.566	0.000509399	0.000509399	0.000509399	0.000509399	1298
0.567	0.00108243	0.00108243	0.00108243	0.00108243	1235
0.568	0.000809779	0.000809779	0.000809779	0.000809779	1268
0.569	0.000866087	0.000866087	0.000866087	0.000866087	1265
0.57	0.000441885	0.000441885	0.000441885	0.000441885	1337
0.571	0.00069045	0.00069045	0.00069045	0.00069045	1267
0.572	0.000813559	0.000813559	0.000813559	0.000813559	1239
0.573	0.000721713	0.000721713	0.000721713	0.000721713	1354
0.574	0.000553411	0.000553411	0.000553411	0.000553411	1202
0.575	0.000699054	0.000699054	0.000699054	0.000699054	1268
0.576	0.00116452	0.00116452	0.00116452	0.00116452	1274
0.577	0.00108999	0.00108999	0.00108999	0.00108999	1269
0.578	0.0007363	0.0007363	0.0007363	0.0007363	1281
0.579	0.00101524	0.00101524	0.00101524	0.00101524	1312
0.58	0.000496194	0.000496194	0.000496194	0.000496194	1235
0.581	0.000787217	0.000787217	0.000787217	0.000787217	1283
0.582	-1.33111e-05	-1.33111e-05	-1.33111e-05	-1.33111e-05	1202
0.583	0.000188235	0.000188235	0.000188235	0.000188235	1309
0.584	-0.000159226	-0.000159226	-0.000159226	-0.000159226	1344
0.585	-0.000339923	-0.000339923	-0.000339923	-0.000339923	1305
0.586	-0.000101384	-0.000101384	-0.000101384	-0.000101384	1373
0.587	0.000267781	0.000267781	0.000267781	0.000267781	1316
0.588	-0.000160195	-0.000160195	-0.000160195	-0.000160195	1231
0.589	0.000501986	0.000501986	0.000501986	0.000501986	1259
0.59	0.000528549	0.000528549	0.000528549	0.000528549	1254
0.591	0.000485736	0.000485736	0.000485736	0.000485736	1297
0.592	0.000750548	0.000750548	0.000750548	0.000750548	1278
0.593	0.000129983	0.000129983	0.000129983	0.000129983	1194
0.594	0.000470644	0.000470644	0.000470644	0.000470644	1257
0.595	-0.000360582	-0.000360582	-0.000360582	-0.000360582	1238
0.596	0.000733333	0.000733333	0.000733333	0.000733333	1248
0.597	0.000597879	0.000597879	0.000597879	0.000597879	1320
0.598	0.000305472	0.000305472	0.000305472	0.000305472	1261
0.599	0.000699923	0.000699923	0.000699923	0.000699923	1299
0.6	0.00119248	0.00119248	0.00119248	0.00119248	1277
0.601	0.000909062	0.000909062	0.000909062	0.000909062	1280
0.602	0.000813647	0.000813647	0.000813647	0.000813647	1319
0.603	0.000579687	0.000579687	0.000579687	0.000579687	1280
0.604	0.00067536	0.00067536	0.00067536	0.00067536	1319
0.605	0.000149604	0.000149604	0.000149604	0.000149604	1262
0.606	5.6057e-05	5.6057e-05	5.6057e-05	5.6057e-05	1263
0.607	0.000271069	0.000271069	0.000271069	0.000271069	1272
0.608	0.00080853	0.00080853	0.00080853	0.00080853	1313
0.609	0.000590303	0.000590303	0.000590303	0.000590303	1320
0.61	0.000385725	0.000385725	0.000385725	0.000385725	1289
0.611	0.000423939	0.000423939	0.000423939	0.000423939	1320
0.612	-7.26722e-06	-7.26722e-06	-7.26722e-06	-7.26722e-06	1321
0.613	0.000382786	0.000382786	0.000382786	0.000382786	1371
0.614	-0.000251009	-0.000251009	-0.000251009	-0.000251009	1388
0.615	-8.18113e-05	-8.18113e-05	-8.18113e-05	-8.18113e-05	1325
0.616	-0.00013303	-0.00013303	-0.00013303	-0.00013303	1317
0.617	0.000617413	0.000617413	0.000617413	0.000617413	1229
0.618	-0.000105817	-0.000105817	-0.000105817	-0.000105817	1255
0.619	-0.000203077	-0.000203077	-0.000203077	-0.000203077	1300
0.62	-0.000446982	-0.000446982	-0.000446982	-0.000446982	1226
0.621	0.000274	0.000274	0.000274	0.000274	1200
0.622	0.00022728	0.00022728	0.00022728	0.00022728	1239
0.623	-0.000667421	-0.000667421	-0.000667421	-0.000667421	1237
0.624	6.09952e-05	6.09952e-05	6.09952e-05	6.09952e-05	1246
0.625	0.000761345	0.000761345	0.000761345	0.000761345	1190
0.626	4.7496e-05	4.7496e-05	4.7496e-05	4.7496e-05	1238
0.627	0.00058688	0.00058688	0.00058688	0.00058688	1250
0.628	-0.000581873	-0.000581873	-0.000581873	-0.000581873	1335
0.629	0.00067904	0.00067904	0.00067904	0.00067904	1250
0.63	0.000342765	0.000342765	0.000342765	0.000342765	1237
0.631	0.000825021	0.000825021	0.000825021	0.000825021	1215
0.632	-0.000403902	-0.000403902	-0.000403902	-0.000403902	1230
0.633	0.000163981	0.000163981	0.000163981	0.000163981	1266
0.634	0.000323431	0.000323431	0.000323431	0.000323431	1259
0.635	-0.000407337	-0.000407337	-0.000407337	-0.000407337	1254
0.636	0.000174782	0.000174782	0.000174782	0.000174782	1261
0.637	0.000100083	0.000100083	0.000100083	0.000100083	1199
0.638	-0.000212562	-0.000212562	-0.000212562	-0.000212562	1210
0.639	0.00073992	0.00073992	0.00073992	0.00073992	1245
0.64	4.15541e-05	4.15541e-05	4.15541e-05	4.15541e-05	1184
0.641	0.000183612	0.000183612	0.000183612	0.000183612	1196
0.642	-7.29502e-05	-7.29502e-05	-7.29502e-05	-7.29502e-05	1305
0.643	9.19431e-05	9.19431e-05	9.19431e-05	9.19431e-05	1266
0.644	-2.02899e-05	-2.02899e-05	-2.02899e-05	-2.02899e-05	1242
0.645	8.94188e-05	8.94188e-05	8.94188e-05	8.94188e-05	1342
0.646	7.05138e-05	7.05138e-05	7.05138e-05	7.05138e-05	1265
0.647	-0.000160625	-0.000160625	-0.000160625	-0.000160625	1280
0.648	0.000647535	0.000647535	0.000647535	0.000647535	1359
0.649	-0.000277786	-0.000277786	-0.000277786	-0.000277786	1319
0.65	0.000447962	0.000447962	0.000447962	0.000447962	1251
0.651	-0.000146971	-0.000146971	-0.000146971	-0.000146971	1271
0.652	1.92581e-05	1.92581e-05	1.92581e-05	1.92581e-05	1267
0.653	0.000138702	0.000138702	0.000138702	0.000138702	1217
0.654	0.0001056	0.0001056	0.0001056	0.0001056	1250
0.655	-0.000255226	-0.000255226	-0.000255226	-0.000255226	1282
0.656	-0.000315705	-0.000315705	-0.000315705	-0.000315705	1248
0.657	0.000108916	0.000108916	0.000108916	0.000108916	1245
0.658	-0.000834918	-0.000834918	-0.000834918	-0.000834918	1283
0.659	-0.00078089	-0.00078089	-0.00078089	-0.00078089	1214
0.66	3.76042e-05	3.76042e-05	3.76042e-05	3.76042e-05	1319
0.661	-0.000204328	-0.000204328	-0.000204328	-0.000204328	1294
0.662	-0.0001726	-0.0001726	-0.0001726	-0.0001726	1219
0.663	0.000460694	0.000460694	0.000460694	0.000460694	1239
0.664	-3.90244e-05	-3.90244e-05	-3.90244e-05	-3.90244e-05	1230
0.665	0.000283278	0.000283278	0.000283278	0.000283278	1196
0.666	-0.000773992	-0.000773992	-0.000773992	-0.000773992	1215
0.667	-0.000529533	-0.000529533	-0.000529533	-0.000529533	1263
0.668	-0.000201866	-0.000201866	-0.000201866	-0.000201866	1286
0.669	0.000181491	0.000181491	0.000181491	0.000181491	1221
0.67	0.000334021	0.000334021	0.000334021	0.000334021	1261
0.671	-3.34992e-05	-3.34992e-05	-3.34992e-05	-3.34992e-05	1206
0.672	0.000185907	0.000185907	0.000185907	0.000185907	1263
0.673	0.000351568	0.000351568	0.000351568	0.000351568	1371
0.674	0.000498425	0.000498425	0.000498425	0.000498425	1333
0.675	0.000514467	0.000514467	0.000514467	0.000514467	1258
0.676	0.000261245	0.000261245	0.000261245	0.000261245	1205
0.677	0.000270336	0.000270336	0.000270336	0.000270336	1308
0.678	0.000459484	0.000459484	0.000459484	0.000459484	1318
0.679	0.000633997	0.000633997	0.000633997	0.000633997	1306
0.68	-6.86836e-06	-6.86836e-06	-6.86836e-06	-6.86836e-06	1223
0.681	-0.000217799	-0.000217799	-0.000217799	-0.000217799	1236
0.682	6.31408e-05	6.31408e-05	6.31408e-05	6.31408e-05	1229
0.683	0.000212205	0.000212205	0.000212205	0.000212205	1229
0.684	-0.000122045	-0.000122045	-0.000122045	-0.000122045	1193
0.685	0.000163358	0.000163358	0.000163358	0.000163358	1239
0.686	-1.16129e-05	-1.16129e-05	-1.16129e-05	-1.16129e-05	1240
0.687	-0.000367931	-0.000367931	-0.000367931	-0.000367931	1160
0.688	-0.0003564	-0.0003564	-0.0003564	-0.0003564	1211
0.689	-0.000124979	-0.000124979	-0.000124979	-0.000124979	1165
0.69	-1.81668e-05	-1.81668e-05	-1.81668e-05	-1.81668e-05	1211
0.691	-0.000300163	-0.000300163	-0.000300163	-0.000300163	1226
0.692	-0.000361662	-0.000361662	-0.000361662	-0.000361662	1179
0.693	-0.000123833	-0.000123833	-0.000123833	-0.000123833	1221
0.694	-0.000298951	-0.000298951	-0.000298951	-0.000298951	1239
0.695	-0.00056129	-0.00056129	-0.00056129	-0.00056129	1240
0.696	-0.000551858	-0.000551858	-0.000551858	-0.000551858	1238
0.697	-7.5502e-05	-7.5502e-05	-7.5502e-05	-7.5502e-05	1245
0.698	8.66016e-05	8.66016e-05	8.66016e-05	8.66016e-05	1127
0.699	0.000243325	0.000243325	0.000243325	0.000243325	1251
0.7	-0.000132324	-0.000132324	-0.000132324	-0.000132324	1321
0.701	-9.08055e-05	-9.08055e-05	-9.08055e-05	-9.08055e-05	1229
0.702	0.000334593	0.000334593	0.000334593	0.000334593	1376
0.703	0.000593301	0.000593301	0.000593301	0.000593301	1254
0.704	0.000315379	0.000315379	0.000315379	0.000315379	1281
0.705	0.000129899	0.000129899	0.000129899	0.000129899	1281
0.706	0.00084065	0.00084065	0.00084065	0.00084065	1230
0.707	0.000675472	0.000675472	0.000675472	0.000675472	1272
0.708	-8.52359e-06	-8.52359e-06	-8.52359e-06	-8.52359e-06	1314
0.709	0.000695625	0.000695625	0.000695625	0.000695625	1280
0.71	0.000501281	0.000501281	0.000501281	0.000501281	1327
0.711	0.000414888	0.000414888	0.000414888	0.000414888	1209
0.712	0.000563804	0.000563804	0.000563804	0.000563804	1304
0.713	2.05128e-05	2.05128e-05	2.05128e-05	2.05128e-05	1248
0.714	0.000395458	0.000395458	0.000395458	0.000395458	1233
0.715	0.000276726	0.000276726	0.000276726	0.000276726	1246
0.716	9.40419e-05	9.40419e-05	9.40419e-05	9.40419e-05	1242
0.717	0.00035958	0.00035958	0.00035958	0.00035958	1237
0.718	0.00114268	0.00114268	0.00114268	0.00114268	1263
0.719	-0.000137143	-0.000137143	-0.000137143	-0.000137143	1190
0.72	0.000327243	0.000327243	0.000327243	0.000327243	1215
0.721	0.00108305	0.00108305	0.00108305	0.00108305	1221
0.722	0.000264	0.000264	0.000264	0.000264	1250
0.723	-1.49502e-05	-1.49502e-05	-1.49502e-05	-1.49502e-05	1204
0.724	0.000647012	0.000647012	0.000647012	0.000647012	1255
0.725	0.000532941	0.000532941	0.000532941	0.000532941	1360
0.726	0.000750552	0.000750552	0.000750552	0.000750552	1359
0.727	3.55828e-05	3.55828e-05	3.55828e-05	3.55828e-05	1304
0.728	0.00116013	0.00116013	0.00116013	0.00116013	1274
0.729	0.000990244	0.000990244	0.000990244	0.000990244	1312
0.73	0.00100149	0.00100149	0.00100149	0.00100149	1344
0.731	0.000343115	0.000343115	0.000343115	0.000343115	1329
0.732	0.000429444	0.000429444	0.000429444	0.000429444	1277
0.733	0.0001538	0.0001538	0.0001538	0.0001538	1342
0.734	0.000159146	0.000159146	0.000159146	0.000159146	1312
0.735	0.000144147	0.000144147	0.000144147	0.000144147	1307
0.736	0.000688226	0.000688226	0.000688226	0.000688226	1274
0.737	0.000300879	0.000300879	0.000300879	0.000300879	1251
0.738	-7.60835e-05	-7.60835e-05	-7.60835e-05	-7.60835e-05	1246
0.739	0.000267868	0.000267868	0.000267868	0.000267868	1332
0.74	0.000395886	0.000395886	0.000395886	0.000395886	1264
0.741	0.000761081	0.000761081	0.000761081	0.000761081	1295
0.742	0.000793119	0.000793119	0.000793119	0.000793119	1337
0.743	0.000747429	0.000747429	0.000747429	0.000747429	1225
0.744	0.000400316	0.000400316	0.000400316	0.000400316	1265
0.745	0.000349176	0.000349176	0.000349176	0.000349176	1275
0.746	0.000503302	0.000503302	0.000503302	0.000503302	1181
0.747	-0.000187254	-0.000187254	-0.000187254	-0.000187254	1271
0.748	-6.245e-05	-6.245e-05	-6.245e-05	-6.245e-05	1249
0.749	0.000699921	0.000699921	0.000699921	0.000699921	1267
0.75	0.000917377	0.000917377	0.000917377	0.000917377	1220
0.751	0.00152174	0.00152174	0.00152174	0.00152174	1242
0.752	0.000808308	0.000808308	0.000808308	0.000808308	1300
0.753	-0.000177952	-0.000177952	-0.000177952	-0.000177952	1279
0.754	0.000547352	0.000547352	0.000547352	0.000547352	1284
0.755	0.00046641	0.00046641	0.00046641	0.00046641	1301
0.756	0.000219055	0.000219055	0.000219055	0.000219055	1291
0.757	0.000346154	0.000346154	0.000346154	0.000346154	1196
0.758	9.13808e-05	9.13808e-05	9.13808e-05	9.13808e-05	1195
0.759	5.07631e-05	5.07631e-05	5.07631e-05	5.07631e-05	1245
0.76	0.00046733	0.00046733	0.00046733	0.00046733	1307
0.761	0.000342902	0.000342902	0.000342902	0.000342902	1261
0.762	0.000772858	0.000772858	0.000772858	0.000772858	1179
0.763	-0.000367308	-0.000367308	-0.000367308	-0.000367308	1248
0.764	-0.000270769	-0.000270769	-0.000270769	-0.000270769	1235
0.765	-0.000643949	-0.000643949	-0.000643949	-0.000643949	1256
0.766	0.000396713	0.000396713	0.000396713	0.000396713	1217
0.767	0.000705882	0.000705882	0.000705882	0.000705882	1241
0.768	0.000482602	0.000482602	0.000482602	0.000482602	1230
0.769	0.00102576	0.00102576	0.00102576	0.00102576	1219
0.77	0.000826624	0.000826624	0.000826624	0.000826624	1262
0.771	0.000536535	0.000536535	0.000536535	0.000536535	1166
0.772	0.000309208	0.000309208	0.000309208	0.000309208	1238
0.773	-0.000304207	-0.000304207	-0.000304207	-0.000304207	1236
0.774	-0.000164069	-0.000164069	-0.000164069	-0.000164069	1219
0.775	-0.000215457	-0.000215457	-0.000215457	-0.000215457	1268
0.776	-0.000130804	-0.000130804	-0.000130804	-0.000130804	1318
0.777	0.00112981	0.00112981	0.00112981	0.00112981	1288
0.778	2.25755e-05	2.25755e-05	2.25755e-05	2.25755e-05	1258
0.779	0.000711422	0.000711422	0.000711422	0.000711422	1287
0.78	0.00028704	0.00028704	0.00028704	0.00028704	1250
0.781	6.81854e-05	6.81854e-05	6.81854e-05	6.81854e-05	1273
0.782	0.000345955	0.000345955	0.000345955	0.000345955	1199
0.783	9.09829e-05	9.09829e-05	9.09829e-05	9.09829e-05	1231
0.784	0.000286562	0.000286562	0.000286562	0.000286562	1213
0.785	-5.76728e-05	-5.76728e-05	-5.76728e-05	-5.76728e-05	1186
0.786	0.000254251	0.000254251	0.000254251	0.000254251	1235
0.787	-0.000317684	-0.000317684	-0.000317684	-0.000317684	1278
0.788	-0.000615649	-0.000615649	-0.000615649	-0.000615649	1278
0.789	1.98241e-05	1.98241e-05	1.98241e-05	1.98241e-05	1251
0.79	0.000386896	0.000386896	0.000386896	0.000386896	1221
0.791	0.000862325	0.000862325	0.000862325	0.000862325	1213
0.792	-0.000378731	-0.000378731	-0.000378731	-0.000378731	1166
0.793	-7.01639e-05	-7.01639e-05	-7.01639e-05	-7.01639e-05	1220
0.794	0.000722705	0.000722705	0.000722705	0.000722705	1242
0.795	0.000293123	0.000293123	0.000293123	0.000293123	1265
0.796	0.000257006	0.000257006	0.000257006	0.000257006	1256
0.797	8.61134e-05	8.61134e-05	8.61134e-05	8.61134e-05	1217
0.798	1.8015e-05	1.8015e-05	1.8015e-05	1.8015e-05	1199
0.799	5.30915e-05	5.30915e-05	5.30915e-05	5.30915e-05	1213
0.8	0.000294029	0.000294029	0.000294029	0.000294029	1189
0.801	-3.82208e-05	-3.82208e-05	-3.82208e-05	-3.82208e-05	1214
0.802	0.00057129	0.00057129	0.00057129	0.00057129	1233
0.803	-0.00040299	-0.00040299	-0.00040299	-0.00040299	1204
0.804	0.000420372	0.000420372	0.000420372	0.000420372	1237
0.805	0.000236936	0.000236936	0.000236936	0.000236936	1175
0.806	3.00971e-05	3.00971e-05	3.00971e-05	3.00971e-05	1236
0.807	-8.33198e-05	-8.33198e-05	-8.33198e-05	-8.33198e-05	1229
0.808	0.000540248	0.000540248	0.000540248	0.000540248	1292
0.809	-0.000505838	-0.000505838	-0.000505838	-0.000505838	1319
0.81	-0.000451071	-0.000451071	-0.000451071	-0.000451071	1261
0.811	-0.000142669	-0.000142669	-0.000142669	-0.000142669	1214
0.812	0.000496139	0.000496139	0.000496139	0.000496139	1269
0.813	0.000246154	0.000246154	0.000246154	0.000246154	1248
0.814	0.000333389	0.000333389	0.000333389	0.000333389	1201
0.815	0.00023192	0.00023192	0.00023192	0.00023192	1297
0.816	-0.000425	-0.000425	-0.000425	-0.000425	1312
0.817	5.05393e-05	5.05393e-05	5.05393e-05	5.05393e-05	1298
0.818	0.000759936	0.000759936	0.000759936	0.000759936	1258
0.819	0.000439375	0.000439375	0.000439375	0.000439375	1280
0.82	0.000436066	0.000436066	0.000436066	0.000436066	1220
0.821	0.000271988	0.000271988	0.000271988	0.000271988	1328
0.822	-0.000376244	-0.000376244	-0.000376244	-0.000376244	1246
0.823	-0.000151928	-0.000151928	-0.000151928	-0.000151928	1219
0.824	-0.000181496	-0.000181496	-0.000181496	-0.000181496	1243
0.825	0.000242729	0.000242729	0.000242729	0.000242729	1231
0.826	-0.000465359	-0.000465359	-0.000465359	-0.000465359	1224
0.827	-0.000276381	-0.000276381	-0.000276381	-0.000276381	1249
0.828	-0.000206109	-0.000206109	-0.000206109	-0.000206109	1244
0.829	-0.000298667	-0.000298667	-0.000298667	-0.000298667	1200
0.83	0.000285959	0.000285959	0.000285959	0.000285959	1168
0.831	-0.000539373	-0.000539373	-0.000539373	-0.000539373	1148
0.832	0.000734946	0.000734946	0.000734946	0.000734946	1199
0.833	0.000383013	0.000383013	0.000383013	0.000383013	1248
0.834	0.000121697	0.000121697	0.000121697	0.000121697	1249
0.835	8.71595e-05	8.71595e-05	8.71595e-05	8.71595e-05	1285
0.836	-0.000222476	-0.000222476	-0.000222476	-0.000222476	1228
0.837	-0.000113051	-0.000113051	-0.000113051	-0.000113051	1203
0.838	-6.88581e-05	-6.88581e-05	-6.88581e-05	-6.88581e-05	1156
0.839	-2.42812e-05	-2.42812e-05	-2.42812e-05	-2.42812e-05	1252
0.84	-4.76948e-06	-4.76948e-06	-4.76948e-06	-4.76948e-06	1258
0.841	-0.000163737	-0.000163737	-0.000163737	-0.000163737	1263
0.842	-8.91938e-05	-8.91938e-05	-8.91938e-05	-8.91938e-05	1166
0.843	0.000147274	0.000147274	0.000147274	0.000147274	1339
0.844	0.000266145	0.000266145	0.000266145	0.000266145	1279
0.845	4.30438e-05	4.30438e-05	4.30438e-05	4.30438e-05	1301
0.846	0.000128	0.000128	0.000128	0.000128	1250
0.847	0.000444961	0.000444961	0.000444961	0.000444961	1290
0.848	0.000375661	0.000375661	0.000375661	0.000375661	1249
0.849	-0.00031861	-0.00031861	-0.00031861	-0.00031861	1209
0.85	7.21633e-05	7.21633e-05	7.21633e-05	7.21633e-05	1225
0.851	-0.000301843	-0.000301843	-0.000301843	-0.000301843	1194
0.852	-0.000531212	-0.000531212	-0.000531212	-0.000531212	1320
0.853	-0.000369587	-0.000369587	-0.000369587	-0.000369587	1210
0.854	0.00019456	0.00019456	0.00019456	0.00019456	1250
0.855	-0.000314308	-0.000314308	-0.000314308	-0.000314308	1293
0.856	-0.000461933	-0.000461933	-0.000461933	-0.000461933	1169
0.857	1.06834e-05	1.06834e-05	1.06834e-05	1.06834e-05	1273
0.858	-0.000434783	-0.000434783	-0.000434783	-0.000434783	1242
0.859	0.000598131	0.000598131	0.000598131	0.000598131	1177
0.86	-0.0003521	-0.0003521	-0.0003521	-0.0003521	1286
0.861	0.000123421	0.000123421	0.000123421	0.000123421	1251
0.862	0.000370981	0.000370981	0.000370981	0.000370981	1213
0.863	0.000673043	0.000673043	0.000673043	0.000673043	1150
0.864	0.000878854	0.000878854	0.000878854	0.000878854	1187
0.865	0.000356958	0.000356958	0.000356958	0.000356958	1236
0.866	0.000137094	0.000137094	0.000137094	0.000137094	1170
0.867	-0.000168719	-0.000168719	-0.000168719	-0.000168719	1202
0.868	-0.000536066	-0.000536066	-0.000536066	-0.000536066	1220
0.869	-0.000183775	-0.000183775	-0.000183775	-0.000183775	1208
0.87	-0.00038437	-0.00038437	-0.00038437	-0.00038437	1254
0.871	0.000329214	0.000329214	0.000329214	0.000329214	1311
0.872	-0.000409539	-0.000409539	-0.000409539	-0.000409539	1216
0.873	-0.000383461	-0.000383461	-0.000383461	-0.000383461	1306
0.874	-0.000245405	-0.000245405	-0.000245405	-0.000245405	1273
0.875	0.000239874	0.000239874	0.000239874	0.000239874	1269
0.876	-5.66483e-06	-5.66483e-06	-5.66483e-06	-5.66483e-06	1271
0.877	-0.000601221	-0.000601221	-0.000601221	-0.000601221	1310
0.878	0.000709398	0.000709398	0.000709398	0.000709398	1245
0.879	0.000157382	0.000157382	0.000157382	0.000157382	1253
0.88	0.000183876	0.000183876	0.000183876	0.000183876	1290
0.881	-0.000224365	-0.000224365	-0.000224365	-0.000224365	1182
0.882	0.000378449	0.000378449	0.000378449	0.000378449	1225
0.883	0.000252023	0.000252023	0.000252023	0.000252023	1211
0.884	0.000333333	0.000333333	0.000333333	0.000333333	1188
0.885	-7.62191e-05	-7.62191e-05	-7.62191e-05	-7.62191e-05	1333
0.886	9.63082e-05	9.63082e-05	9.63082e-05	9.63082e-05	1246
0.887	0.000137143	0.000137143	0.000137143	0.000137143	1225
0.888	-0.000915765	-0.000915765	-0.000915765	-0.000915765	1275
0.889	-0.000359016	-0.000359016	-0.000359016	-0.000359016	1220
0.89	-0.000264547	-0.000264547	-0.000264547	-0.000264547	1258
0.891	0.000551575	0.000551575	0.000551575	0.000551575	1206
0.892	0.000121022	0.000121022	0.000121022	0.000121022	1213
0.893	6.3773e-05	6.3773e-05	6.3773e-05	6.3773e-05	1198
0.894	0.00015178	0.00015178	0.00015178	0.00015178	1236
0.895	0.000668697	0.000668697	0.000668697	0.000668697	1182
0.896	-0.000571477	-0.000571477	-0.000571477	-0.000571477	1185
0.897	-0.000186207	-0.000186207	-0.000186207	-0.000186207	1276
0.898	-0.000444733	-0.000444733	-0.000444733	-0.000444733	1234
0.899	-0.000312228	-0.000312228	-0.000312228	-0.000312228	1194
0.9	-0.000554244	-0.000554244	-0.000554244	-0.000554244	1237
0.901	-0.000696013	-0.000696013	-0.000696013	-0.000696013	1204
0.902	-4.49251e-05	-4.49251e-05	-4.49251e-05	-4.49251e-05	1202
0.903	-0.000126076	-0.000126076	-0.000126076	-0.000126076	1231
0.904	-0.00043654	-0.00043654	-0.00043654	-0.00043654	1237
0.905	0.000163104	0.000163104	0.000163104	0.000163104	1263
0.906	-0.000462612	-0.000462612	-0.000462612	-0.000462612	1233
0.907	-0.00116232	-0.00116232	-0.00116232	-0.00116232	1242
0.908	-0.000333033	-0.000333033	-0.000333033	-0.000333033	1332
0.909	-0.000128659	-0.000128659	-0.000128659	-0.000128659	1312
0.91	0.000222046	0.000222046	0.000222046	0.000222046	1261
0.911	-0.000461769	-0.000461769	-0.000461769	-0.000461769	1334
0.912	-0.000135993	-0.000135993	-0.000135993	-0.000135993	1203
0.913	-0.000508947	-0.000508947	-0.000508947	-0.000508947	1263
0.914	-0.000242295	-0.000242295	-0.000242295	-0.000242295	1220
0.915	3.37008e-05	3.37008e-05	3.37008e-05	3.37008e-05	1270
0.916	-0.00106915	-0.00106915	-0.00106915	-0.00106915	1287
0.917	-0.00044765	-0.00044765	-0.00044765	-0.00044765	1234
0.918	-0.000190217	-0.000190217	-0.000190217	-0.000190217	1247
0.919	-5.29412e-05	-5.29412e-05	-5.29412e-05	-5.29412e-05	1292
0.92	-0.000182724	-0.000182724	-0.000182724	-0.000182724	1285
0.921	-0.000206023	-0.000206023	-0.000206023	-0.000206023	1295
0.922	-0.000545846	-0.000545846	-0.000545846	-0.000545846	1300
0.923	0.00037108	0.00037108	0.00037108	0.00037108	1231
0.924	-0.000248097	-0.000248097	-0.000248097	-0.000248097	1235
0.925	-0.000386395	-0.000386395	-0.000386395	-0.000386395	1323
0.926	-0.000822187	-0.000822187	-0.000822187	-0.000822187	1262
0.927	-0.000175126	-0.000175126	-0.000175126	-0.000175126	1190
0.928	-0.000585222	-0.000585222	-0.000585222	-0.000585222	1218
0.929	-0.000321674	-0.000321674	-0.000321674	-0.000321674	1195
0.93	-0.00100443	-0.00100443	-0.00100443	-0.00100443	1264
0.931	-0.000703481	-0.000703481	-0.000703481	-0.000703481	1264
0.932	-0.000462783	-0.000462783	-0.000462783	-0.000462783	1236
0.933	-0.000602869	-0.000602869	-0.000602869	-0.000602869	1185
0.934	-0.000844878	-0.000844878	-0.000844878	-0.000844878	1230
0.935	-0.00108296	-0.00108296	-0.00108296	-0.00108296	1285
0.936	-0.000723183	-0.000723183	-0.000723183	-0.000723183	1156
0.937	-0.000787672	-0.000787672	-0.000787672	-0.000787672	1233
0.938	-0.000705272	-0.000705272	-0.000705272	-0.000705272	1195
0.939	-0.000814533	-0.000814533	-0.000814533	-0.000814533	1156
0.94	-0.00115709	-0.00115709	-0.00115709	-0.00115709	1184
0.941	-0.000840401	-0.000840401	-0.000840401	-0.000840401	1198
0.942	-0.000984458	-0.000984458	-0.000984458	-0.000984458	1171
0.943	-0.000547941	-0.000547941	-0.000547941	-0.000547941	1214
0.944	-0.000560433	-0.000560433	-0.000560433	-0.000560433	1294
0.945	-0.000805371	-0.000805371	-0.000805371	-0.000805371	1266
0.946	-0.00048124	-0.00048124	-0.00048124	-0.00048124	1226
0.947	-0.000575466	-0.000575466	-0.000575466	-0.000575466	1288
0.948	-0.000523585	-0.000523585	-0.000523585	-0.000523585	1272
0.949	-0.000948249	-0.000948249	-0.000948249	-0.000948249	1171
0.95	-5.00813e-05	-5.00813e-05	-5.00813e-05	-5.00813e-05	1230
0.951	-0.000935548	-0.000935548	-0.000935548	-0.000935548	1204
0.952	-0.000596913	-0.000596913	-0.000596913	-0.000596913	1166
0.953	-0.000489673	-0.000489673	-0.000489673	-0.000489673	1191
0.954	-0.000887468	-0.000887468	-0.000887468	-0.000887468	1189
0.955	-0.000551938	-0.000551938	-0.000551938	-0.000551938	1161
0.956	-0.000724388	-0.000724388	-0.000724388	-0.000724388	1185
0.957	-0.000279308	-0.000279308	-0.000279308	-0.000279308	1213
0.958	-0.000522713	-0.000522713	-0.000522713	-0.000522713	1268
0.959	-0.000714847	-0.000714847	-0.000714847	-0.000714847	1273
0.96	-0.00074751	-0.00074751	-0.00074751	-0.00074751	1265
0.961	-0.000346045	-0.000346045	-0.000346045	-0.000346045	1201
0.962	-0.000439098	-0.000439098	-0.000439098	-0.000439098	1197
0.963	-0.000904127	-0.000904127	-0.000904127	-0.000904127	1260
0.964	-0.000687685	-0.000687685	-0.000687685	-0.000687685	1218
0.965	-0.000866041	-0.000866041	-0.000866041	-0.000866041	1278
0.966	-0.000139607	-0.000139607	-0.000139607	-0.000139607	1169
0.967	-0.000498862	-0.000498862	-0.000498862	-0.000498862	1230
0.968	-0.00067812	-0.00067812	-0.00067812	-0.00067812	1234
0.969	-0.000368844	-0.000368844	-0.000368844	-0.000368844	1194
0.97	-0.000321582	-0.000321582	-0.000321582	-0.000321582	1163
0.971	-0.000917888	-0.000917888	-0.000917888	-0.000917888	1174
0.972	-0.000461563	-0.000461563	-0.000461563	-0.000461563	1241
0.973	-0.000228478	-0.000228478	-0.000228478	-0.000228478	1229
0.974	0.000403035	0.000403035	0.000403035	0.000403035	1186
0.975	-0.000656659	-0.000656659	-0.000656659	-0.000656659	1239
0.976	-0.000897148	-0.000897148	-0.000897148	-0.000897148	1227
0.977	-0.000362489	-0.000362489	-0.000362489	-0.000362489	1141
0.978	-0.000389701	-0.000389701	-0.000389701	-0.000389701	1204
0.979	-0.000497011	-0.000497011	-0.000497011	-0.000497011	1171
0.98	-0.00059948	-0.00059948	-0.00059948	-0.00059948	1153
0.981	-0.000456738	-0.000456738	-0.000456738	-0.000456738	1128
0.982	-0.000495431	-0.000495431	-0.000495431	-0.000495431	1182
0.983	-0.000885956	-0.000885956	-0.000885956	-0.000885956	1182
0.984	-0.000895732	-0.000895732	-0.000895732	-0.000895732	1195
0.985	-0.000786319	-0.000786319	-0.000786319	-0.000786319	1228
0.986	-0.000293912	-0.000293912	-0.000293912	-0.000293912	1199
0.987	-0.000450284	-0.000450284	-0.000450284	-0.000450284	1233
0.988	-0.000517878	-0.000517878	-0.000517878	-0.000517878	1225
0.989	-0.000324957	-0.000324957	-0.000324957	-0.000324957	1162
0.99	-0.000723481	-0.000723481	-0.000723481	-0.000723481	1218
0.991	-0.000506524	-0.000506524	-0.000506524	-0.000506524	1119
0.992	-0.000549164	-0.000549164	-0.000549164	-0.000549164	1137
0.993	6.12903e-05	6.12903e-05	6.12903e-05	6.12903e-05	1240
0.994	7.93416e-05	7.93416e-05	7.93416e-05	7.93416e-05	1215
0.995	-0.000279631	-0.000279631	-0.000279631	-0.000279631	1193
0.996	-5.29958e-05	-5.29958e-05	-5.29958e-05	-5.29958e-05	1185
0.997	-0.000593395	-0.000593395	-0.000593395	-0.000593395	1181
0.998	-0.000634719	-0.000634719	-0.000634719	-0.000634719	1227
0.999	-0.000146898	-0.000146898	-0.000146898	-0.000146898	1209
1	2.38342e-05	2.38342e-05	2.38342e-05	2.38342e-05	1158
