0.001	0.0685331	0.0685331	0.0685331	0.0685331	2948
0.002	0.0638579	0.0638579	0.0638579	0.0638579	2373
0.003	0.0606786	0.0606786	0.0606786	0.0606786	2053
0.004	0.0554742	0.0554742	0.0554742	0.0554742	1920
0.005	0.0513824	0.0513824	0.0513824	0.0513824	1660
0.006	0.0488197	0.0488197	0.0488197	0.0488197	1605
0.007	0.0443555	0.0443555	0.0443555	0.0443555	1518
0.008	0.045048	0.045048	0.045048	0.045048	1539
0.009	0.0448029	0.0448029	0.0448029	0.0448029	1357
0.01	0.0450667	0.0450667	0.0450667	0.0450667	1407
0.011	0.042392	0.042392	0.042392	0.042392	1298
0.012	0.0395262	0.0395262	0.0395262	0.0395262	1345
0.013	0.0415003	0.0415003	0.0415003	0.0415003	1352
0.014	0.0402587	0.0402587	0.0402587	0.0402587	1234
0.015	0.0384588	0.0384588	0.0384588	0.0384588	1191
0.016	0.0381901	0.0381901	0.0381901	0.0381901	1197
0.017	0.0376883	0.0376883	0.0376883	0.0376883	1110
0.018	0.0347447	0.0347447	0.0347447	0.0347447	1157
0.019	0.0320709	0.0320709	0.0320709	0.0320709	1145
0.02	0.0359532	0.0359532	0.0359532	0.0359532	1085
0.021	0.034743	0.034743	0.034743	0.034743	1088
0.022	0.0336761	0.0336761	0.0336761	0.0336761	1067
0.023	0.0341377	0.0341377	0.0341377	0.0341377	1069
0.024	0.0352328	0.0352328	0.0352328	0.0352328	1024
0.025	0.031788	0.031788	0.031788	0.031788	981
0.026	0.0315651	0.0315651	0.0315651	0.0315651	1100
0.027	0.0310731	0.0310731	0.0310731	0.0310731	1034
0.028	0.0295646	0.0295646	0.0295646	0.0295646	1062
0.029	0.0313095	0.0313095	0.0313095	0.0313095	1056
0.03	0.030446	0.030446	0.030446	0.030446	1061
0.031	0.0313495	0.0313495	0.0313495	0.0313495	1030
0.032	0.0308756	0.0308756	0.0308756	0.0308756	1032
0.033	0.0296366	0.0296366	0.0296366	0.0296366	1070
0.034	0.0282175	0.0282175	0.0282175	0.0282175	1054
0.035	0.0290996	0.0290996	0.0290996	0.0290996	1124
0.036	0.027121	0.027121	0.027121	0.027121	1099
0.037	0.026166	0.026166	0.026166	0.026166	1000
0.038	0.0268027	0.0268027	0.0268027	0.0268027	1024
0.039	0.0286895	0.0286895	0.0286895	0.0286895	1021
0.04	0.0249607	0.0249607	0.0249607	0.0249607	998
0.041	0.0265332	0.0265332	0.0265332	0.0265332	934
0.042	0.0245647	0.0245647	0.0245647	0.0245647	991
0.043	0.0265602	0.0265602	0.0265602	0.0265602	976
0.044	0.0251554	0.0251554	0.0251554	0.0251554	987
0.045	0.0268609	0.0268609	0.0268609	0.0268609	985
0.046	0.0278412	0.0278412	0.0278412	0.0278412	972
0.047	0.0257213	0.0257213	0.0257213	0.0257213	999
0.048	0.0239341	0.0239341	0.0239341	0.0239341	989
0.049	0.021741	0.021741	0.021741	0.021741	1024
0.05	0.0234281	0.0234281	0.0234281	0.0234281	996
0.051	0.0226776	0.0226776	0.0226776	0.0226776	935
0.052	0.023955	0.023955	0.023955	0.023955	1023
0.053	0.0221674	0.0221674	0.0221674	0.0221674	958
0.054	0.0254235	0.0254235	0.0254235	0.0254235	1029
0.055	0.0257273	0.0257273	0.0257273	0.0257273	990
0.056	0.0233925	0.0233925	0.0233925	0.0233925	1008
0.057	0.0242341	0.0242341	0.0242341	0.0242341	1020
0.058	0.0246371	0.0246371	0.0246371	0.0246371	1014
0.059	0.0211459	0.0211459	0.0211459	0.0211459	1058
0.06	0.0211434	0.0211434	0.0211434	0.0211434	968
0.061	0.0232026	0.0232026	0.0232026	0.0232026	941
0.062	0.0238308	0.0238308	0.0238308	0.0238308	979
0.063	0.0246496	0.0246496	0.0246496	0.0246496	976
0.064	0.022162	0.022162	0.022162	0.022162	921
0.065	0.0206163	0.0206163	0.0206163	0.0206163	923
0.066	0.0201631	0.0201631	0.0201631	0.0201631	998
0.067	0.0227869	0.0227869	0.0227869	0.0227869	976
0.068	0.0186141	0.0186141	0.0186141	0.0186141	964
0.069	0.0203693	0.0203693	0.0203693	0.0203693	1004
0.07	0.0211896	0.0211896	0.0211896	0.0211896	1003
0.071	0.0197	0.0197	0.0197	0.0197	940
0.072	0.0199967	0.0199967	0.0199967	0.0199967	976
0.073	0.0208956	0.0208956	0.0208956	0.0208956	946
0.074	0.0193103	0.0193103	0.0193103	0.0193103	954
0.075	0.0230892	0.0230892	0.0230892	0.0230892	906
0.076	0.0210175	0.0210175	0.0210175	0.0210175	982
0.077	0.0220771	0.0220771	0.0220771	0.0220771	1053
0.078	0.0208497	0.0208497	0.0208497	0.0208497	950
0.079	0.0215088	0.0215088	0.0215088	0.0215088	991
0.08	0.0193736	0.0193736	0.0193736	0.0193736	979
0.081	0.0175231	0.0175231	0.0175231	0.0175231	931
0.082	0.0178687	0.0178687	0.0178687	0.0178687	920
0.083	0.0179176	0.0179176	0.0179176	0.0179176	976
0.084	0.0171412	0.0171412	0.0171412	0.0171412	960
0.085	0.0187539	0.0187539	0.0187539	0.0187539	938
0.086	0.0169542	0.0169542	0.0169542	0.0169542	1012
0.087	0.0166	0.0166	0.0166	0.0166	920
0.088	0.0158145	0.0158145	0.0158145	0.0158145	979
0.089	0.0165335	0.0165335	0.0165335	0.0165335	908
0.09	0.0181402	0.0181402	0.0181402	0.0181402	976
0.091	0.0157889	0.0157889	0.0157889	0.0157889	902
0.092	0.0171143	0.0171143	0.0171143	0.0171143	901
0.093	0.0151636	0.0151636	0.0151636	0.0151636	957
0.094	0.0146211	0.0146211	0.0146211	0.0146211	928
0.095	0.015822	0.015822	0.015822	0.015822	926
0.096	0.0139584	0.0139584	0.0139584	0.0139584	922
0.097	0.0171093	0.0171093	0.0171093	0.0171093	939
0.098	0.0142902	0.0142902	0.0142902	0.0142902	889
0.099	0.0140425	0.0140425	0.0140425	0.0140425	865
0.1	0.0136018	0.0136018	0.0136018	0.0136018	890
0.101	0.0151982	0.0151982	0.0151982	0.0151982	887
0.102	0.0135901	0.0135901	0.0135901	0.0135901	970
0.103	0.0150358	0.0150358	0.0150358	0.0150358	916
0.104	0.0146244	0.0146244	0.0146244	0.0146244	927
0.105	0.0152806	0.0152806	0.0152806	0.0152806	859
0.106	0.0140772	0.0140772	0.0140772	0.0140772	865
0.107	0.0154566	0.0154566	0.0154566	0.0154566	901
0.108	0.0139343	0.0139343	0.0139343	0.0139343	907
0.109	0.0163564	0.0163564	0.0163564	0.0163564	881
0.11	0.0141215	0.0141215	0.0141215	0.0141215	882
0.111	0.0137848	0.0137848	0.0137848	0.0137848	896
0.112	0.0123228	0.0123228	0.0123228	0.0123228	860
0.113	0.0114803	0.0114803	0.0114803	0.0114803	942
0.114	0.0135282	0.0135282	0.0135282	0.0135282	858
0.115	0.0127486	0.0127486	0.0127486	0.0127486	856
0.116	0.0109478	0.0109478	0.0109478	0.0109478	839
0.117	0.0132965	0.0132965	0.0132965	0.0132965	879
0.118	0.0109078	0.0109078	0.0109078	0.0109078	872
0.119	0.0118475	0.0118475	0.0118475	0.0118475	897
0.12	0.0101501	0.0101501	0.0101501	0.0101501	909
0.121	0.0111446	0.0111446	0.0111446	0.0111446	946
0.122	0.0117732	0.0117732	0.0117732	0.0117732	917
0.123	0.0124045	0.0124045	0.0124045	0.0124045	894
0.124	0.0121298	0.0121298	0.0121298	0.0121298	940
0.125	0.0107728	0.0107728	0.0107728	0.0107728	898
0.126	0.0119982	0.0119982	0.0119982	0.0119982	885
0.127	0.0111079	0.0111079	0.0111079	0.0111079	895
0.128	0.00994661	0.00994661	0.00994661	0.00994661	914
0.129	0.0102434	0.0102434	0.0102434	0.0102434	899
0.13	0.00931927	0.00931927	0.00931927	0.00931927	882
0.131	0.0109307	0.0109307	0.0109307	0.0109307	860
0.132	0.00742398	0.00742398	0.00742398	0.00742398	909
0.133	0.0080344	0.0080344	0.0080344	0.0080344	907
0.134	0.0114442	0.0114442	0.0114442	0.0114442	932
0.135	0.0097063	0.0097063	0.0097063	0.0097063	952
0.136	0.0097887	0.0097887	0.0097887	0.0097887	920
0.137	0.0104607	0.0104607	0.0104607	0.0104607	923
0.138	0.00965024	0.00965024	0.00965024	0.00965024	836
0.139	0.0108518	0.0108518	0.0108518	0.0108518	849
0.14	0.0102224	0.0102224	0.0102224	0.0102224	892
0.141	0.0083531	0.0083531	0.0083531	0.0083531	870
0.142	0.00878263	0.00878263	0.00878263	0.00878263	921
0.143	0.00859753	0.00859753	0.00859753	0.00859753	891
0.144	0.00954048	0.00954048	0.00954048	0.00954048	961
0.145	0.009664	0.009664	0.009664	0.009664	850
0.146	0.00809356	0.00809356	0.00809356	0.00809356	885
0.147	0.00728035	0.00728035	0.00728035	0.00728035	906
0.148	0.00875464	0.00875464	0.00875464	0.00875464	926
0.149	0.00710601	0.00710601	0.00710601	0.00710601	949
0.15	0.00774771	0.00774771	0.00774771	0.00774771	937
0.151	0.00868331	0.00868331	0.00868331	0.00868331	833
0.152	0.00975812	0.00975812	0.00975812	0.00975812	893
0.153	0.0102418	0.0102418	0.0102418	0.0102418	948
0.154	0.0101849	0.0101849	0.0101849	0.0101849	915
0.155	0.00944354	0.00944354	0.00944354	0.00944354	882
0.156	0.00945567	0.00945567	0.00945567	0.00945567	873
0.157	0.00936822	0.00936822	0.00936822	0.00936822	837
0.158	0.00805101	0.00805101	0.00805101	0.00805101	894
0.159	0.00937847	0.00937847	0.00937847	0.00937847	836
0.16	0.00857991	0.00857991	0.00857991	0.00857991	856
0.161	0.00824066	0.00824066	0.00824066	0.00824066	851
0.162	0.00954449	0.00954449	0.00954449	0.00954449	908
0.163	0.00885452	0.00885452	0.00885452	0.00885452	851
0.164	0.00626517	0.00626517	0.00626517	0.00626517	893
0.165	0.0069951	0.0069951	0.0069951	0.0069951	898
0.166	0.00879036	0.00879036	0.00879036	0.00879036	871
0.167	0.00465701	0.00465701	0.00465701	0.00465701	856
0.168	0.00685889	0.00685889	0.00685889	0.00685889	883
0.169	0.00714734	0.00714734	0.00714734	0.00714734	866
0.17	0.00441768	0.00441768	0.00441768	0.00441768	837
0.171	0.00663093	0.00663093	0.00663093	0.00663093	873
0.172	0.00470809	0.00470809	0.00470809	0.00470809	940
0.173	0.00570952	0.00570952	0.00570952	0.00570952	851
0.174	0.00524878	0.00524878	0.00524878	0.00524878	820
0.175	0.00708551	0.00708551	0.00708551	0.00708551	828
0.176	0.00510521	0.00510521	0.00510521	0.00510521	941
0.177	0.0048	0.0048	0.0048	0.0048	840
0.178	0.00403318	0.00403318	0.00403318	0.00403318	856
0.179	0.006157	0.006157	0.006157	0.006157	879
0.18	0.00505326	0.00505326	0.00505326	0.00505326	875
0.181	0.00427065	0.00427065	0.00427065	0.00427065	937
0.182	0.00608647	0.00608647	0.00608647	0.00608647	939
0.183	0.00499431	0.00499431	0.00499431	0.00499431	879
0.184	0.00634825	0.00634825	0.00634825	0.00634825	858
0.185	0.0034435	0.0034435	0.0034435	0.0034435	892
0.186	0.0038476	0.0038476	0.0038476	0.0038476	895
0.187	0.00366028	0.00366028	0.00366028	0.00366028	929
0.188	0.00504821	0.00504821	0.00504821	0.00504821	867
0.189	0.004054	0.004054	0.004054	0.004054	837
0.19	0.00419426	0.00419426	0.00419426	0.00419426	871
0.191	0.0045147	0.0045147	0.0045147	0.0045147	837
0.192	0.00582902	0.00582902	0.00582902	0.00582902	896
0.193	0.00433519	0.00433519	0.00433519	0.00433519	864
0.194	0.005424	0.005424	0.005424	0.005424	800
0.195	0.00489353	0.00489353	0.00489353	0.00489353	958
0.196	0.00506197	0.00506197	0.00506197	0.00506197	936
0.197	0.00570611	0.00570611	0.00570611	0.00570611	867
0.198	0.00546827	0.00546827	0.00546827	0.00546827	914
0.199	0.0045867	0.0045867	0.0045867	0.0045867	932
0.2	0.00613181	0.00613181	0.00613181	0.00613181	874
0.201	0.00492315	0.00492315	0.00492315	0.00492315	851
0.202	0.00581477	0.00581477	0.00581477	0.00581477	894
0.203	0.00368136	0.00368136	0.00368136	0.00368136	880
0.204	0.00494483	0.00494483	0.00494483	0.00494483	870
0.205	0.00361836	0.00361836	0.00361836	0.00361836	828
0.206	0.00491364	0.00491364	0.00491364	0.00491364	887
0.207	0.00253988	0.00253988	0.00253988	0.00253988	855
0.208	0.00310674	0.00310674	0.00310674	0.00310674	875
0.209	0.00371791	0.00371791	0.00371791	0.00371791	804
0.21	0.00360198	0.00360198	0.00360198	0.00360198	807
0.211	0.00333957	0.00333957	0.00333957	0.00333957	834
0.212	0.0029173	0.0029173	0.0029173	0.0029173	815
0.213	0.00375691	0.00375691	0.00375691	0.00375691	854
0.214	0.00488019	0.00488019	0.00488019	0.00488019	828
0.215	0.00370469	0.00370469	0.00370469	0.00370469	810
0.216	0.00399404	0.00399404	0.00399404	0.00399404	805
0.217	0.00483073	0.00483073	0.00483073	0.00483073	833
0.218	0.00679627	0.00679627	0.00679627	0.00679627	857
0.219	0.00497204	0.00497204	0.00497204	0.00497204	844
0.22	0.00464983	0.00464983	0.00464983	0.00464983	879
0.221	0.00611409	0.00611409	0.00611409	0.00611409	866
0.222	0.00442893	0.00442893	0.00442893	0.00442893	871
0.223	0.00366845	0.00366845	0.00366845	0.00366845	935
0.224	0.00293181	0.00293181	0.00293181	0.00293181	874
0.225	0.00333465	0.00333465	0.00333465	0.00333465	811
0.226	0.00307427	0.00307427	0.00307427	0.00307427	859
0.227	0.00378354	0.00378354	0.00378354	0.00378354	826
0.228	0.00253494	0.00253494	0.00253494	0.00253494	830
0.229	0.0032866	0.0032866	0.0032866	0.0032866	836
0.23	0.00331823	0.00331823	0.00331823	0.00331823	883
0.231	0.00365516	0.00365516	0.00365516	0.00365516	863
0.232	0.00310152	0.00310152	0.00310152	0.00310152	857
0.233	0.003373	0.003373	0.003373	0.003373	837
0.234	0.00308394	0.00308394	0.00308394	0.00308394	803
0.235	0.00264344	0.00264344	0.00264344	0.00264344	838
0.236	0.00325436	0.00325436	0.00325436	0.00325436	861
0.237	0.00300507	0.00300507	0.00300507	0.00300507	829
0.238	0.00358252	0.00358252	0.00358252	0.00358252	801
0.239	0.00203781	0.00203781	0.00203781	0.00203781	857
0.24	0.00228947	0.00228947	0.00228947	0.00228947	836
0.241	0.00284104	0.00284104	0.00284104	0.00284104	848
0.242	0.00186906	0.00186906	0.00186906	0.00186906	834
0.243	0.00324947	0.00324947	0.00324947	0.00324947	857
0.244	0.00372684	0.00372684	0.00372684	0.00372684	883
0.245	0.0025803	0.0025803	0.0025803	0.0025803	863
0.246	0.00162414	0.00162414	0.00162414	0.00162414	845
0.247	0.00267159	0.00267159	0.00267159	0.00267159	813
0.248	0.00338484	0.00338484	0.00338484	0.00338484	831
0.249	0.0027348	0.0027348	0.0027348	0.0027348	816
0.25	0.00316687	0.00316687	0.00316687	0.00316687	821
0.251	0.0030853	0.0030853	0.0030853	0.0030853	823
0.252	0.00273285	0.00273285	0.00273285	0.00273285	822
0.253	0.00177016	0.00177016	0.00177016	0.00177016	858
0.254	0.00262513	0.00262513	0.00262513	0.00262513	780
0.255	0.00326754	0.00326754	0.00326754	0.00326754	841
0.256	0.00228133	0.00228133	0.00228133	0.00228133	900
0.257	0.00247812	0.00247812	0.00247812	0.00247812	809
0.258	0.00149327	0.00149327	0.00149327	0.00149327	877
0.259	0.00181779	0.00181779	0.00181779	0.00181779	832
0.26	0.00245346	0.00245346	0.00245346	0.00245346	853
0.261	0.00235976	0.00235976	0.00235976	0.00235976	835
0.262	0.00179373	0.00179373	0.00179373	0.00179373	797
0.263	0.00170128	0.00170128	0.00170128	0.00170128	861
0.264	0.00236547	0.00236547	0.00236547	0.00236547	834
0.265	0.00217926	0.00217926	0.00217926	0.00217926	868
0.266	0.00293697	0.00293697	0.00293697	0.00293697	806
0.267	0.00241957	0.00241957	0.00241957	0.00241957	879
0.268	0.00241396	0.00241396	0.00241396	0.00241396	831
0.269	0.00148752	0.00148752	0.00148752	0.00148752	825
0.27	0.00327004	0.00327004	0.00327004	0.00327004	771
0.271	0.00299432	0.00299432	0.00299432	0.00299432	774
0.272	0.0016792	0.0016792	0.0016792	0.0016792	803
0.273	0.00236489	0.00236489	0.00236489	0.00236489	843
0.274	0.00135419	0.00135419	0.00135419	0.00135419	799
0.275	0.00259903	0.00259903	0.00259903	0.00259903	824
0.276	0.00381356	0.00381356	0.00381356	0.00381356	826
0.277	0.00260347	0.00260347	0.00260347	0.00260347	808
0.278	0.00214286	0.00214286	0.00214286	0.00214286	840
0.279	0.00130417	0.00130417	0.00130417	0.00130417	864
0.28	0.00257048	0.00257048	0.00257048	0.00257048	847
0.281	0.00168	0.00168	0.00168	0.00168	860
0.282	0.0031887	0.0031887	0.0031887	0.0031887	814
0.283	0.00274226	0.00274226	0.00274226	0.00274226	762
0.284	0.0015224	0.0015224	0.0015224	0.0015224	732
0.285	0.00190119	0.00190119	0.00190119	0.00190119	842
0.286	0.00146934	0.00146934	0.00146934	0.00146934	799
0.287	0.0033196	0.0033196	0.0033196	0.0033196	796
0.288	0.00173128	0.00173128	0.00173128	0.00173128	780
0.289	0.00208689	0.00208689	0.00208689	0.00208689	824
0.29	0.000976894	0.000976894	0.000976894	0.000976894	805
0.291	0.00254345	0.00254345	0.00254345	0.00254345	817
0.292	0.00137671	0.00137671	0.00137671	0.00137671	833
0.293	0.00195214	0.00195214	0.00195214	0.00195214	794
0.294	0.00395174	0.00395174	0.00395174	0.00395174	804
0.295	0.00152163	0.00152163	0.00152163	0.00152163	786
0.296	0.00183689	0.00183689	0.00183689	0.00183689	797
0.297	0.00332421	0.00332421	0.00332421	0.00332421	818
0.298	0.00161245	0.00161245	0.00161245	0.00161245	771
0.299	0.000740992	0.000740992	0.000740992	0.000740992	766
0.3	0.00164478	0.00164478	0.00164478	0.00164478	795
0.301	0.00229011	0.00229011	0.00229011	0.00229011	819
0.302	0.00191858	0.00191858	0.00191858	0.00191858	786
0.303	0.00169351	0.00169351	0.00169351	0.00169351	817
0.304	0.00214047	0.00214047	0.00214047	0.00214047	766
0.305	0.00131903	0.00131903	0.00131903	0.00131903	783
0.306	0.001995	0.001995	0.001995	0.001995	800
0.307	0.00155441	0.00155441	0.00155441	0.00155441	737
0.308	0.00268869	0.00268869	0.00268869	0.00268869	769
0.309	0.0023209	0.0023209	0.0023209	0.0023209	804
0.31	0.00203247	0.00203247	0.00203247	0.00203247	813
0.311	0.001919	0.001919	0.001919	0.001919	800
0.312	0.00171867	0.00171867	0.00171867	0.00171867	782
0.313	0.00178269	0.00178269	0.00178269	0.00178269	797
0.314	0.00204211	0.00204211	0.00204211	0.00204211	817
0.315	0.0031995	0.0031995	0.0031995	0.0031995	797
0.316	0.00256302	0.00256302	0.00256302	0.00256302	822
0.317	0.00200207	0.00200207	0.00200207	0.00200207	773
0.318	0.00194683	0.00194683	0.00194683	0.00194683	805
0.319	0.00135365	0.00135365	0.00135365	0.00135365	794
0.32	0.00157143	0.00157143	0.00157143	0.00157143	798
0.321	0.00251639	0.00251639	0.00251639	0.00251639	787
0.322	0.00084968	0.00084968	0.00084968	0.00084968	781
0.323	0.00060804	0.00060804	0.00060804	0.00060804	796
0.324	0.00101463	0.00101463	0.00101463	0.00101463	779
0.325	0.00133079	0.00133079	0.00133079	0.00133079	786
0.326	0.000616802	0.000616802	0.000616802	0.000616802	738
0.327	0.00115725	0.00115725	0.00115725	0.00115725	786
0.328	0.00177015	0.00177015	0.00177015	0.00177015	757
0.329	0.00206952	0.00206952	0.00206952	0.00206952	817
0.33	0.00105532	0.00105532	0.00105532	0.00105532	799
0.331	0.000655596	0.000655596	0.000655596	0.000655596	831
0.332	0.000546939	0.000546939	0.000546939	0.000546939	735
0.333	0.0017794	0.0017794	0.0017794	0.0017794	738
0.334	0.000553955	0.000553955	0.000553955	0.000553955	847
0.335	0.00169427	0.00169427	0.00169427	0.00169427	768
0.336	0.00179706	0.00179706	0.00179706	0.00179706	816
0.337	0.000849086	0.000849086	0.000849086	0.000849086	766
0.338	0.000646907	0.000646907	0.000646907	0.000646907	776
0.339	0.00107078	0.00107078	0.00107078	0.00107078	811
0.34	0.00185572	0.00185572	0.00185572	0.00185572	804
0.341	0.00136598	0.00136598	0.00136598	0.00136598	829
0.342	0.000436663	0.000436663	0.000436663	0.000436663	851
0.343	0.00132613	0.00132613	0.00132613	0.00132613	815
0.344	0.00113307	0.00113307	0.00113307	0.00113307	747
0.345	0.000856404	0.000856404	0.000856404	0.000856404	773
0.346	0.000244612	0.000244612	0.000244612	0.000244612	798
0.347	0.000337931	0.000337931	0.000337931	0.000337931	754
0.348	0.00101028	0.00101028	0.00101028	0.00101028	778
0.349	0.0012263	0.0012263	0.0012263	0.0012263	806
0.35	0.00158605	0.00158605	0.00158605	0.00158605	803
0.351	0.00115366	0.00115366	0.00115366	0.00115366	820
0.352	0.000310246	0.000310246	0.000310246	0.000310246	771
0.353	0.00109202	0.00109202	0.00109202	0.00109202	752
0.354	0.000111749	0.000111749	0.000111749	0.000111749	766
0.355	0.000796947	0.000796947	0.000796947	0.000796947	786
0.356	0.00107516	0.00107516	0.00107516	0.00107516	801
0.357	0.00103245	0.00103245	0.00103245	0.00103245	826
0.358	0.000588947	0.000588947	0.000588947	0.000588947	760
0.359	0.00134634	0.00134634	0.00134634	0.00134634	738
0.36	0.00134025	0.00134025	0.00134025	0.00134025	790
0.361	0.000922957	0.000922957	0.000922957	0.000922957	771
0.362	0.000205593	0.000205593	0.000205593	0.000205593	751
0.363	0.00126502	0.00126502	0.00126502	0.00126502	812
0.364	0.00138123	0.00138123	0.00138123	0.00138123	810
0.365	0.00179816	0.00179816	0.00179816	0.00179816	759
0.366	-0.000192021	-0.000192021	-0.000192021	-0.000192021	777
0.367	0.00109095	0.00109095	0.00109095	0.00109095	807
0.368	-0.000213398	-0.000213398	-0.000213398	-0.000213398	821
0.369	0.000126728	0.000126728	0.000126728	0.000126728	767
0.37	0.000250133	0.000250133	0.000250133	0.000250133	750
0.371	0.00116517	0.00116517	0.00116517	0.00116517	804
0.372	0.00163561	0.00163561	0.00163561	0.00163561	775
0.373	0.00135728	0.00135728	0.00135728	0.00135728	852
0.374	0.00149172	0.00149172	0.00149172	0.00149172	809
0.375	0.00131344	0.00131344	0.00131344	0.00131344	811
0.376	0.00145591	0.00145591	0.00145591	0.00145591	744
0.377	0.00100513	0.00100513	0.00100513	0.00100513	702
0.378	0.00110582	0.00110582	0.00110582	0.00110582	773
0.379	0.00130508	0.00130508	0.00130508	0.00130508	788
0.38	0.000434483	0.000434483	0.000434483	0.000434483	754
0.381	0.00168102	0.00168102	0.00168102	0.00168102	785
0.382	0.00102392	0.00102392	0.00102392	0.00102392	761
0.383	0.00140082	0.00140082	0.00140082	0.00140082	729
0.384	4.8329e-05	4.8329e-05	4.8329e-05	4.8329e-05	778
0.385	0.00148881	0.00148881	0.00148881	0.00148881	795
0.386	0.000442336	0.000442336	0.000442336	0.000442336	822
0.387	0.00113629	0.00113629	0.00113629	0.00113629	766
0.388	0.000968234	0.000968234	0.000968234	0.000968234	787
0.389	0.000423932	0.000423932	0.000423932	0.000423932	819
0.39	0.000963107	0.000963107	0.000963107	0.000963107	824
0.391	0.000224843	0.000224843	0.000224843	0.000224843	797
0.392	0.000674084	0.000674084	0.000674084	0.000674084	737
0.393	-0.000327595	-0.000327595	-0.000327595	-0.000327595	790
0.394	0.00112601	0.00112601	0.00112601	0.00112601	838
0.395	0.000613893	0.000613893	0.000613893	0.000613893	763
0.396	0.000604376	0.000604376	0.000604376	0.000604376	777
0.397	0.000532509	0.000532509	0.000532509	0.000532509	809
0.398	0.000295299	0.000295299	0.000295299	0.000295299	787
0.399	-0.000100498	-0.000100498	-0.000100498	-0.000100498	804
0.4	3.53846e-05	3.53846e-05	3.53846e-05	3.53846e-05	780
0.401	0.000416208	0.000416208	0.000416208	0.000416208	691
0.402	0.00055903	0.00055903	0.00055903	0.00055903	742
0.403	0.000413333	0.000413333	0.000413333	0.000413333	780
0.404	-0.000304416	-0.000304416	-0.000304416	-0.000304416	770
0.405	-0.000142559	-0.000142559	-0.000142559	-0.000142559	766
0.406	0.000901731	0.000901731	0.000901731	0.000901731	751
0.407	0.00131314	0.00131314	0.00131314	0.00131314	746
0.408	0.000722872	0.000722872	0.000722872	0.000722872	752
0.409	0.000417734	0.000417734	0.000417734	0.000417734	812
0.41	0.000458899	0.000458899	0.000458899	0.000458899	781
0.411	0.00140504	0.00140504	0.00140504	0.00140504	714
0.412	0.00108286	0.00108286	0.00108286	0.00108286	700
0.413	0.00168093	0.00168093	0.00168093	0.00168093	771
0.414	0.000947532	0.000947532	0.000947532	0.000947532	770
0.415	0.00143187	0.00143187	0.00143187	0.00143187	728
0.416	0.00144826	0.00144826	0.00144826	0.00144826	688
0.417	0.000802736	0.000802736	0.000802736	0.000802736	731
0.418	0.000376689	0.000376689	0.000376689	0.000376689	755
0.419	0.000676139	0.000676139	0.000676139	0.000676139	746
0.42	0.00165714	0.00165714	0.00165714	0.00165714	763
0.421	0.000927682	0.000927682	0.000927682	0.000927682	755
0.422	0.000598898	0.000598898	0.000598898	0.000598898	726
0.423	-2.16898e-05	-2.16898e-05	-2.16898e-05	-2.16898e-05	793
0.424	-0.00011831	-0.00011831	-0.00011831	-0.00011831	781
0.425	0.000501211	0.000501211	0.000501211	0.000501211	743
0.426	0.00127908	0.00127908	0.00127908	0.00127908	779
0.427	0.000282625	0.000282625	0.000282625	0.000282625	777
0.428	0.000151905	0.000151905	0.000151905	0.000151905	761
0.429	3.674e-05	3.674e-05	3.674e-05	3.674e-05	773
0.43	-0.000314436	-0.000314436	-0.000314436	-0.000314436	762
0.431	-9.89848e-05	-9.89848e-05	-9.89848e-05	-9.89848e-05	788
0.432	-0.000842653	-0.000842653	-0.000842653	-0.000842653	769
0.433	-0.000160944	-0.000160944	-0.000160944	-0.000160944	763
0.434	0.000208412	0.000208412	0.000208412	0.000208412	737
0.435	0.000767785	0.000767785	0.000767785	0.000767785	745
0.436	0.000887562	0.000887562	0.000887562	0.000887562	804
0.437	0.000698103	0.000698103	0.000698103	0.000698103	738
0.438	0.000507355	0.000507355	0.000507355	0.000507355	775
0.439	0.000872437	0.000872437	0.000872437	0.000872437	751
0.44	0.000779921	0.000779921	0.000779921	0.000779921	757
0.441	0.00113891	0.00113891	0.00113891	0.00113891	753
0.442	0.000351183	0.000351183	0.000351183	0.000351183	803
0.443	0.000370446	0.000370446	0.000370446	0.000370446	785
0.444	0.000556909	0.000556909	0.000556909	0.000556909	854
0.445	0.000803613	0.000803613	0.000803613	0.000803613	775
0.446	0.00035912	0.00035912	0.00035912	0.00035912	773
0.447	5.61404e-05	5.61404e-05	5.61404e-05	5.61404e-05	798
0.448	0.000191744	0.000191744	0.000191744	0.000191744	751
0.449	0.00102745	0.00102745	0.00102745	0.00102745	765
0.45	0.000398411	0.000398411	0.000398411	0.000398411	755
0.451	0.000830612	0.000830612	0.000830612	0.000830612	784
0.452	0.00108725	0.00108725	0.00108725	0.00108725	745
0.453	0.00030733	0.00030733	0.00030733	0.00030733	764
0.454	0.000749148	0.000749148	0.000749148	0.000749148	763
0.455	0.000257143	0.000257143	0.000257143	0.000257143	770
0.456	0.000174293	0.000174293	0.000174293	0.000174293	778
0.457	-0.000377697	-0.000377697	-0.000377697	-0.000377697	825
0.458	-0.00022965	-0.00022965	-0.00022965	-0.00022965	742
0.459	-0.00054921	-0.00054921	-0.00054921	-0.00054921	823
0.46	0.0001485	0.0001485	0.0001485	0.0001485	800
0.461	-0.000631928	-0.000631928	-0.000631928	-0.000631928	783
0.462	-0.00039198	-0.00039198	-0.00039198	-0.00039198	798
0.463	-0.00029116	-0.00029116	-0.00029116	-0.00029116	724
0.464	-0.000167604	-0.000167604	-0.000167604	-0.000167604	747
0.465	-0.000143784	-0.000143784	-0.000143784	-0.000143784	740
0.466	0.000192265	0.000192265	0.000192265	0.000192265	724
0.467	-0.000407037	-0.000407037	-0.000407037	-0.000407037	739
0.468	-0.000428652	-0.000428652	-0.000428652	-0.000428652	712
0.469	-0.000573984	-0.000573984	-0.000573984	-0.000573984	738
0.47	0.000449626	0.000449626	0.000449626	0.000449626	669
0.471	-0.000177419	-0.000177419	-0.000177419	-0.000177419	744
0.472	-0.000642317	-0.000642317	-0.000642317	-0.000642317	794
0.473	0.000155468	0.000155468	0.000155468	0.000155468	759
0.474	-0.000454924	-0.000454924	-0.000454924	-0.000454924	721
0.475	0.00115416	0.00115416	0.00115416	0.00115416	733
0.476	0.000684709	0.000684709	0.000684709	0.000684709	739
0.477	-0.000194967	-0.000194967	-0.000194967	-0.000194967	755
0.478	-0.000484848	-0.000484848	-0.000484848	-0.000484848	792
0.479	0.000864465	0.000864465	0.000864465	0.000864465	757
0.48	0.000987831	0.000987831	0.000987831	0.000987831	756
0.481	0.00105907	0.00105907	0.00105907	0.00105907	772
0.482	-0.000284311	-0.000284311	-0.000284311	-0.000284311	733
0.483	0.000973143	0.000973143	0.000973143	0.000973143	700
0.484	0.000299034	0.000299034	0.000299034	0.000299034	725
0.485	0.000526425	0.000526425	0.000526425	0.000526425	772
0.486	-0.0005169	-0.0005169	-0.0005169	-0.0005169	787
0.487	0.000855937	0.000855937	0.000855937	0.000855937	758
0.488	-0.000126042	-0.000126042	-0.000126042	-0.000126042	768
0.489	0.000857534	0.000857534	0.000857534	0.000857534	730
0.49	0.000751335	0.000751335	0.000751335	0.000751335	674
0.491	0.00150233	0.00150233	0.00150233	0.00150233	815
0.492	0.00055212	0.00055212	0.00055212	0.00055212	731
0.493	0.0013442	0.0013442	0.0013442	0.0013442	724
0.494	0.000131631	0.000131631	0.000131631	0.000131631	705
0.495	-0.000277273	-0.000277273	-0.000277273	-0.000277273	616
0.496	-0.000639882	-0.000639882	-0.000639882	-0.000639882	677
0.497	-0.000591512	-0.000591512	-0.000591512	-0.000591512	754
0.498	0.000161605	0.000161605	0.000161605	0.000161605	698
0.499	3.4903e-05	3.4903e-05	3.4903e-05	3.4903e-05	722
0.5	0.000363329	0.000363329	0.000363329	0.000363329	709
0.501	-0.000410315	-0.000410315	-0.000410315	-0.000410315	698
0.502	-0.000393642	-0.000393642	-0.000393642	-0.000393642	692
0.503	0.000417158	0.000417158	0.000417158	0.000417158	746
0.504	-0.000235063	-0.000235063	-0.000235063	-0.000235063	713
0.505	-0.00102545	-0.00102545	-0.00102545	-0.00102545	715
0.506	-0.00062356	-0.00062356	-0.00062356	-0.00062356	764
0.507	0.000153261	0.000153261	0.000153261	0.000153261	736
0.508	-0.000880438	-0.000880438	-0.000880438	-0.000880438	731
0.509	-0.000954945	-0.000954945	-0.000954945	-0.000954945	728
0.51	-0.000990922	-0.000990922	-0.000990922	-0.000990922	683
0.511	-0.000744886	-0.000744886	-0.000744886	-0.000744886	704
0.512	-0.000821199	-0.000821199	-0.000821199	-0.000821199	717
0.513	-0.000246018	-0.000246018	-0.000246018	-0.000246018	678
0.514	-0.000429081	-0.000429081	-0.000429081	-0.000429081	729
0.515	4.99322e-05	4.99322e-05	4.99322e-05	4.99322e-05	737
0.516	-0.000828834	-0.000828834	-0.000828834	-0.000828834	763
0.517	-0.000913316	-0.000913316	-0.000913316	-0.000913316	766
0.518	-0.000214286	-0.000214286	-0.000214286	-0.000214286	756
0.519	-0.00110436	-0.00110436	-0.00110436	-0.00110436	757
0.52	-0.000760923	-0.000760923	-0.000760923	-0.000760923	737
0.521	-0.00140691	-0.00140691	-0.00140691	-0.00140691	752
0.522	-0.00162795	-0.00162795	-0.00162795	-0.00162795	730
0.523	-0.000648258	-0.000648258	-0.000648258	-0.000648258	775
0.524	-0.000414035	-0.000414035	-0.000414035	-0.000414035	741
0.525	-0.000136857	-0.000136857	-0.000136857	-0.000136857	719
0.526	-0.000537531	-0.000537531	-0.000537531	-0.000537531	794
0.527	-2.89855e-05	-2.89855e-05	-2.89855e-05	-2.89855e-05	759
0.528	-0.000474394	-0.000474394	-0.000474394	-0.000474394	742
0.529	0.000412138	0.000412138	0.000412138	0.000412138	725
0.53	-0.000414347	-0.000414347	-0.000414347	-0.000414347	697
0.531	-0.000890377	-0.000890377	-0.000890377	-0.000890377	717
0.532	-0.000933135	-0.000933135	-0.000933135	-0.000933135	673
0.533	-0.00075376	-0.00075376	-0.00075376	-0.00075376	718
0.534	-7.76371e-05	-7.76371e-05	-7.76371e-05	-7.76371e-05	711
0.535	-0.00116545	-0.00116545	-0.00116545	-0.00116545	683
0.536	-0.00140205	-0.00140205	-0.00140205	-0.00140205	782
0.537	-0.00105212	-0.00105212	-0.00105212	-0.00105212	779
0.538	-0.000719001	-0.000719001	-0.000719001	-0.000719001	721
0.539	-0.00105181	-0.00105181	-0.00105181	-0.00105181	772
0.54	-0.00106039	-0.00106039	-0.00106039	-0.00106039	722
0.541	-0.00177778	-0.00177778	-0.00177778	-0.00177778	783
0.542	-0.000851969	-0.000851969	-0.000851969	-0.000851969	762
0.543	-0.00163636	-0.00163636	-0.00163636	-0.00163636	726
0.544	-0.000625337	-0.000625337	-0.000625337	-0.000625337	742
0.545	-0.000557041	-0.000557041	-0.000557041	-0.000557041	703
0.546	-0.000566577	-0.000566577	-0.000566577	-0.000566577	742
0.547	-0.000274033	-0.000274033	-0.000274033	-0.000274033	724
0.548	-0.000603306	-0.000603306	-0.000603306	-0.000603306	726
0.549	-0.000784573	-0.000784573	-0.000784573	-0.000784573	726
0.55	-8.40336e-05	-8.40336e-05	-8.40336e-05	-8.40336e-05	714
0.551	-0.00108671	-0.00108671	-0.00108671	-0.00108671	745
0.552	-0.0013867	-0.0013867	-0.0013867	-0.0013867	812
0.553	-0.000808621	-0.000808621	-0.000808621	-0.000808621	696
0.554	-0.00132211	-0.00132211	-0.00132211	-0.00132211	760
0.555	-0.00113631	-0.00113631	-0.00113631	-0.00113631	785
0.556	-0.00092338	-0.00092338	-0.00092338	-0.00092338	710
0.557	-0.000918459	-0.000918459	-0.000918459	-0.000918459	753
0.558	0.00011202	0.00011202	0.00011202	0.00011202	782
0.559	-0.000465793	-0.000465793	-0.000465793	-0.000465793	687
0.56	0.000224363	0.000224363	0.000224363	0.000224363	706
0.561	-0.000372395	-0.000372395	-0.000372395	-0.000372395	739
0.562	-0.00017956	-0.00017956	-0.00017956	-0.00017956	773
0.563	-0.000379381	-0.000379381	-0.000379381	-0.000379381	776
0.564	-0.000672801	-0.000672801	-0.000672801	-0.000672801	739
0.565	-0.0003648	-0.0003648	-0.0003648	-0.0003648	750
0.566	-0.000169801	-0.000169801	-0.000169801	-0.000169801	702
0.567	-0.000195266	-0.000195266	-0.000195266	-0.000195266	676
0.568	-0.00108114	-0.00108114	-0.00108114	-0.00108114	700
0.569	-0.00055498	-0.00055498	-0.00055498	-0.00055498	733
0.57	6.94259e-05	6.94259e-05	6.94259e-05	6.94259e-05	749
0.571	0.000865156	0.000865156	0.000865156	0.000865156	706
0.572	0.000844172	0.000844172	0.000844172	0.000844172	652
0.573	0.00032068	0.00032068	0.00032068	0.00032068	706
0.574	-0.000447347	-0.000447347	-0.000447347	-0.000447347	735
0.575	-0.000589959	-0.000589959	-0.000589959	-0.000589959	737
0.576	-0.000543978	-0.000543978	-0.000543978	-0.000543978	714
0.577	0.000290571	0.000290571	0.000290571	0.000290571	753
0.578	-0.000218803	-0.000218803	-0.000218803	-0.000218803	702
0.579	-0.000279778	-0.000279778	-0.000279778	-0.000279778	722
0.58	0.000140704	0.000140704	0.000140704	0.000140704	796
0.581	-0.000385751	-0.000385751	-0.000385751	-0.000385751	786
0.582	-0.000123505	-0.000123505	-0.000123505	-0.000123505	719
0.583	0.000121986	0.000121986	0.000121986	0.000121986	705
0.584	0.00080226	0.00080226	0.00080226	0.00080226	708
0.585	-0.000514	-0.000514	-0.000514	-0.000514	800
0.586	0.000314504	0.000314504	0.000314504	0.000314504	655
0.587	6.76203e-06	6.76203e-06	6.76203e-06	6.76203e-06	769
0.588	-0.000292669	-0.000292669	-0.000292669	-0.000292669	723
0.589	4.73684e-05	4.73684e-05	4.73684e-05	4.73684e-05	760
0.59	-0.000544757	-0.000544757	-0.000544757	-0.000544757	782
0.591	-6.5374e-05	-6.5374e-05	-6.5374e-05	-6.5374e-05	722
0.592	-0.00013913	-0.00013913	-0.00013913	-0.00013913	759
0.593	-0.000104412	-0.000104412	-0.000104412	-0.000104412	816
0.594	-0.000115832	-0.000115832	-0.000115832	-0.000115832	739
0.595	-0.000374387	-0.000374387	-0.000374387	-0.000374387	734
0.596	-0.000838202	-0.000838202	-0.000838202	-0.000838202	712
0.597	-0.000257658	-0.000257658	-0.000257658	-0.000257658	666
0.598	0.000647701	0.000647701	0.000647701	0.000647701	696
0.599	0.000121586	0.000121586	0.000121586	0.000121586	681
0.6	0.000268613	0.000268613	0.000268613	0.000268613	685
0.601	9.49868e-05	9.49868e-05	9.49868e-05	9.49868e-05	758
0.602	-0.000533683	-0.000533683	-0.000533683	-0.000533683	763
0.603	-0.000661584	-0.000661584	-0.000661584	-0.000661584	682
0.604	-0.00099972	-0.00099972	-0.00099972	-0.00099972	715
0.605	4.2764e-05	4.2764e-05	4.2764e-05	4.2764e-05	767
0.606	-0.000349004	-0.000349004	-0.000349004	-0.000349004	753
0.607	-0.000479895	-0.000479895	-0.000479895	-0.000479895	761
0.608	-0.00097732	-0.00097732	-0.00097732	-0.00097732	679
0.609	-0.000556072	-0.000556072	-0.000556072	-0.000556072	774
0.61	-0.00054904	-0.00054904	-0.00054904	-0.00054904	781
0.611	-0.000330108	-0.000330108	-0.000330108	-0.000330108	744
0.612	-0.000151061	-0.000151061	-0.000151061	-0.000151061	707
0.613	-6.82128e-05	-6.82128e-05	-6.82128e-05	-6.82128e-05	733
0.614	0.000403333	0.000403333	0.000403333	0.000403333	720
0.615	-0.000206711	-0.000206711	-0.000206711	-0.000206711	745
0.616	3.89041e-05	3.89041e-05	3.89041e-05	3.89041e-05	730
0.617	0.0015593	0.0015593	0.0015593	0.0015593	747
0.618	0.000114216	0.000114216	0.000114216	0.000114216	823
0.619	-7.61421e-06	-7.61421e-06	-7.61421e-06	-7.61421e-06	788
0.62	-8.90125e-06	-8.90125e-06	-8.90125e-06	-8.90125e-06	719
0.621	-0.000162901	-0.000162901	-0.000162901	-0.000162901	717
0.622	-0.000362611	-0.000362611	-0.000362611	-0.000362611	674
0.623	0.000320223	0.000320223	0.000320223	0.000320223	717
0.624	-2.79601e-05	-2.79601e-05	-2.79601e-05	-2.79601e-05	701
0.625	0.000805772	0.000805772	0.000805772	0.000805772	693
0.626	0.0011779	0.0011779	0.0011779	0.0011779	742
0.627	8.49398e-05	8.49398e-05	8.49398e-05	8.49398e-05	664
0.628	0.000399433	0.000399433	0.000399433	0.000399433	705
0.629	0.000518396	0.000518396	0.000518396	0.000518396	723
0.63	0.00058708	0.00058708	0.00058708	0.00058708	774
0.631	0.00066257	0.00066257	0.00066257	0.00066257	716
0.632	0.000486275	0.000486275	0.000486275	0.000486275	663
0.633	0.000424798	0.000424798	0.000424798	0.000424798	742
0.634	0.000509353	0.000509353	0.000509353	0.000509353	695
0.635	-9.82759e-05	-9.82759e-05	-9.82759e-05	-9.82759e-05	696
0.636	0.000705882	0.000705882	0.000705882	0.000705882	731
0.637	-6.09309e-05	-6.09309e-05	-6.09309e-05	-6.09309e-05	709
0.638	9.98573e-05	9.98573e-05	9.98573e-05	9.98573e-05	701
0.639	0.000268536	0.000268536	0.000268536	0.000268536	642
0.64	0.000979104	0.000979104	0.000979104	0.000979104	737
0.641	0.000241313	0.000241313	0.000241313	0.000241313	731
0.642	0.000160462	0.000160462	0.000160462	0.000160462	693
0.643	0.000758752	0.000758752	0.000758752	0.000758752	737
0.644	-0.000296275	-0.000296275	-0.000296275	-0.000296275	698
0.645	0.00061108	0.00061108	0.00061108	0.00061108	722
0.646	-0.000406052	-0.000406052	-0.000406052	-0.000406052	727
0.647	-4.64986e-05	-4.64986e-05	-4.64986e-05	-4.64986e-05	714
0.648	0.000223803	0.000223803	0.000223803	0.000223803	731
0.649	0.000542077	0.000542077	0.000542077	0.000542077	732
0.65	0.00015251	0.00015251	0.00015251	0.00015251	737
0.651	0.000454571	0.000454571	0.000454571	0.000454571	711
0.652	0.000457067	0.000457067	0.000457067	0.000457067	757
0.653	5.02024e-05	5.02024e-05	5.02024e-05	5.02024e-05	741
0.654	-0.000408939	-0.000408939	-0.000408939	-0.000408939	716
0.655	-9.2e-05	-9.2e-05	-9.2e-05	-9.2e-05	700
0.656	-0.000498592	-0.000498592	-0.000498592	-0.000498592	710
0.657	-0.00145849	-0.00145849	-0.00145849	-0.00145849	701
0.658	-0.000457293	-0.000457293	-0.000457293	-0.000457293	761
0.659	-0.000855495	-0.000855495	-0.000855495	-0.000855495	728
0.66	-8.17439e-06	-8.17439e-06	-8.17439e-06	-8.17439e-06	734
0.661	-0.000311855	-0.000311855	-0.000311855	-0.000311855	717
0.662	0.000632489	0.000632489	0.000632489	0.000632489	671
0.663	-0.00110318	-0.00110318	-0.00110318	-0.00110318	723
0.664	-0.000538048	-0.000538048	-0.000538048	-0.000538048	707
0.665	-0.000806916	-0.000806916	-0.000806916	-0.000806916	694
0.666	-2.11731e-05	-2.11731e-05	-2.11731e-05	-2.11731e-05	699
0.667	-0.000130693	-0.000130693	-0.000130693	-0.000130693	707
0.668	0.000910169	0.000910169	0.000910169	0.000910169	708
0.669	-0.00116823	-0.00116823	-0.00116823	-0.00116823	705
0.67	0.000160305	0.000160305	0.000160305	0.000160305	786
0.671	-0.000127141	-0.000127141	-0.000127141	-0.000127141	689
0.672	0.000625232	0.000625232	0.000625232	0.000625232	753
0.673	0.000621505	0.000621505	0.000621505	0.000621505	744
0.674	-0.000171765	-0.000171765	-0.000171765	-0.000171765	680
0.675	-0.000129492	-0.000129492	-0.000129492	-0.000129492	729
0.676	-2.15506e-05	-2.15506e-05	-2.15506e-05	-2.15506e-05	761
0.677	0.000698755	0.000698755	0.000698755	0.000698755	723
0.678	-0.000565158	-0.000565158	-0.000565158	-0.000565158	729
0.679	-0.000282806	-0.000282806	-0.000282806	-0.000282806	727
0.68	-0.000284196	-0.000284196	-0.000284196	-0.000284196	715
0.681	0.000987816	0.000987816	0.000987816	0.000987816	673
0.682	0.000244413	0.000244413	0.000244413	0.000244413	707
0.683	5.23617e-05	5.23617e-05	5.23617e-05	5.23617e-05	741
0.684	0.000567204	0.000567204	0.000567204	0.000567204	744
0.685	0.00022487	0.00022487	0.00022487	0.00022487	772
0.686	0.00104583	0.00104583	0.00104583	0.00104583	755
0.687	0.000825751	0.000825751	0.000825751	0.000825751	699
0.688	-8.7027e-05	-8.7027e-05	-8.7027e-05	-8.7027e-05	740
0.689	0.000334473	0.000334473	0.000334473	0.000334473	702
0.69	-9.50725e-05	-9.50725e-05	-9.50725e-05	-9.50725e-05	690
0.691	0.000175686	0.000175686	0.000175686	0.000175686	765
0.692	0.000938265	0.000938265	0.000938265	0.000938265	703
0.693	9.07407e-05	9.07407e-05	9.07407e-05	9.07407e-05	648
0.694	-0.000242941	-0.000242941	-0.000242941	-0.000242941	680
0.695	0.000364219	0.000364219	0.000364219	0.000364219	749
0.696	0.000321924	0.000321924	0.000321924	0.000321924	707
0.697	0.000193714	0.000193714	0.000193714	0.000193714	700
0.698	-0.000144868	-0.000144868	-0.000144868	-0.000144868	682
0.699	-0.000385251	-0.000385251	-0.000385251	-0.000385251	678
0.7	0.000203741	0.000203741	0.000203741	0.000203741	695
0.701	0.000375152	0.000375152	0.000375152	0.000375152	660
0.702	0.000102905	0.000102905	0.000102905	0.000102905	723
0.703	0.000330992	0.000330992	0.000330992	0.000330992	655
0.704	-0.000404545	-0.000404545	-0.000404545	-0.000404545	704
0.705	0.000762778	0.000762778	0.000762778	0.000762778	720
0.706	0.000492954	0.000492954	0.000492954	0.000492954	667
0.707	6.49526e-06	6.49526e-06	6.49526e-06	6.49526e-06	739
0.708	1.0411e-05	1.0411e-05	1.0411e-05	1.0411e-05	730
0.709	0.000745191	0.000745191	0.000745191	0.000745191	759
0.71	0.000208671	0.000208671	0.000208671	0.000208671	692
0.711	0.00103761	0.00103761	0.00103761	0.00103761	771
0.712	-0.000175103	-0.000175103	-0.000175103	-0.000175103	731
0.713	5.64175e-06	5.64175e-06	5.64175e-06	5.64175e-06	709
0.714	0.000131499	0.000131499	0.000131499	0.000131499	727
0.715	0.000151321	0.000151321	0.000151321	0.000151321	719
0.716	0.000598904	0.000598904	0.000598904	0.000598904	730
0.717	0.00017052	0.00017052	0.00017052	0.00017052	692
0.718	9.62853e-05	9.62853e-05	9.62853e-05	9.62853e-05	673
0.719	0.00125402	0.00125402	0.00125402	0.00125402	696
0.72	7.45946e-05	7.45946e-05	7.45946e-05	7.45946e-05	740
0.721	0.00110078	0.00110078	0.00110078	0.00110078	766
0.722	-0.000409756	-0.000409756	-0.000409756	-0.000409756	738
0.723	0.00045305	0.00045305	0.00045305	0.00045305	754
0.724	0.000546218	0.000546218	0.000546218	0.000546218	714
0.725	0.000788235	0.000788235	0.000788235	0.000788235	714
0.726	0.000692609	0.000692609	0.000692609	0.000692609	663
0.727	0.00144733	0.00144733	0.00144733	0.00144733	731
0.728	0.000943716	0.000943716	0.000943716	0.000943716	732
0.729	0.000372377	0.000372377	0.000372377	0.000372377	753
0.73	0.00119657	0.00119657	0.00119657	0.00119657	700
0.731	0.000398305	0.000398305	0.000398305	0.000398305	708
0.732	0.000313514	0.000313514	0.000313514	0.000313514	703
0.733	0.000102381	0.000102381	0.000102381	0.000102381	672
0.734	0.000559444	0.000559444	0.000559444	0.000559444	720
0.735	0.000258117	0.000258117	0.000258117	0.000258117	733
0.736	-0.000181287	-0.000181287	-0.000181287	-0.000181287	684
0.737	0.00025415	0.00025415	0.00025415	0.00025415	735
0.738	-0.000254391	-0.000254391	-0.000254391	-0.000254391	706
0.739	5.92384e-05	5.92384e-05	5.92384e-05	5.92384e-05	709
0.74	0.000924654	0.000924654	0.000924654	0.000924654	722
0.741	0.000774893	0.000774893	0.000774893	0.000774893	701
0.742	-1.48148e-05	-1.48148e-05	-1.48148e-05	-1.48148e-05	729
0.743	-0.000266092	-0.000266092	-0.000266092	-0.000266092	696
0.744	0.000233529	0.000233529	0.000233529	0.000233529	680
0.745	0.000802789	0.000802789	0.000802789	0.000802789	717
0.746	0.000329218	0.000329218	0.000329218	0.000329218	729
0.747	0.0005625	0.0005625	0.0005625	0.0005625	672
0.748	0.000737463	0.000737463	0.000737463	0.000737463	678
0.749	9.35065e-05	9.35065e-05	9.35065e-05	9.35065e-05	693
0.75	5.30488e-05	5.30488e-05	5.30488e-05	5.30488e-05	656
0.751	0.000702762	0.000702762	0.000702762	0.000702762	724
0.752	-0.000106277	-0.000106277	-0.000106277	-0.000106277	685
0.753	-0.000118539	-0.000118539	-0.000118539	-0.000118539	739
0.754	0.000335695	0.000335695	0.000335695	0.000335695	734
0.755	-0.000199693	-0.000199693	-0.000199693	-0.000199693	651
0.756	-0.000137109	-0.000137109	-0.000137109	-0.000137109	671
0.757	0.000322581	0.000322581	0.000322581	0.000322581	682
0.758	0.000504499	0.000504499	0.000504499	0.000504499	689
0.759	0.000245373	0.000245373	0.000245373	0.000245373	670
0.76	0.000352049	0.000352049	0.000352049	0.000352049	659
0.761	0.000122426	0.000122426	0.000122426	0.000122426	709
0.762	-0.000457797	-0.000457797	-0.000457797	-0.000457797	699
0.763	-0.000684659	-0.000684659	-0.000684659	-0.000684659	704
0.764	0.000265211	0.000265211	0.000265211	0.000265211	641
0.765	-0.000682014	-0.000682014	-0.000682014	-0.000682014	695
0.766	-0.000523393	-0.000523393	-0.000523393	-0.000523393	778
0.767	-0.000457216	-0.000457216	-0.000457216	-0.000457216	783
0.768	-0.00114824	-0.00114824	-0.00114824	-0.00114824	796
0.769	-0.000156354	-0.000156354	-0.000156354	-0.000156354	724
0.77	-0.000160232	-0.000160232	-0.000160232	-0.000160232	689
0.771	-0.000322444	-0.000322444	-0.000322444	-0.000322444	753
0.772	0.0001296	0.0001296	0.0001296	0.0001296	750
0.773	0.00037292	0.00037292	0.00037292	0.00037292	709
0.774	-0.000340316	-0.000340316	-0.000340316	-0.000340316	697
0.775	9.16074e-05	9.16074e-05	9.16074e-05	9.16074e-05	703
0.776	-0.000768333	-0.000768333	-0.000768333	-0.000768333	720
0.777	-0.00068468	-0.00068468	-0.00068468	-0.00068468	718
0.778	-0.000518182	-0.000518182	-0.000518182	-0.000518182	704
0.779	-0.00104023	-0.00104023	-0.00104023	-0.00104023	696
0.78	-0.000175191	-0.000175191	-0.000175191	-0.000175191	653
0.781	-0.000378409	-0.000378409	-0.000378409	-0.000378409	704
0.782	-0.000232164	-0.000232164	-0.000232164	-0.000232164	684
0.783	-0.000119369	-0.000119369	-0.000119369	-0.000119369	697
0.784	0.000856417	0.000856417	0.000856417	0.000856417	709
0.785	5.54913e-05	5.54913e-05	5.54913e-05	5.54913e-05	692
0.786	0.000892838	0.000892838	0.000892838	0.000892838	754
0.787	-0.000311874	-0.000311874	-0.000311874	-0.000311874	699
0.788	-0.000546629	-0.000546629	-0.000546629	-0.000546629	712
0.789	-0.000626849	-0.000626849	-0.000626849	-0.000626849	730
0.79	-0.000953342	-0.000953342	-0.000953342	-0.000953342	733
0.791	-0.000871255	-0.000871255	-0.000871255	-0.000871255	741
0.792	-0.000433729	-0.000433729	-0.000433729	-0.000433729	759
0.793	-0.000236878	-0.000236878	-0.000236878	-0.000236878	743
0.794	-0.000605746	-0.000605746	-0.000605746	-0.000605746	731
0.795	-0.000692021	-0.000692021	-0.000692021	-0.000692021	752
0.796	-0.000186775	-0.000186775	-0.000186775	-0.000186775	741
0.797	-0.000672199	-0.000672199	-0.000672199	-0.000672199	723
0.798	-0.000648485	-0.000648485	-0.000648485	-0.000648485	726
0.799	-0.000865915	-0.000865915	-0.000865915	-0.000865915	710
0.8	-0.000469744	-0.000469744	-0.000469744	-0.000469744	780
0.801	-7.34591e-05	-7.34591e-05	-7.34591e-05	-7.34591e-05	795
0.802	-0.000593707	-0.000593707	-0.000593707	-0.000593707	731
0.803	0.000165027	0.000165027	0.000165027	0.000165027	732
0.804	-0.000183588	-0.000183588	-0.000183588	-0.000183588	719
0.805	7.88512e-05	7.88512e-05	7.88512e-05	7.88512e-05	766
0.806	-0.000910569	-0.000910569	-0.000910569	-0.000910569	738
0.807	-0.000824855	-0.000824855	-0.000824855	-0.000824855	692
0.808	-0.000738172	-0.000738172	-0.000738172	-0.000738172	744
0.809	-0.000148063	-0.000148063	-0.000148063	-0.000148063	697
0.81	-0.00029216	-0.00029216	-0.00029216	-0.00029216	727
0.811	-0.000102842	-0.000102842	-0.000102842	-0.000102842	774
0.812	0.000208365	0.000208365	0.000208365	0.000208365	789
0.813	-0.000435676	-0.000435676	-0.000435676	-0.000435676	740
0.814	-0.000238701	-0.000238701	-0.000238701	-0.000238701	739
0.815	-0.000465163	-0.000465163	-0.000465163	-0.000465163	798
0.816	-0.000611125	-0.000611125	-0.000611125	-0.000611125	773
0.817	-0.000685432	-0.000685432	-0.000685432	-0.000685432	810
0.818	-0.000743631	-0.000743631	-0.000743631	-0.000743631	738
0.819	-0.000216561	-0.000216561	-0.000216561	-0.000216561	785
0.82	-0.000286413	-0.000286413	-0.000286413	-0.000286413	736
0.821	-0.000762304	-0.000762304	-0.000762304	-0.000762304	764
0.822	2.6087e-05	2.6087e-05	2.6087e-05	2.6087e-05	782
0.823	-0.000553425	-0.000553425	-0.000553425	-0.000553425	803
0.824	-0.000221354	-0.000221354	-0.000221354	-0.000221354	768
0.825	-0.000332316	-0.000332316	-0.000332316	-0.000332316	786
0.826	-0.000132053	-0.000132053	-0.000132053	-0.000132053	833
0.827	-0.00121047	-0.00121047	-0.00121047	-0.00121047	764
0.828	-0.000938786	-0.000938786	-0.000938786	-0.000938786	758
0.829	-0.000937834	-0.000937834	-0.000937834	-0.000937834	711
0.83	-0.000535537	-0.000535537	-0.000535537	-0.000535537	726
0.831	-0.000785567	-0.000785567	-0.000785567	-0.000785567	776
0.832	-0.000271368	-0.000271368	-0.000271368	-0.000271368	709
0.833	-0.000725244	-0.000725244	-0.000725244	-0.000725244	717
0.834	-0.000592179	-0.000592179	-0.000592179	-0.000592179	716
0.835	-0.000607503	-0.000607503	-0.000607503	-0.000607503	773
0.836	-0.00114262	-0.00114262	-0.00114262	-0.00114262	732
0.837	7.89404e-05	7.89404e-05	7.89404e-05	7.89404e-05	755
0.838	-0.000979021	-0.000979021	-0.000979021	-0.000979021	715
0.839	-0.000246906	-0.000246906	-0.000246906	-0.000246906	695
0.84	-0.00017037	-0.00017037	-0.00017037	-0.00017037	702
0.841	-8.35905e-05	-8.35905e-05	-8.35905e-05	-8.35905e-05	713
0.842	-0.00011498	-0.00011498	-0.00011498	-0.00011498	741
0.843	-0.000436461	-0.000436461	-0.000436461	-0.000436461	746
0.844	-0.000303562	-0.000303562	-0.000303562	-0.000303562	730
0.845	7.23164e-05	7.23164e-05	7.23164e-05	7.23164e-05	708
0.846	0.000190087	0.000190087	0.000190087	0.000190087	686
0.847	-0.00104	-0.00104	-0.00104	-0.00104	695
0.848	-0.00145146	-0.00145146	-0.00145146	-0.00145146	719
0.849	-0.00120113	-0.00120113	-0.00120113	-0.00120113	708
0.85	-0.000526167	-0.000526167	-0.000526167	-0.000526167	707
0.851	-0.00116897	-0.00116897	-0.00116897	-0.00116897	709
0.852	-0.00105793	-0.00105793	-0.00105793	-0.00105793	656
0.853	-0.00084777	-0.00084777	-0.00084777	-0.00084777	695
0.854	-0.00043812	-0.00043812	-0.00043812	-0.00043812	766
0.855	-0.000647028	-0.000647028	-0.000647028	-0.000647028	774
0.856	-0.000883761	-0.000883761	-0.000883761	-0.000883761	702
0.857	-0.000478544	-0.000478544	-0.000478544	-0.000478544	769
0.858	-2.8125e-05	-2.8125e-05	-2.8125e-05	-2.8125e-05	768
0.859	0.000753674	0.000753674	0.000753674	0.000753674	803
0.86	-0.000591045	-0.000591045	-0.000591045	-0.000591045	737
0.861	-0.000704736	-0.000704736	-0.000704736	-0.000704736	739
0.862	-0.000454496	-0.000454496	-0.000454496	-0.000454496	734
0.863	-0.00013388	-0.00013388	-0.00013388	-0.00013388	732
0.864	-0.000679046	-0.000679046	-0.000679046	-0.000679046	797
0.865	-0.000907463	-0.000907463	-0.000907463	-0.000907463	737
0.866	-0.000953804	-0.000953804	-0.000953804	-0.000953804	736
0.867	-0.00114111	-0.00114111	-0.00114111	-0.00114111	720
0.868	-0.000436568	-0.000436568	-0.000436568	-0.000436568	711
0.869	-0.00107189	-0.00107189	-0.00107189	-0.00107189	740
0.87	-0.000746186	-0.000746186	-0.000746186	-0.000746186	721
0.871	-0.000769852	-0.000769852	-0.000769852	-0.000769852	743
0.872	-0.000518079	-0.000518079	-0.000518079	-0.000518079	708
0.873	-0.000209756	-0.000209756	-0.000209756	-0.000209756	738
0.874	-0.00221897	-0.00221897	-0.00221897	-0.00221897	780
0.875	1.22905e-05	1.22905e-05	1.22905e-05	1.22905e-05	716
0.876	-0.000768649	-0.000768649	-0.000768649	-0.000768649	740
0.877	-0.000227968	-0.000227968	-0.000227968	-0.000227968	758
0.878	-0.00136	-0.00136	-0.00136	-0.00136	760
0.879	-0.000541176	-0.000541176	-0.000541176	-0.000541176	748
0.88	-0.000668795	-0.000668795	-0.000668795	-0.000668795	689
0.881	0.000244687	0.000244687	0.000244687	0.000244687	734
0.882	0.00087814	0.00087814	0.00087814	0.00087814	645
0.883	-0.000857585	-0.000857585	-0.000857585	-0.000857585	646
0.884	-0.000229957	-0.000229957	-0.000229957	-0.000229957	701
0.885	0.000263233	0.000263233	0.000263233	0.000263233	699
0.886	-0.000618182	-0.000618182	-0.000618182	-0.000618182	715
0.887	-0.000222513	-0.000222513	-0.000222513	-0.000222513	764
0.888	-0.00126162	-0.00126162	-0.00126162	-0.00126162	740
0.889	-0.000167794	-0.000167794	-0.000167794	-0.000167794	739
0.89	0.000904348	0.000904348	0.000904348	0.000904348	690
0.891	0.000987959	0.000987959	0.000987959	0.000987959	681
0.892	0.00038103	0.00038103	0.00038103	0.00038103	738
0.893	-0.000234326	-0.000234326	-0.000234326	-0.000234326	705
0.894	0.000814921	0.000814921	0.000814921	0.000814921	697
0.895	6.94938e-05	6.94938e-05	6.94938e-05	6.94938e-05	731
0.896	-7.63441e-05	-7.63441e-05	-7.63441e-05	-7.63441e-05	744
0.897	-0.000173692	-0.000173692	-0.000173692	-0.000173692	707
0.898	0.000553482	0.000553482	0.000553482	0.000553482	761
0.899	0.000646281	0.000646281	0.000646281	0.000646281	726
0.9	-0.00031	-0.00031	-0.00031	-0.00031	720
0.901	-0.000264088	-0.000264088	-0.000264088	-0.000264088	724
0.902	-0.000371912	-0.000371912	-0.000371912	-0.000371912	769
0.903	-0.000990909	-0.000990909	-0.000990909	-0.000990909	792
0.904	-0.000660536	-0.000660536	-0.000660536	-0.000660536	783
0.905	-0.000844156	-0.000844156	-0.000844156	-0.000844156	770
0.906	-0.00031105	-0.00031105	-0.00031105	-0.00031105	724
0.907	-0.00059249	-0.00059249	-0.00059249	-0.00059249	719
0.908	-0.000681342	-0.000681342	-0.000681342	-0.000681342	745
0.909	-0.000927299	-0.000927299	-0.000927299	-0.000927299	685
0.91	-0.000297861	-0.000297861	-0.000297861	-0.000297861	748
0.911	-0.000110649	-0.000110649	-0.000110649	-0.000110649	817
0.912	2.57534e-05	2.57534e-05	2.57534e-05	2.57534e-05	730
0.913	-0.000479459	-0.000479459	-0.000479459	-0.000479459	740
0.914	-0.000344828	-0.000344828	-0.000344828	-0.000344828	754
0.915	-0.000994034	-0.000994034	-0.000994034	-0.000994034	771
0.916	-9.66975e-05	-9.66975e-05	-9.66975e-05	-9.66975e-05	757
0.917	-0.00090339	-0.00090339	-0.00090339	-0.00090339	708
0.918	-0.00170954	-0.00170954	-0.00170954	-0.00170954	650
0.919	-0.00179915	-0.00179915	-0.00179915	-0.00179915	709
0.92	-0.00078299	-0.00078299	-0.00078299	-0.00078299	729
0.921	-0.00106292	-0.00106292	-0.00106292	-0.00106292	747
0.922	-0.000489918	-0.000489918	-0.000489918	-0.000489918	734
0.923	-0.00121165	-0.00121165	-0.00121165	-0.00121165	721
0.924	-0.000677411	-0.000677411	-0.000677411	-0.000677411	757
0.925	-0.000871724	-0.000871724	-0.000871724	-0.000871724	725
0.926	-0.000610437	-0.000610437	-0.000610437	-0.000610437	709
0.927	-0.00126183	-0.00126183	-0.00126183	-0.00126183	744
0.928	-0.00119789	-0.00119789	-0.00119789	-0.00119789	759
0.929	-0.00087894	-0.00087894	-0.00087894	-0.00087894	755
0.93	-0.00117892	-0.00117892	-0.00117892	-0.00117892	740
0.931	-0.000628809	-0.000628809	-0.000628809	-0.000628809	722
0.932	-0.0013481	-0.0013481	-0.0013481	-0.0013481	632
0.933	-0.000672423	-0.000672423	-0.000672423	-0.000672423	718
0.934	-0.000567828	-0.000567828	-0.000567828	-0.000567828	746
0.935	0.0004	0.0004	0.0004	0.0004	747
0.936	0.000323238	0.000323238	0.000323238	0.000323238	766
0.937	-0.000617987	-0.000617987	-0.000617987	-0.000617987	745
0.938	-0.00038303	-0.00038303	-0.00038303	-0.00038303	825
0.939	0.000136653	0.000136653	0.000136653	0.000136653	723
0.94	0.000118706	0.000118706	0.000118706	0.000118706	711
0.941	-0.000316266	-0.000316266	-0.000316266	-0.000316266	707
0.942	0.000263516	0.000263516	0.000263516	0.000263516	677
0.943	-0.000275532	-0.000275532	-0.000275532	-0.000275532	752
0.944	-0.000233803	-0.000233803	-0.000233803	-0.000233803	710
0.945	-0.000315065	-0.000315065	-0.000315065	-0.000315065	697
0.946	-0.000533706	-0.000533706	-0.000533706	-0.000533706	715
0.947	-0.000107972	-0.000107972	-0.000107972	-0.000107972	715
0.948	-0.000386431	-0.000386431	-0.000386431	-0.000386431	678
0.949	-0.000407735	-0.000407735	-0.000407735	-0.000407735	724
0.95	-2.76056e-05	-2.76056e-05	-2.76056e-05	-2.76056e-05	710
0.951	0.000113984	0.000113984	0.000113984	0.000113984	758
0.952	-0.000610848	-0.000610848	-0.000610848	-0.000610848	719
0.953	-0.000210636	-0.000210636	-0.000210636	-0.000210636	771
0.954	-0.000133673	-0.000133673	-0.000133673	-0.000133673	784
0.955	-0.000237351	-0.000237351	-0.000237351	-0.000237351	755
0.956	-5.6383e-05	-5.6383e-05	-5.6383e-05	-5.6383e-05	752
0.957	-0.000934838	-0.000934838	-0.000934838	-0.000934838	709
0.958	0.000563686	0.000563686	0.000563686	0.000563686	738
0.959	-6.12766e-05	-6.12766e-05	-6.12766e-05	-6.12766e-05	705
0.96	-0.000309091	-0.000309091	-0.000309091	-0.000309091	726
0.961	-0.000372396	-0.000372396	-0.000372396	-0.000372396	797
0.962	-0.000232999	-0.000232999	-0.000232999	-0.000232999	697
0.963	-0.000950863	-0.000950863	-0.000950863	-0.000950863	753
0.964	-0.000971819	-0.000971819	-0.000971819	-0.000971819	731
0.965	-0.000198387	-0.000198387	-0.000198387	-0.000198387	744
0.966	3.5493e-05	3.5493e-05	3.5493e-05	3.5493e-05	710
0.967	8.8145e-05	8.8145e-05	8.8145e-05	8.8145e-05	717
0.968	8.90605e-05	8.90605e-05	8.90605e-05	8.90605e-05	777
0.969	-0.000847657	-0.000847657	-0.000847657	-0.000847657	747
0.97	-0.000969456	-0.000969456	-0.000969456	-0.000969456	753
0.971	-0.00178911	-0.00178911	-0.00178911	-0.00178911	753
0.972	-0.000814433	-0.000814433	-0.000814433	-0.000814433	776
0.973	-0.000389376	-0.000389376	-0.000389376	-0.000389376	753
0.974	-0.000557216	-0.000557216	-0.000557216	-0.000557216	776
0.975	-0.00121553	-0.00121553	-0.00121553	-0.00121553	721
0.976	-0.000670897	-0.000670897	-0.000670897	-0.000670897	725
0.977	-0.000550363	-0.000550363	-0.000550363	-0.000550363	689
0.978	0.000378761	0.000378761	0.000378761	0.000378761	678
0.979	0.000657647	0.000657647	0.000657647	0.000657647	680
0.98	-0.000905541	-0.000905541	-0.000905541	-0.000905541	758
0.981	-0.000734788	-0.000734788	-0.000734788	-0.000734788	779
0.982	9.80545e-05	9.80545e-05	9.80545e-05	9.80545e-05	771
0.983	-0.000541844	-0.000541844	-0.000541844	-0.000541844	705
0.984	-0.000973333	-0.000973333	-0.000973333	-0.000973333	720
0.985	-0.000503763	-0.000503763	-0.000503763	-0.000503763	744
0.986	0.0004505	0.0004505	0.0004505	0.0004505	800
0.987	0.000177548	0.000177548	0.000177548	0.000177548	775
0.988	0.000406657	0.000406657	0.000406657	0.000406657	721
0.989	-0.000199413	-0.000199413	-0.000199413	-0.000199413	682
0.99	-0.000358106	-0.000358106	-0.000358106	-0.000358106	697
0.991	-0.00115345	-0.00115345	-0.00115345	-0.00115345	653
0.992	-0.00111891	-0.00111891	-0.00111891	-0.00111891	661
0.993	-0.000883556	-0.000883556	-0.000883556	-0.000883556	675
0.994	-0.000641161	-0.000641161	-0.000641161	-0.000641161	758
0.995	-0.00059865	-0.00059865	-0.00059865	-0.00059865	741
0.996	-0.00206422	-0.00206422	-0.00206422	-0.00206422	654
0.997	-0.000592529	-0.000592529	-0.000592529	-0.000592529	696
0.998	-0.000721845	-0.000721845	-0.000721845	-0.000721845	737
0.999	-0.000521739	-0.000521739	-0.000521739	-0.000521739	690
1	-0.000823955	-0.000823955	-0.000823955	-0.000823955	718
