0.001	0.083965	0.083965	0.083965	0.083965	1327
0.002	0.0815204	0.0815204	0.0815204	0.0815204	985
0.003	0.0690851	0.0690851	0.0690851	0.0690851	794
0.004	0.0661215	0.0661215	0.0661215	0.0661215	622
0.005	0.0611344	0.0611344	0.0611344	0.0611344	482
0.006	0.0601634	0.0601634	0.0601634	0.0601634	377
0.007	0.0515657	0.0515657	0.0515657	0.0515657	361
0.008	0.0462667	0.0462667	0.0462667	0.0462667	336
0.009	0.0392072	0.0392072	0.0392072	0.0392072	277
0.01	0.0404638	0.0404638	0.0404638	0.0404638	276
0.011	0.0358779	0.0358779	0.0358779	0.0358779	249
0.012	0.0334266	0.0334266	0.0334266	0.0334266	256
0.013	0.0264511	0.0264511	0.0264511	0.0264511	219
0.014	0.0244796	0.0244796	0.0244796	0.0244796	206
0.015	0.0281752	0.0281752	0.0281752	0.0281752	226
0.016	0.0229107	0.0229107	0.0229107	0.0229107	224
0.017	0.0204701	0.0204701	0.0204701	0.0204701	194
0.018	0.0188205	0.0188205	0.0188205	0.0188205	254
0.019	0.0181465	0.0181465	0.0181465	0.0181465	172
0.02	0.0158534	0.0158534	0.0158534	0.0158534	191
0.021	0.0147258	0.0147258	0.0147258	0.0147258	194
0.022	0.0128155	0.0128155	0.0128155	0.0128155	181
0.023	0.0144233	0.0144233	0.0144233	0.0144233	189
0.024	0.00994146	0.00994146	0.00994146	0.00994146	205
0.025	0.00692459	0.00692459	0.00692459	0.00692459	183
0.026	0.0096	0.0096	0.0096	0.0096	185
0.027	0.0128457	0.0128457	0.0128457	0.0128457	175
0.028	0.00749767	0.00749767	0.00749767	0.00749767	172
0.029	0.00455467	0.00455467	0.00455467	0.00455467	150
0.03	0.0045614	0.0045614	0.0045614	0.0045614	171
0.031	0.00820809	0.00820809	0.00820809	0.00820809	173
0.032	0.00399259	0.00399259	0.00399259	0.00399259	162
0.033	0.00352766	0.00352766	0.00352766	0.00352766	188
0.034	0.00535062	0.00535062	0.00535062	0.00535062	162
0.035	0.0102198	0.0102198	0.0102198	0.0102198	182
0.036	0.00746294	0.00746294	0.00746294	0.00746294	143
0.037	0.00472828	0.00472828	0.00472828	0.00472828	145
0.038	0.00507978	0.00507978	0.00507978	0.00507978	183
0.039	0.00407126	0.00407126	0.00407126	0.00407126	174
0.04	0.00371	0.00371	0.00371	0.00371	160
0.041	0.00307239	0.00307239	0.00307239	0.00307239	163
0.042	0.00262099	0.00262099	0.00262099	0.00262099	181
0.043	0.00350409	0.00350409	0.00350409	0.00350409	171
0.044	0.00390444	0.00390444	0.00390444	0.00390444	180
0.045	0.00267294	0.00267294	0.00267294	0.00267294	170
0.046	0.000589349	0.000589349	0.000589349	0.000589349	169
0.047	0.00220264	0.00220264	0.00220264	0.00220264	227
0.048	0.00444492	0.00444492	0.00444492	0.00444492	187
0.049	0.00198557	0.00198557	0.00198557	0.00198557	194
0.05	0.0018866	0.0018866	0.0018866	0.0018866	194
0.051	0.00246044	0.00246044	0.00246044	0.00246044	225
0.052	0.00129592	0.00129592	0.00129592	0.00129592	196
0.053	0.00177143	0.00177143	0.00177143	0.00177143	168
0.054	0.00111368	0.00111368	0.00111368	0.00111368	190
0.055	0.00457988	0.00457988	0.00457988	0.00457988	169
0.056	0.00413631	0.00413631	0.00413631	0.00413631	179
0.057	0.00585478	0.00585478	0.00585478	0.00585478	157
0.058	-0.00306118	-0.00306118	-0.00306118	-0.00306118	170
0.059	0.00345027	0.00345027	0.00345027	0.00345027	187
0.06	0.00711758	0.00711758	0.00711758	0.00711758	165
0.061	0.00343169	0.00343169	0.00343169	0.00343169	183
0.062	-0.0015604	-0.0015604	-0.0015604	-0.0015604	202
0.063	0.000696907	0.000696907	0.000696907	0.000696907	194
0.064	9.47368e-05	9.47368e-05	9.47368e-05	9.47368e-05	190
0.065	-0.000621801	-0.000621801	-0.000621801	-0.000621801	211
0.066	0.000922105	0.000922105	0.000922105	0.000922105	190
0.067	-8.16327e-06	-8.16327e-06	-8.16327e-06	-8.16327e-06	196
0.068	-0.000904918	-0.000904918	-0.000904918	-0.000904918	183
0.069	-0.00263333	-0.00263333	-0.00263333	-0.00263333	168
0.07	0.000464921	0.000464921	0.000464921	0.000464921	191
0.071	0.000308889	0.000308889	0.000308889	0.000308889	180
0.072	0.0027528	0.0027528	0.0027528	0.0027528	161
0.073	0.00113333	0.00113333	0.00113333	0.00113333	150
0.074	-0.00270337	-0.00270337	-0.00270337	-0.00270337	178
0.075	-0.000386928	-0.000386928	-0.000386928	-0.000386928	153
0.076	0.000845902	0.000845902	0.000845902	0.000845902	183
0.077	0.00432826	0.00432826	0.00432826	0.00432826	184
0.078	0.00244706	0.00244706	0.00244706	0.00244706	187
0.079	0.00160447	0.00160447	0.00160447	0.00160447	179
0.08	0.000488889	0.000488889	0.000488889	0.000488889	180
0.081	0.00174937	0.00174937	0.00174937	0.00174937	158
0.082	0.000569091	0.000569091	0.000569091	0.000569091	220
0.083	0.000780606	0.000780606	0.000780606	0.000780606	165
0.084	0.000612022	0.000612022	0.000612022	0.000612022	183
0.085	0.00335196	0.00335196	0.00335196	0.00335196	179
0.086	0.000533333	0.000533333	0.000533333	0.000533333	183
0.087	0.00194589	0.00194589	0.00194589	0.00194589	207
0.088	0.000893855	0.000893855	0.000893855	0.000893855	179
0.089	0.00123579	0.00123579	0.00123579	0.00123579	190
0.09	0.0004	0.0004	0.0004	0.0004	156
0.091	0.00133425	0.00133425	0.00133425	0.00133425	146
0.092	0.00112513	0.00112513	0.00112513	0.00112513	187
0.093	0.0016913	0.0016913	0.0016913	0.0016913	184
0.094	0.00322118	0.00322118	0.00322118	0.00322118	170
0.095	0.000557419	0.000557419	0.000557419	0.000557419	155
0.096	0.00196867	0.00196867	0.00196867	0.00196867	166
0.097	0.0053931	0.0053931	0.0053931	0.0053931	145
0.098	0.000318841	0.000318841	0.000318841	0.000318841	138
0.099	0.00301241	0.00301241	0.00301241	0.00301241	145
0.1	0.003928	0.003928	0.003928	0.003928	150
0.101	0.00304	0.00304	0.00304	0.00304	185
0.102	0.003392	0.003392	0.003392	0.003392	175
0.103	0.00424294	0.00424294	0.00424294	0.00424294	163
0.104	0.00295354	0.00295354	0.00295354	0.00295354	198
0.105	0.00442069	0.00442069	0.00442069	0.00442069	174
0.106	0.00181899	0.00181899	0.00181899	0.00181899	179
0.107	0.00177778	0.00177778	0.00177778	0.00177778	180
0.108	-0.000986164	-0.000986164	-0.000986164	-0.000986164	159
0.109	-0.00164324	-0.00164324	-0.00164324	-0.00164324	185
0.11	0.000271345	0.000271345	0.000271345	0.000271345	171
0.111	0.000992432	0.000992432	0.000992432	0.000992432	185
0.112	0.0017193	0.0017193	0.0017193	0.0017193	228
0.113	0.000547594	0.000547594	0.000547594	0.000547594	187
0.114	0.00515577	0.00515577	0.00515577	0.00515577	208
0.115	0.00324773	0.00324773	0.00324773	0.00324773	176
0.116	0.00161538	0.00161538	0.00161538	0.00161538	182
0.117	0.00323315	0.00323315	0.00323315	0.00323315	181
0.118	0.00128864	0.00128864	0.00128864	0.00128864	176
0.119	0.00435556	0.00435556	0.00435556	0.00435556	162
0.12	0.00330884	0.00330884	0.00330884	0.00330884	147
0.121	0.000989781	0.000989781	0.000989781	0.000989781	137
0.122	0.00186111	0.00186111	0.00186111	0.00186111	144
0.123	0.00619753	0.00619753	0.00619753	0.00619753	162
0.124	0.00302292	0.00302292	0.00302292	0.00302292	192
0.125	0.002722	0.002722	0.002722	0.002722	200
0.126	0.00376857	0.00376857	0.00376857	0.00376857	140
0.127	0.000482857	0.000482857	0.000482857	0.000482857	140
0.128	0.0020275	0.0020275	0.0020275	0.0020275	160
0.129	0.00323733	0.00323733	0.00323733	0.00323733	150
0.13	0.00157746	0.00157746	0.00157746	0.00157746	142
0.131	0.00370207	0.00370207	0.00370207	0.00370207	145
0.132	0.00349814	0.00349814	0.00349814	0.00349814	161
0.133	0.005575	0.005575	0.005575	0.005575	160
0.134	0.00652093	0.00652093	0.00652093	0.00652093	129
0.135	0.00408116	0.00408116	0.00408116	0.00408116	138
0.136	-0.00140882	-0.00140882	-0.00140882	-0.00140882	136
0.137	0.00102432	0.00102432	0.00102432	0.00102432	148
0.138	0.000102069	0.000102069	0.000102069	0.000102069	145
0.139	0.000598473	0.000598473	0.000598473	0.000598473	131
0.14	-0.000564539	-0.000564539	-0.000564539	-0.000564539	141
0.141	0.000928571	0.000928571	0.000928571	0.000928571	168
0.142	0.000303356	0.000303356	0.000303356	0.000303356	149
0.143	-0.000602353	-0.000602353	-0.000602353	-0.000602353	170
0.144	-0.00235871	-0.00235871	-0.00235871	-0.00235871	155
0.145	-0.000624691	-0.000624691	-0.000624691	-0.000624691	162
0.146	0.000382609	0.000382609	0.000382609	0.000382609	161
0.147	-0.000289744	-0.000289744	-0.000289744	-0.000289744	156
0.148	-0.0018094	-0.0018094	-0.0018094	-0.0018094	149
0.149	-9.06667e-05	-9.06667e-05	-9.06667e-05	-9.06667e-05	150
0.15	-0.00201	-0.00201	-0.00201	-0.00201	160
0.151	-0.000978065	-0.000978065	-0.000978065	-0.000978065	155
0.152	-0.000667516	-0.000667516	-0.000667516	-0.000667516	157
0.153	0.000637037	0.000637037	0.000637037	0.000637037	135
0.154	0.00219623	0.00219623	0.00219623	0.00219623	159
0.155	0.00042973	0.00042973	0.00042973	0.00042973	148
0.156	-0.000290667	-0.000290667	-0.000290667	-0.000290667	150
0.157	-0.00167735	-0.00167735	-0.00167735	-0.00167735	181
0.158	0.000483019	0.000483019	0.000483019	0.000483019	159
0.159	0.00171538	0.00171538	0.00171538	0.00171538	156
0.16	0.00338481	0.00338481	0.00338481	0.00338481	158
0.161	-0.00102373	-0.00102373	-0.00102373	-0.00102373	118
0.162	3.00578e-05	3.00578e-05	3.00578e-05	3.00578e-05	173
0.163	-0.00301915	-0.00301915	-0.00301915	-0.00301915	188
0.164	-0.0011634	-0.0011634	-0.0011634	-0.0011634	153
0.165	-0.002456	-0.002456	-0.002456	-0.002456	150
0.166	-0.00200789	-0.00200789	-0.00200789	-0.00200789	152
0.167	-0.00301707	-0.00301707	-0.00301707	-0.00301707	164
0.168	-0.00195975	-0.00195975	-0.00195975	-0.00195975	159
0.169	-0.00101314	-0.00101314	-0.00101314	-0.00101314	137
0.17	0.00186826	0.00186826	0.00186826	0.00186826	167
0.171	-0.000740541	-0.000740541	-0.000740541	-0.000740541	148
0.172	0.0028475	0.0028475	0.0028475	0.0028475	160
0.173	0.00163571	0.00163571	0.00163571	0.00163571	168
0.174	0.00215529	0.00215529	0.00215529	0.00215529	170
0.175	0.000232461	0.000232461	0.000232461	0.000232461	191
0.176	0.00191304	0.00191304	0.00191304	0.00191304	161
0.177	0.0015	0.0015	0.0015	0.0015	164
0.178	0.0024306	0.0024306	0.0024306	0.0024306	183
0.179	0.000383246	0.000383246	0.000383246	0.000383246	191
0.18	-0.000690503	-0.000690503	-0.000690503	-0.000690503	179
0.181	0.00295691	0.00295691	0.00295691	0.00295691	181
0.182	0.00232099	0.00232099	0.00232099	0.00232099	162
0.183	0.00021	0.00021	0.00021	0.00021	160
0.184	0.00483315	0.00483315	0.00483315	0.00483315	181
0.185	0.00184407	0.00184407	0.00184407	0.00184407	177
0.186	0.000707317	0.000707317	0.000707317	0.000707317	164
0.187	-0.000367059	-0.000367059	-0.000367059	-0.000367059	170
0.188	0.000902013	0.000902013	0.000902013	0.000902013	149
0.189	0.000662162	0.000662162	0.000662162	0.000662162	148
0.19	-0.00129796	-0.00129796	-0.00129796	-0.00129796	147
0.191	0.00191899	0.00191899	0.00191899	0.00191899	158
0.192	-0.000931707	-0.000931707	-0.000931707	-0.000931707	164
0.193	0.00215782	0.00215782	0.00215782	0.00215782	147
0.194	0.0025	0.0025	0.0025	0.0025	172
0.195	0.000919298	0.000919298	0.000919298	0.000919298	171
0.196	0.00107027	0.00107027	0.00107027	0.00107027	185
0.197	-0.00011	-0.00011	-0.00011	-0.00011	160
0.198	-2.83871e-05	-2.83871e-05	-2.83871e-05	-2.83871e-05	155
0.199	0.00130061	0.00130061	0.00130061	0.00130061	163
0.2	0.000255118	0.000255118	0.000255118	0.000255118	127
0.201	0.00164675	0.00164675	0.00164675	0.00164675	154
0.202	0.002965	0.002965	0.002965	0.002965	160
0.203	0.0006	0.0006	0.0006	0.0006	192
0.204	0.000797688	0.000797688	0.000797688	0.000797688	173
0.205	0.000639474	0.000639474	0.000639474	0.000639474	152
0.206	0.0019531	0.0019531	0.0019531	0.0019531	145
0.207	0.000335632	0.000335632	0.000335632	0.000335632	174
0.208	0.000680702	0.000680702	0.000680702	0.000680702	171
0.209	-0.000961798	-0.000961798	-0.000961798	-0.000961798	178
0.21	0.000730055	0.000730055	0.000730055	0.000730055	183
0.211	0.000407692	0.000407692	0.000407692	0.000407692	156
0.212	0.000955705	0.000955705	0.000955705	0.000955705	149
0.213	0.000865672	0.000865672	0.000865672	0.000865672	134
0.214	0.00168	0.00168	0.00168	0.00168	125
0.215	0.00346579	0.00346579	0.00346579	0.00346579	152
0.216	0.00025	0.00025	0.00025	0.00025	160
0.217	0.00385867	0.00385867	0.00385867	0.00385867	150
0.218	0.00236364	0.00236364	0.00236364	0.00236364	165
0.219	0.00113459	0.00113459	0.00113459	0.00113459	159
0.22	0.00206176	0.00206176	0.00206176	0.00206176	136
0.221	0.00242614	0.00242614	0.00242614	0.00242614	153
0.222	-0.00112727	-0.00112727	-0.00112727	-0.00112727	165
0.223	-0.00169481	-0.00169481	-0.00169481	-0.00169481	135
0.224	-0.00158582	-0.00158582	-0.00158582	-0.00158582	141
0.225	-0.000554839	-0.000554839	-0.000554839	-0.000554839	155
0.226	-0.00282013	-0.00282013	-0.00282013	-0.00282013	159
0.227	0.004535	0.004535	0.004535	0.004535	160
0.228	-0.0006825	-0.0006825	-0.0006825	-0.0006825	160
0.229	-0.000761446	-0.000761446	-0.000761446	-0.000761446	166
0.23	-0.00187629	-0.00187629	-0.00187629	-0.00187629	194
0.231	-0.00216456	-0.00216456	-0.00216456	-0.00216456	158
0.232	-0.00480519	-0.00480519	-0.00480519	-0.00480519	154
0.233	-0.00338207	-0.00338207	-0.00338207	-0.00338207	145
0.234	0.000239024	0.000239024	0.000239024	0.000239024	164
0.235	8.21918e-06	8.21918e-06	8.21918e-06	8.21918e-06	146
0.236	-0.000347059	-0.000347059	-0.000347059	-0.000347059	136
0.237	-0.00144748	-0.00144748	-0.00144748	-0.00144748	139
0.238	0.000344118	0.000344118	0.000344118	0.000344118	136
0.239	-0.0014529	-0.0014529	-0.0014529	-0.0014529	155
0.24	-0.000415484	-0.000415484	-0.000415484	-0.000415484	155
0.241	-0.00191667	-0.00191667	-0.00191667	-0.00191667	144
0.242	-0.000825641	-0.000825641	-0.000825641	-0.000825641	156
0.243	-0.000235897	-0.000235897	-0.000235897	-0.000235897	156
0.244	-0.000448	-0.000448	-0.000448	-0.000448	125
0.245	-0.000413245	-0.000413245	-0.000413245	-0.000413245	151
0.246	0.000784516	0.000784516	0.000784516	0.000784516	155
0.247	0.00536934	0.00536934	0.00536934	0.00536934	137
0.248	0.00304793	0.00304793	0.00304793	0.00304793	121
0.249	0.000198374	0.000198374	0.000198374	0.000198374	123
0.25	8.39161e-06	8.39161e-06	8.39161e-06	8.39161e-06	143
0.251	-0.00192448	-0.00192448	-0.00192448	-0.00192448	143
0.252	0.00113371	0.00113371	0.00113371	0.00113371	175
0.253	-0.000592857	-0.000592857	-0.000592857	-0.000592857	168
0.254	0.000615385	0.000615385	0.000615385	0.000615385	156
0.255	1.04575e-05	1.04575e-05	1.04575e-05	1.04575e-05	153
0.256	-0.000425882	-0.000425882	-0.000425882	-0.000425882	170
0.257	0.000949367	0.000949367	0.000949367	0.000949367	158
0.258	-0.00212703	-0.00212703	-0.00212703	-0.00212703	148
0.259	0.00133702	0.00133702	0.00133702	0.00133702	181
0.26	0.000495522	0.000495522	0.000495522	0.000495522	201
0.261	-0.00107952	-0.00107952	-0.00107952	-0.00107952	166
0.262	0.00100941	0.00100941	0.00100941	0.00100941	170
0.263	0.000472289	0.000472289	0.000472289	0.000472289	166
0.264	0.00322721	0.00322721	0.00322721	0.00322721	147
0.265	0.00134969	0.00134969	0.00134969	0.00134969	163
0.266	-0.000165605	-0.000165605	-0.000165605	-0.000165605	157
0.267	-0.00262564	-0.00262564	-0.00262564	-0.00262564	156
0.268	-0.00134194	-0.00134194	-0.00134194	-0.00134194	186
0.269	-0.00235054	-0.00235054	-0.00235054	-0.00235054	186
0.27	-0.000231847	-0.000231847	-0.000231847	-0.000231847	157
0.271	0.000728662	0.000728662	0.000728662	0.000728662	157
0.272	0.00304889	0.00304889	0.00304889	0.00304889	180
0.273	-2.71605e-05	-2.71605e-05	-2.71605e-05	-2.71605e-05	162
0.274	8.13559e-05	8.13559e-05	8.13559e-05	8.13559e-05	177
0.275	-0.000675497	-0.000675497	-0.000675497	-0.000675497	151
0.276	0.00314904	0.00314904	0.00314904	0.00314904	157
0.277	0.00213939	0.00213939	0.00213939	0.00213939	198
0.278	0.00215301	0.00215301	0.00215301	0.00215301	183
0.279	-0.00126203	-0.00126203	-0.00126203	-0.00126203	187
0.28	0.000862176	0.000862176	0.000862176	0.000862176	193
0.281	0.00219487	0.00219487	0.00219487	0.00219487	195
0.282	4.0201e-05	4.0201e-05	4.0201e-05	4.0201e-05	199
0.283	0.00107865	0.00107865	0.00107865	0.00107865	178
0.284	-0.00062246	-0.00062246	-0.00062246	-0.00062246	187
0.285	0.00148947	0.00148947	0.00148947	0.00148947	152
0.286	0.000402353	0.000402353	0.000402353	0.000402353	170
0.287	0.000509474	0.000509474	0.000509474	0.000509474	190
0.288	0.00156491	0.00156491	0.00156491	0.00156491	171
0.289	-0.000274126	-0.000274126	-0.000274126	-0.000274126	143
0.29	0.00338667	0.00338667	0.00338667	0.00338667	135
0.291	0.00434534	0.00434534	0.00434534	0.00434534	161
0.292	0.00339209	0.00339209	0.00339209	0.00339209	177
0.293	0.00234082	0.00234082	0.00234082	0.00234082	196
0.294	0.00463678	0.00463678	0.00463678	0.00463678	174
0.295	0.00162353	0.00162353	0.00162353	0.00162353	170
0.296	0.00363842	0.00363842	0.00363842	0.00363842	177
0.297	0.00212927	0.00212927	0.00212927	0.00212927	164
0.298	0.00242	0.00242	0.00242	0.00242	180
0.299	0.00245714	0.00245714	0.00245714	0.00245714	147
0.3	0.00282619	0.00282619	0.00282619	0.00282619	168
0.301	-0.000760656	-0.000760656	-0.000760656	-0.000760656	183
0.302	0.00235052	0.00235052	0.00235052	0.00235052	194
0.303	0.00428696	0.00428696	0.00428696	0.00428696	138
0.304	-0.00091497	-0.00091497	-0.00091497	-0.00091497	167
0.305	0.00214324	0.00214324	0.00214324	0.00214324	148
0.306	0.00114581	0.00114581	0.00114581	0.00114581	155
0.307	-0.000313924	-0.000313924	-0.000313924	-0.000313924	158
0.308	0.00144096	0.00144096	0.00144096	0.00144096	166
0.309	0.00223584	0.00223584	0.00223584	0.00223584	173
0.31	0.003475	0.003475	0.003475	0.003475	176
0.311	-0.000759574	-0.000759574	-0.000759574	-0.000759574	188
0.312	0.000541573	0.000541573	0.000541573	0.000541573	178
0.313	0.000338065	0.000338065	0.000338065	0.000338065	155
0.314	0.000309202	0.000309202	0.000309202	0.000309202	163
0.315	-0.00017341	-0.00017341	-0.00017341	-0.00017341	173
0.316	0.000854438	0.000854438	0.000854438	0.000854438	169
0.317	0.00281842	0.00281842	0.00281842	0.00281842	152
0.318	0.00341096	0.00341096	0.00341096	0.00341096	146
0.319	0.00261935	0.00261935	0.00261935	0.00261935	155
0.32	0.00269647	0.00269647	0.00269647	0.00269647	170
0.321	0.00251275	0.00251275	0.00251275	0.00251275	149
0.322	0.00136647	0.00136647	0.00136647	0.00136647	173
0.323	0.0018453	0.0018453	0.0018453	0.0018453	181
0.324	0.00358261	0.00358261	0.00358261	0.00358261	161
0.325	-0.000577515	-0.000577515	-0.000577515	-0.000577515	169
0.326	0.00113256	0.00113256	0.00113256	0.00113256	172
0.327	-0.000755294	-0.000755294	-0.000755294	-0.000755294	170
0.328	-0.00219181	-0.00219181	-0.00219181	-0.00219181	171
0.329	0.00174419	0.00174419	0.00174419	0.00174419	172
0.33	0.00133935	0.00133935	0.00133935	0.00133935	155
0.331	0.00189318	0.00189318	0.00189318	0.00189318	176
0.332	-0.000661635	-0.000661635	-0.000661635	-0.000661635	159
0.333	0.00215849	0.00215849	0.00215849	0.00215849	159
0.334	-0.00104054	-0.00104054	-0.00104054	-0.00104054	148
0.335	0.000286339	0.000286339	0.000286339	0.000286339	183
0.336	0.00183086	0.00183086	0.00183086	0.00183086	175
0.337	-0.000232402	-0.000232402	-0.000232402	-0.000232402	179
0.338	-0.000295238	-0.000295238	-0.000295238	-0.000295238	168
0.339	0.000436129	0.000436129	0.000436129	0.000436129	155
0.34	0.000592	0.000592	0.000592	0.000592	150
0.341	-0.000704545	-0.000704545	-0.000704545	-0.000704545	176
0.342	0.000109756	0.000109756	0.000109756	0.000109756	164
0.343	-0.00262532	-0.00262532	-0.00262532	-0.00262532	158
0.344	-0.000115464	-0.000115464	-0.000115464	-0.000115464	194
0.345	0.000236145	0.000236145	0.000236145	0.000236145	166
0.346	-0.00225868	-0.00225868	-0.00225868	-0.00225868	167
0.347	-0.00189727	-0.00189727	-0.00189727	-0.00189727	183
0.348	-0.000678146	-0.000678146	-0.000678146	-0.000678146	151
0.349	-0.000939597	-0.000939597	-0.000939597	-0.000939597	149
0.35	0.00219551	0.00219551	0.00219551	0.00219551	178
0.351	-0.000294872	-0.000294872	-0.000294872	-0.000294872	156
0.352	-0.0010695	-0.0010695	-0.0010695	-0.0010695	141
0.353	-0.000608108	-0.000608108	-0.000608108	-0.000608108	148
0.354	0.0021313	0.0021313	0.0021313	0.0021313	131
0.355	0.000335329	0.000335329	0.000335329	0.000335329	167
0.356	0.000447904	0.000447904	0.000447904	0.000447904	167
0.357	0.00119728	0.00119728	0.00119728	0.00119728	147
0.358	0.000461728	0.000461728	0.000461728	0.000461728	162
0.359	-2.73973e-05	-2.73973e-05	-2.73973e-05	-2.73973e-05	146
0.36	-0.000363121	-0.000363121	-0.000363121	-0.000363121	141
0.361	0.000307097	0.000307097	0.000307097	0.000307097	155
0.362	1.12994e-05	1.12994e-05	1.12994e-05	1.12994e-05	177
0.363	0.00170503	0.00170503	0.00170503	0.00170503	179
0.364	0.00336442	0.00336442	0.00336442	0.00336442	163
0.365	-0.000892632	-0.000892632	-0.000892632	-0.000892632	190
0.366	-0.00128611	-0.00128611	-0.00128611	-0.00128611	144
0.367	0.00129297	0.00129297	0.00129297	0.00129297	185
0.368	-0.000163889	-0.000163889	-0.000163889	-0.000163889	144
0.369	-6.82927e-05	-6.82927e-05	-6.82927e-05	-6.82927e-05	123
0.37	0.00152683	0.00152683	0.00152683	0.00152683	164
0.371	-0.000861314	-0.000861314	-0.000861314	-0.000861314	137
0.372	-0.000485906	-0.000485906	-0.000485906	-0.000485906	149
0.373	-0.00272889	-0.00272889	-0.00272889	-0.00272889	135
0.374	-0.000461146	-0.000461146	-0.000461146	-0.000461146	157
0.375	0.00105896	0.00105896	0.00105896	0.00105896	173
0.376	0.000308108	0.000308108	0.000308108	0.000308108	148
0.377	0.00148889	0.00148889	0.00148889	0.00148889	162
0.378	0.00216	0.00216	0.00216	0.00216	150
0.379	0.00169211	0.00169211	0.00169211	0.00169211	152
0.38	0.00105882	0.00105882	0.00105882	0.00105882	153
0.381	0.000940541	0.000940541	0.000940541	0.000940541	185
0.382	0.00240988	0.00240988	0.00240988	0.00240988	162
0.383	0.00101707	0.00101707	0.00101707	0.00101707	164
0.384	0.000472727	0.000472727	0.000472727	0.000472727	154
0.385	0.0022596	0.0022596	0.0022596	0.0022596	151
0.386	0.00426087	0.00426087	0.00426087	0.00426087	138
0.387	-0.000307246	-0.000307246	-0.000307246	-0.000307246	138
0.388	-0.000176812	-0.000176812	-0.000176812	-0.000176812	138
0.389	0.000212987	0.000212987	0.000212987	0.000212987	154
0.39	0.00217949	0.00217949	0.00217949	0.00217949	156
0.391	0.00181317	0.00181317	0.00181317	0.00181317	167
0.392	0.0026924	0.0026924	0.0026924	0.0026924	171
0.393	0.0020026	0.0020026	0.0020026	0.0020026	154
0.394	0.000707692	0.000707692	0.000707692	0.000707692	143
0.395	0.00309189	0.00309189	0.00309189	0.00309189	148
0.396	0.00352821	0.00352821	0.00352821	0.00352821	156
0.397	0.00224242	0.00224242	0.00224242	0.00224242	165
0.398	0.00379718	0.00379718	0.00379718	0.00379718	142
0.399	0.00451656	0.00451656	0.00451656	0.00451656	151
0.4	0.000154217	0.000154217	0.000154217	0.000154217	166
0.401	0.000455	0.000455	0.000455	0.000455	160
0.402	-0.000689362	-0.000689362	-0.000689362	-0.000689362	141
0.403	0.00103704	0.00103704	0.00103704	0.00103704	162
0.404	0.000878195	0.000878195	0.000878195	0.000878195	133
0.405	-0.00208153	-0.00208153	-0.00208153	-0.00208153	157
0.406	-0.00108831	-0.00108831	-0.00108831	-0.00108831	154
0.407	0.000201274	0.000201274	0.000201274	0.000201274	157
0.408	0.000153672	0.000153672	0.000153672	0.000153672	177
0.409	-0.00125	-0.00125	-0.00125	-0.00125	160
0.41	-0.00120216	-0.00120216	-0.00120216	-0.00120216	185
0.411	-0.00144318	-0.00144318	-0.00144318	-0.00144318	176
0.412	0.000262857	0.000262857	0.000262857	0.000262857	140
0.413	-0.000588372	-0.000588372	-0.000588372	-0.000588372	172
0.414	-0.000972021	-0.000972021	-0.000972021	-0.000972021	193
0.415	0.00172903	0.00172903	0.00172903	0.00172903	155
0.416	0.00285278	0.00285278	0.00285278	0.00285278	144
0.417	0.00096	0.00096	0.00096	0.00096	180
0.418	0.00053986	0.00053986	0.00053986	0.00053986	143
0.419	-0.000469231	-0.000469231	-0.000469231	-0.000469231	156
0.42	0.00114556	0.00114556	0.00114556	0.00114556	169
0.421	0.00269892	0.00269892	0.00269892	0.00269892	186
0.422	-0.00132229	-0.00132229	-0.00132229	-0.00132229	157
0.423	0.00042293	0.00042293	0.00042293	0.00042293	157
0.424	-0.000789937	-0.000789937	-0.000789937	-0.000789937	159
0.425	-0.00147527	-0.00147527	-0.00147527	-0.00147527	186
0.426	-0.0030413	-0.0030413	-0.0030413	-0.0030413	184
0.427	-0.000238298	-0.000238298	-0.000238298	-0.000238298	141
0.428	-0.000253846	-0.000253846	-0.000253846	-0.000253846	156
0.429	-0.00387512	-0.00387512	-0.00387512	-0.00387512	205
0.43	-0.000143017	-0.000143017	-0.000143017	-0.000143017	179
0.431	0.00473924	0.00473924	0.00473924	0.00473924	158
0.432	-0.00121235	-0.00121235	-0.00121235	-0.00121235	162
0.433	-9.50276e-05	-9.50276e-05	-9.50276e-05	-9.50276e-05	181
0.434	-0.0024413	-0.0024413	-0.0024413	-0.0024413	184
0.435	-0.000785093	-0.000785093	-0.000785093	-0.000785093	161
0.436	-0.00123399	-0.00123399	-0.00123399	-0.00123399	153
0.437	-0.000691566	-0.000691566	-0.000691566	-0.000691566	166
0.438	-0.00104258	-0.00104258	-0.00104258	-0.00104258	155
0.439	0.000286093	0.000286093	0.000286093	0.000286093	151
0.44	0.000475429	0.000475429	0.000475429	0.000475429	175
0.441	0.000557143	0.000557143	0.000557143	0.000557143	140
0.442	0.000343949	0.000343949	0.000343949	0.000343949	157
0.443	0.000385185	0.000385185	0.000385185	0.000385185	162
0.444	-0.000897143	-0.000897143	-0.000897143	-0.000897143	140
0.445	-0.00107879	-0.00107879	-0.00107879	-0.00107879	165
0.446	0.000717576	0.000717576	0.000717576	0.000717576	165
0.447	-0.00266982	-0.00266982	-0.00266982	-0.00266982	169
0.448	-0.00269663	-0.00269663	-0.00269663	-0.00269663	178
0.449	-0.0002	-0.0002	-0.0002	-0.0002	168
0.45	0.00015	0.00015	0.00015	0.00015	160
0.451	0.00205057	0.00205057	0.00205057	0.00205057	174
0.452	-0.000637576	-0.000637576	-0.000637576	-0.000637576	165
0.453	-0.000221622	-0.000221622	-0.000221622	-0.000221622	148
0.454	-0.000283333	-0.000283333	-0.000283333	-0.000283333	192
0.455	-0.000465497	-0.000465497	-0.000465497	-0.000465497	171
0.456	-0.000804734	-0.000804734	-0.000804734	-0.000804734	169
0.457	0.00236384	0.00236384	0.00236384	0.00236384	177
0.458	0.00191771	0.00191771	0.00191771	0.00191771	175
0.459	-0.000636538	-0.000636538	-0.000636538	-0.000636538	208
0.46	-0.00019027	-0.00019027	-0.00019027	-0.00019027	185
0.461	4.81675e-05	4.81675e-05	4.81675e-05	4.81675e-05	191
0.462	-0.000567876	-0.000567876	-0.000567876	-0.000567876	193
0.463	-0.00107586	-0.00107586	-0.00107586	-0.00107586	174
0.464	-0.000289231	-0.000289231	-0.000289231	-0.000289231	195
0.465	-0.00293517	-0.00293517	-0.00293517	-0.00293517	145
0.466	0.000489385	0.000489385	0.000489385	0.000489385	179
0.467	0.000601342	0.000601342	0.000601342	0.000601342	149
0.468	0.000734177	0.000734177	0.000734177	0.000734177	158
0.469	-0.00047362	-0.00047362	-0.00047362	-0.00047362	163
0.47	0.000502564	0.000502564	0.000502564	0.000502564	156
0.471	-0.000663584	-0.000663584	-0.000663584	-0.000663584	173
0.472	-0.00116	-0.00116	-0.00116	-0.00116	160
0.473	0.00111377	0.00111377	0.00111377	0.00111377	167
0.474	0.00259227	0.00259227	0.00259227	0.00259227	181
0.475	-0.000203727	-0.000203727	-0.000203727	-0.000203727	161
0.476	-0.00215723	-0.00215723	-0.00215723	-0.00215723	173
0.477	-0.00178242	-0.00178242	-0.00178242	-0.00178242	182
0.478	-0.00201032	-0.00201032	-0.00201032	-0.00201032	155
0.479	-0.00100599	-0.00100599	-0.00100599	-0.00100599	167
0.48	-0.000538365	-0.000538365	-0.000538365	-0.000538365	159
0.481	-2.89157e-05	-2.89157e-05	-2.89157e-05	-2.89157e-05	166
0.482	-0.00125087	-0.00125087	-0.00125087	-0.00125087	173
0.483	-0.000445238	-0.000445238	-0.000445238	-0.000445238	168
0.484	-0.0002	-0.0002	-0.0002	-0.0002	184
0.485	-0.00118222	-0.00118222	-0.00118222	-0.00118222	180
0.486	-0.00378701	-0.00378701	-0.00378701	-0.00378701	154
0.487	-0.00321143	-0.00321143	-0.00321143	-0.00321143	140
0.488	-0.00345294	-0.00345294	-0.00345294	-0.00345294	136
0.489	-0.00267355	-0.00267355	-0.00267355	-0.00267355	155
0.49	-0.00253481	-0.00253481	-0.00253481	-0.00253481	181
0.491	-0.00148406	-0.00148406	-0.00148406	-0.00148406	138
0.492	2.75e-05	2.75e-05	2.75e-05	2.75e-05	160
0.493	-0.00155152	-0.00155152	-0.00155152	-0.00155152	165
0.494	-0.00206623	-0.00206623	-0.00206623	-0.00206623	151
0.495	0.00141838	0.00141838	0.00141838	0.00141838	185
0.496	0.00037193	0.00037193	0.00037193	0.00037193	171
0.497	-0.0013697	-0.0013697	-0.0013697	-0.0013697	165
0.498	0.00246667	0.00246667	0.00246667	0.00246667	180
0.499	-0.00063354	-0.00063354	-0.00063354	-0.00063354	161
0.5	-0.000883544	-0.000883544	-0.000883544	-0.000883544	158
0.501	0.00045	0.00045	0.00045	0.00045	168
0.502	-0.000121637	-0.000121637	-0.000121637	-0.000121637	171
0.503	-0.00115879	-0.00115879	-0.00115879	-0.00115879	165
0.504	-0.000632911	-0.000632911	-0.000632911	-0.000632911	158
0.505	0.00278389	0.00278389	0.00278389	0.00278389	149
0.506	0.00276601	0.00276601	0.00276601	0.00276601	153
0.507	-0.000141353	-0.000141353	-0.000141353	-0.000141353	133
0.508	0.00140629	0.00140629	0.00140629	0.00140629	159
0.509	-0.000137931	-0.000137931	-0.000137931	-0.000137931	174
0.51	0.000898795	0.000898795	0.000898795	0.000898795	166
0.511	-0.000689362	-0.000689362	-0.000689362	-0.000689362	188
0.512	0.00229508	0.00229508	0.00229508	0.00229508	183
0.513	0.000617617	0.000617617	0.000617617	0.000617617	193
0.514	-0.00129892	-0.00129892	-0.00129892	-0.00129892	186
0.515	0.000618994	0.000618994	0.000618994	0.000618994	179
0.516	0.000531737	0.000531737	0.000531737	0.000531737	167
0.517	2.27273e-05	2.27273e-05	2.27273e-05	2.27273e-05	176
0.518	0.00176604	0.00176604	0.00176604	0.00176604	159
0.519	-0.00037095	-0.00037095	-0.00037095	-0.00037095	179
0.52	-0.000158491	-0.000158491	-0.000158491	-0.000158491	159
0.521	0.000467647	0.000467647	0.000467647	0.000467647	136
0.522	-0.00233684	-0.00233684	-0.00233684	-0.00233684	152
0.523	-0.00129885	-0.00129885	-0.00129885	-0.00129885	174
0.524	-0.0010623	-0.0010623	-0.0010623	-0.0010623	183
0.525	-0.000952727	-0.000952727	-0.000952727	-0.000952727	165
0.526	-0.000315528	-0.000315528	-0.000315528	-0.000315528	161
0.527	-1.15942e-05	-1.15942e-05	-1.15942e-05	-1.15942e-05	138
0.528	-0.00172903	-0.00172903	-0.00172903	-0.00172903	155
0.529	-0.00108333	-0.00108333	-0.00108333	-0.00108333	144
0.53	-0.00199084	-0.00199084	-0.00199084	-0.00199084	131
0.531	-0.00163259	-0.00163259	-0.00163259	-0.00163259	135
0.532	-0.000180153	-0.000180153	-0.000180153	-0.000180153	131
0.533	-0.000873016	-0.000873016	-0.000873016	-0.000873016	126
0.534	0.00306759	0.00306759	0.00306759	0.00306759	145
0.535	0.00254571	0.00254571	0.00254571	0.00254571	140
0.536	0.00380465	0.00380465	0.00380465	0.00380465	172
0.537	0.00463855	0.00463855	0.00463855	0.00463855	166
0.538	0.0022566	0.0022566	0.0022566	0.0022566	159
0.539	0.00173517	0.00173517	0.00173517	0.00173517	145
0.54	0.00219871	0.00219871	0.00219871	0.00219871	155
0.541	0.000219048	0.000219048	0.000219048	0.000219048	126
0.542	-0.00123333	-0.00123333	-0.00123333	-0.00123333	144
0.543	-0.00225714	-0.00225714	-0.00225714	-0.00225714	140
0.544	-0.000740625	-0.000740625	-0.000740625	-0.000740625	128
0.545	0.000653521	0.000653521	0.000653521	0.000653521	142
0.546	0.000589147	0.000589147	0.000589147	0.000589147	129
0.547	0.000260741	0.000260741	0.000260741	0.000260741	135
0.548	0.000170079	0.000170079	0.000170079	0.000170079	127
0.549	0.000542029	0.000542029	0.000542029	0.000542029	138
0.55	0.0023773	0.0023773	0.0023773	0.0023773	141
0.551	-0.00240952	-0.00240952	-0.00240952	-0.00240952	126
0.552	-0.000174046	-0.000174046	-0.000174046	-0.000174046	131
0.553	-0.000334815	-0.000334815	-0.000334815	-0.000334815	135
0.554	-0.0036053	-0.0036053	-0.0036053	-0.0036053	151
0.555	0.00147975	0.00147975	0.00147975	0.00147975	163
0.556	-0.000127389	-0.000127389	-0.000127389	-0.000127389	157
0.557	-0.00308354	-0.00308354	-0.00308354	-0.00308354	158
0.558	1e-05	1e-05	1e-05	1e-05	160
0.559	0.00100599	0.00100599	0.00100599	0.00100599	167
0.56	0.000360284	0.000360284	0.000360284	0.000360284	141
0.561	0.000449587	0.000449587	0.000449587	0.000449587	121
0.562	-0.00260699	-0.00260699	-0.00260699	-0.00260699	143
0.563	0.000449655	0.000449655	0.000449655	0.000449655	145
0.564	-0.00162945	-0.00162945	-0.00162945	-0.00162945	163
0.565	-0.000546154	-0.000546154	-0.000546154	-0.000546154	156
0.566	-0.000448276	-0.000448276	-0.000448276	-0.000448276	174
0.567	0.000853012	0.000853012	0.000853012	0.000853012	166
0.568	0.00335163	0.00335163	0.00335163	0.00335163	153
0.569	0.00178028	0.00178028	0.00178028	0.00178028	142
0.57	-0.000228571	-0.000228571	-0.000228571	-0.000228571	161
0.571	-0.000182716	-0.000182716	-0.000182716	-0.000182716	162
0.572	0.000157647	0.000157647	0.000157647	0.000157647	170
0.573	0.00287273	0.00287273	0.00287273	0.00287273	176
0.574	0.0016478	0.0016478	0.0016478	0.0016478	159
0.575	0.00337219	0.00337219	0.00337219	0.00337219	151
0.576	0.000378947	0.000378947	0.000378947	0.000378947	152
0.577	0.000657343	0.000657343	0.000657343	0.000657343	143
0.578	0.000675	0.000675	0.000675	0.000675	144
0.579	0.00239236	0.00239236	0.00239236	0.00239236	157
0.58	-0.00167059	-0.00167059	-0.00167059	-0.00167059	187
0.581	-0.000520988	-0.000520988	-0.000520988	-0.000520988	162
0.582	0.000305344	0.000305344	0.000305344	0.000305344	131
0.583	-0.000143478	-0.000143478	-0.000143478	-0.000143478	184
0.584	0.00254286	0.00254286	0.00254286	0.00254286	154
0.585	0.00254891	0.00254891	0.00254891	0.00254891	137
0.586	-3.82166e-05	-3.82166e-05	-3.82166e-05	-3.82166e-05	157
0.587	0.00112727	0.00112727	0.00112727	0.00112727	132
0.588	0.00359433	0.00359433	0.00359433	0.00359433	141
0.589	-0.00176471	-0.00176471	-0.00176471	-0.00176471	153
0.59	-0.000516923	-0.000516923	-0.000516923	-0.000516923	130
0.591	0.000291765	0.000291765	0.000291765	0.000291765	170
0.592	0.00269942	0.00269942	0.00269942	0.00269942	171
0.593	0.00237098	0.00237098	0.00237098	0.00237098	193
0.594	0.00238857	0.00238857	0.00238857	0.00238857	175
0.595	0.00173333	0.00173333	0.00173333	0.00173333	162
0.596	0.000640994	0.000640994	0.000640994	0.000640994	161
0.597	0.00242154	0.00242154	0.00242154	0.00242154	130
0.598	0.0018966	0.0018966	0.0018966	0.0018966	147
0.599	0.000610256	0.000610256	0.000610256	0.000610256	156
0.6	0.00305753	0.00305753	0.00305753	0.00305753	146
0.601	0.00385205	0.00385205	0.00385205	0.00385205	146
0.602	0.000138547	0.000138547	0.000138547	0.000138547	179
0.603	-0.000467081	-0.000467081	-0.000467081	-0.000467081	161
0.604	-0.00151111	-0.00151111	-0.00151111	-0.00151111	135
0.605	-0.000265823	-0.000265823	-0.000265823	-0.000265823	158
0.606	0.000118919	0.000118919	0.000118919	0.000118919	148
0.607	6.46154e-05	6.46154e-05	6.46154e-05	6.46154e-05	130
0.608	0.00180741	0.00180741	0.00180741	0.00180741	108
0.609	0.00153433	0.00153433	0.00153433	0.00153433	134
0.61	-0.00188092	-0.00188092	-0.00188092	-0.00188092	131
0.611	0.000878322	0.000878322	0.000878322	0.000878322	143
0.612	-0.000976224	-0.000976224	-0.000976224	-0.000976224	143
0.613	-0.000782353	-0.000782353	-0.000782353	-0.000782353	136
0.614	0.000453503	0.000453503	0.000453503	0.000453503	157
0.615	0.000481356	0.000481356	0.000481356	0.000481356	118
0.616	-0.00191273	-0.00191273	-0.00191273	-0.00191273	110
0.617	3.77953e-05	3.77953e-05	3.77953e-05	3.77953e-05	127
0.618	-0.00227556	-0.00227556	-0.00227556	-0.00227556	135
0.619	-0.00213784	-0.00213784	-0.00213784	-0.00213784	148
0.62	0.000845902	0.000845902	0.000845902	0.000845902	122
0.621	-0.00148872	-0.00148872	-0.00148872	-0.00148872	133
0.622	-0.000942029	-0.000942029	-0.000942029	-0.000942029	138
0.623	-0.00156074	-0.00156074	-0.00156074	-0.00156074	163
0.624	-0.0011971	-0.0011971	-0.0011971	-0.0011971	138
0.625	-0.001115	-0.001115	-0.001115	-0.001115	160
0.626	-0.000797403	-0.000797403	-0.000797403	-0.000797403	154
0.627	-0.00108916	-0.00108916	-0.00108916	-0.00108916	166
0.628	-0.00129697	-0.00129697	-0.00129697	-0.00129697	132
0.629	-0.001448	-0.001448	-0.001448	-0.001448	150
0.63	0.000430345	0.000430345	0.000430345	0.000430345	145
0.631	-0.000596774	-0.000596774	-0.000596774	-0.000596774	124
0.632	0.000855172	0.000855172	0.000855172	0.000855172	145
0.633	-0.00100938	-0.00100938	-0.00100938	-0.00100938	128
0.634	0.00129362	0.00129362	0.00129362	0.00129362	141
0.635	0.00451707	0.00451707	0.00451707	0.00451707	164
0.636	0.00278261	0.00278261	0.00278261	0.00278261	161
0.637	0.00172308	0.00172308	0.00172308	0.00172308	143
0.638	0.0022274	0.0022274	0.0022274	0.0022274	146
0.639	-0.000995745	-0.000995745	-0.000995745	-0.000995745	188
0.64	-0.00106024	-0.00106024	-0.00106024	-0.00106024	166
0.641	0.0004	0.0004	0.0004	0.0004	176
0.642	-5.75e-05	-5.75e-05	-5.75e-05	-5.75e-05	160
0.643	0.00402759	0.00402759	0.00402759	0.00402759	145
0.644	0.00103544	0.00103544	0.00103544	0.00103544	158
0.645	-0.00125106	-0.00125106	-0.00125106	-0.00125106	141
0.646	0.000483237	0.000483237	0.000483237	0.000483237	173
0.647	0.00346061	0.00346061	0.00346061	0.00346061	132
0.648	0.000233803	0.000233803	0.000233803	0.000233803	142
0.649	-0.00171613	-0.00171613	-0.00171613	-0.00171613	155
0.65	-0.00124304	-0.00124304	-0.00124304	-0.00124304	158
0.651	0.00216944	0.00216944	0.00216944	0.00216944	144
0.652	0.002825	0.002825	0.002825	0.002825	144
0.653	0.00128105	0.00128105	0.00128105	0.00128105	153
0.654	0.000188889	0.000188889	0.000188889	0.000188889	144
0.655	-8.77419e-05	-8.77419e-05	-8.77419e-05	-8.77419e-05	155
0.656	-0.000607692	-0.000607692	-0.000607692	-0.000607692	156
0.657	-0.00208794	-0.00208794	-0.00208794	-0.00208794	141
0.658	0.00200258	0.00200258	0.00200258	0.00200258	155
0.659	-0.000510638	-0.000510638	-0.000510638	-0.000510638	141
0.66	0.000512821	0.000512821	0.000512821	0.000512821	156
0.661	-0.00138424	-0.00138424	-0.00138424	-0.00138424	165
0.662	0.00221389	0.00221389	0.00221389	0.00221389	144
0.663	0.00261104	0.00261104	0.00261104	0.00261104	163
0.664	0.00320988	0.00320988	0.00320988	0.00320988	162
0.665	-0.000285714	-0.000285714	-0.000285714	-0.000285714	154
0.666	-0.00136944	-0.00136944	-0.00136944	-0.00136944	144
0.667	-0.000703448	-0.000703448	-0.000703448	-0.000703448	145
0.668	0.000458896	0.000458896	0.000458896	0.000458896	163
0.669	-0.00141595	-0.00141595	-0.00141595	-0.00141595	163
0.67	0.00353798	0.00353798	0.00353798	0.00353798	129
0.671	0.000157647	0.000157647	0.000157647	0.000157647	170
0.672	0.000224113	0.000224113	0.000224113	0.000224113	141
0.673	0.0029812	0.0029812	0.0029812	0.0029812	117
0.674	0.00352394	0.00352394	0.00352394	0.00352394	142
0.675	0.00136579	0.00136579	0.00136579	0.00136579	152
0.676	0.00134462	0.00134462	0.00134462	0.00134462	130
0.677	0.000709677	0.000709677	0.000709677	0.000709677	124
0.678	0.00072795	0.00072795	0.00072795	0.00072795	161
0.679	0.00118554	0.00118554	0.00118554	0.00118554	166
0.68	-0.00223636	-0.00223636	-0.00223636	-0.00223636	154
0.681	0.00115084	0.00115084	0.00115084	0.00115084	179
0.682	-0.000560947	-0.000560947	-0.000560947	-0.000560947	169
0.683	-0.00123824	-0.00123824	-0.00123824	-0.00123824	136
0.684	-0.00112439	-0.00112439	-0.00112439	-0.00112439	164
0.685	0.00132099	0.00132099	0.00132099	0.00132099	162
0.686	0.000152258	0.000152258	0.000152258	0.000152258	155
0.687	-0.00112	-0.00112	-0.00112	-0.00112	135
0.688	-0.001064	-0.001064	-0.001064	-0.001064	150
0.689	-0.00166585	-0.00166585	-0.00166585	-0.00166585	164
0.69	0.00224596	0.00224596	0.00224596	0.00224596	161
0.691	0.000772222	0.000772222	0.000772222	0.000772222	144
0.692	0.00211951	0.00211951	0.00211951	0.00211951	164
0.693	0.00226383	0.00226383	0.00226383	0.00226383	141
0.694	0.00288148	0.00288148	0.00288148	0.00288148	162
0.695	0.00119075	0.00119075	0.00119075	0.00119075	173
0.696	0.000671658	0.000671658	0.000671658	0.000671658	187
0.697	-0.000855696	-0.000855696	-0.000855696	-0.000855696	158
0.698	0.00183729	0.00183729	0.00183729	0.00183729	177
0.699	0.00169398	0.00169398	0.00169398	0.00169398	166
0.7	0.00204384	0.00204384	0.00204384	0.00204384	219
0.701	0.00113023	0.00113023	0.00113023	0.00113023	172
0.702	0.00349942	0.00349942	0.00349942	0.00349942	171
0.703	0.00268421	0.00268421	0.00268421	0.00268421	190
0.704	0.00314556	0.00314556	0.00314556	0.00314556	169
0.705	0.000721472	0.000721472	0.000721472	0.000721472	163
0.706	0.0009025	0.0009025	0.0009025	0.0009025	160
0.707	0.00323684	0.00323684	0.00323684	0.00323684	152
0.708	-0.000254015	-0.000254015	-0.000254015	-0.000254015	137
0.709	0.0006775	0.0006775	0.0006775	0.0006775	160
0.71	0.00114667	0.00114667	0.00114667	0.00114667	165
0.711	0.000477576	0.000477576	0.000477576	0.000477576	165
0.712	0.00103401	0.00103401	0.00103401	0.00103401	147
0.713	-0.00117365	-0.00117365	-0.00117365	-0.00117365	167
0.714	-0.000581818	-0.000581818	-0.000581818	-0.000581818	154
0.715	-0.00163077	-0.00163077	-0.00163077	-0.00163077	130
0.716	0.00126621	0.00126621	0.00126621	0.00126621	145
0.717	-0.000669182	-0.000669182	-0.000669182	-0.000669182	159
0.718	0.000865854	0.000865854	0.000865854	0.000865854	164
0.719	4.29752e-05	4.29752e-05	4.29752e-05	4.29752e-05	121
0.72	-0.000972308	-0.000972308	-0.000972308	-0.000972308	130
0.721	0.000442105	0.000442105	0.000442105	0.000442105	133
0.722	0.00148235	0.00148235	0.00148235	0.00148235	119
0.723	-0.00196496	-0.00196496	-0.00196496	-0.00196496	137
0.724	0.000558273	0.000558273	0.000558273	0.000558273	139
0.725	-0.000694286	-0.000694286	-0.000694286	-0.000694286	140
0.726	-0.00100822	-0.00100822	-0.00100822	-0.00100822	146
0.727	-0.000644118	-0.000644118	-0.000644118	-0.000644118	136
0.728	-0.00180988	-0.00180988	-0.00180988	-0.00180988	162
0.729	-0.000345455	-0.000345455	-0.000345455	-0.000345455	132
0.73	0.00075	0.00075	0.00075	0.00075	168
0.731	0.000413423	0.000413423	0.000413423	0.000413423	149
0.732	-0.00125	-0.00125	-0.00125	-0.00125	112
0.733	-0.00452766	-0.00452766	-0.00452766	-0.00452766	141
0.734	0.00120567	0.00120567	0.00120567	0.00120567	141
0.735	-0.000236686	-0.000236686	-0.000236686	-0.000236686	169
0.736	0.000188889	0.000188889	0.000188889	0.000188889	144
0.737	-0.000844172	-0.000844172	-0.000844172	-0.000844172	163
0.738	0.000363006	0.000363006	0.000363006	0.000363006	173
0.739	-0.00331043	-0.00331043	-0.00331043	-0.00331043	163
0.74	-0.00192704	-0.00192704	-0.00192704	-0.00192704	159
0.741	-0.00301111	-0.00301111	-0.00301111	-0.00301111	180
0.742	-0.00336119	-0.00336119	-0.00336119	-0.00336119	134
0.743	-0.00436111	-0.00436111	-0.00436111	-0.00436111	144
0.744	-0.00313741	-0.00313741	-0.00313741	-0.00313741	147
0.745	-0.0031186	-0.0031186	-0.0031186	-0.0031186	172
0.746	-0.00225385	-0.00225385	-0.00225385	-0.00225385	156
0.747	-0.00192653	-0.00192653	-0.00192653	-0.00192653	147
0.748	-0.00128395	-0.00128395	-0.00128395	-0.00128395	162
0.749	0.000421769	0.000421769	0.000421769	0.000421769	147
0.75	-0.00110075	-0.00110075	-0.00110075	-0.00110075	133
0.751	-0.00210645	-0.00210645	-0.00210645	-0.00210645	124
0.752	0.00153577	0.00153577	0.00153577	0.00153577	137
0.753	0.00247945	0.00247945	0.00247945	0.00247945	146
0.754	0.00352963	0.00352963	0.00352963	0.00352963	108
0.755	-0.000604444	-0.000604444	-0.000604444	-0.000604444	135
0.756	0.000487075	0.000487075	0.000487075	0.000487075	147
0.757	-0.00297931	-0.00297931	-0.00297931	-0.00297931	145
0.758	0.00114016	0.00114016	0.00114016	0.00114016	127
0.759	-0.00185	-0.00185	-0.00185	-0.00185	120
0.76	-0.000407895	-0.000407895	-0.000407895	-0.000407895	152
0.761	-0.00217377	-0.00217377	-0.00217377	-0.00217377	122
0.762	-0.000475524	-0.000475524	-0.000475524	-0.000475524	143
0.763	-0.00298261	-0.00298261	-0.00298261	-0.00298261	138
0.764	-0.00318968	-0.00318968	-0.00318968	-0.00318968	155
0.765	-0.00143	-0.00143	-0.00143	-0.00143	160
0.766	-0.00180471	-0.00180471	-0.00180471	-0.00180471	170
0.767	-0.00262252	-0.00262252	-0.00262252	-0.00262252	151
0.768	-0.00190877	-0.00190877	-0.00190877	-0.00190877	171
0.769	-0.00196744	-0.00196744	-0.00196744	-0.00196744	172
0.77	-0.00270513	-0.00270513	-0.00270513	-0.00270513	156
0.771	0.00149315	0.00149315	0.00149315	0.00149315	146
0.772	0.000312	0.000312	0.000312	0.000312	150
0.773	-0.000815152	-0.000815152	-0.000815152	-0.000815152	132
0.774	0.000742857	0.000742857	0.000742857	0.000742857	147
0.775	-0.00215802	-0.00215802	-0.00215802	-0.00215802	162
0.776	-0.00197664	-0.00197664	-0.00197664	-0.00197664	137
0.777	-0.000357047	-0.000357047	-0.000357047	-0.000357047	149
0.778	-0.00301846	-0.00301846	-0.00301846	-0.00301846	130
0.779	-0.00255152	-0.00255152	-0.00255152	-0.00255152	132
0.78	-0.0044224	-0.0044224	-0.0044224	-0.0044224	125
0.781	-0.00164311	-0.00164311	-0.00164311	-0.00164311	167
0.782	-0.00541481	-0.00541481	-0.00541481	-0.00541481	162
0.783	-0.00348444	-0.00348444	-0.00348444	-0.00348444	135
0.784	-0.00449315	-0.00449315	-0.00449315	-0.00449315	146
0.785	-0.00395838	-0.00395838	-0.00395838	-0.00395838	173
0.786	-0.00300662	-0.00300662	-0.00300662	-0.00300662	151
0.787	-0.00356	-0.00356	-0.00356	-0.00356	160
0.788	-0.00264161	-0.00264161	-0.00264161	-0.00264161	149
0.789	-0.00211915	-0.00211915	-0.00211915	-0.00211915	141
0.79	-0.00135126	-0.00135126	-0.00135126	-0.00135126	119
0.791	-0.00266364	-0.00266364	-0.00266364	-0.00266364	132
0.792	-0.00261408	-0.00261408	-0.00261408	-0.00261408	142
0.793	-0.00092973	-0.00092973	-0.00092973	-0.00092973	148
0.794	-0.00178231	-0.00178231	-0.00178231	-0.00178231	147
0.795	-0.0024129	-0.0024129	-0.0024129	-0.0024129	124
0.796	-0.00226786	-0.00226786	-0.00226786	-0.00226786	112
0.797	-0.00183206	-0.00183206	-0.00183206	-0.00183206	131
0.798	-0.00147907	-0.00147907	-0.00147907	-0.00147907	129
0.799	-0.000385185	-0.000385185	-0.000385185	-0.000385185	162
0.8	5.67742e-05	5.67742e-05	5.67742e-05	5.67742e-05	155
0.801	0.000704094	0.000704094	0.000704094	0.000704094	171
0.802	0.00292715	0.00292715	0.00292715	0.00292715	151
0.803	0.00306144	0.00306144	0.00306144	0.00306144	153
0.804	0.002195	0.002195	0.002195	0.002195	160
0.805	0.00128378	0.00128378	0.00128378	0.00128378	148
0.806	0.00251871	0.00251871	0.00251871	0.00251871	155
0.807	0.00220526	0.00220526	0.00220526	0.00220526	152
0.808	0.000921739	0.000921739	0.000921739	0.000921739	138
0.809	0.000945455	0.000945455	0.000945455	0.000945455	143
0.81	0.00308661	0.00308661	0.00308661	0.00308661	127
0.811	-0.00109774	-0.00109774	-0.00109774	-0.00109774	133
0.812	-0.000115942	-0.000115942	-0.000115942	-0.000115942	138
0.813	-0.000587387	-0.000587387	-0.000587387	-0.000587387	111
0.814	-0.000888571	-0.000888571	-0.000888571	-0.000888571	140
0.815	0.00117857	0.00117857	0.00117857	0.00117857	168
0.816	-0.00215951	-0.00215951	-0.00215951	-0.00215951	163
0.817	-0.000541538	-0.000541538	-0.000541538	-0.000541538	130
0.818	0.00020979	0.00020979	0.00020979	0.00020979	143
0.819	0.000227397	0.000227397	0.000227397	0.000227397	146
0.82	-0.00188125	-0.00188125	-0.00188125	-0.00188125	128
0.821	-0.00204225	-0.00204225	-0.00204225	-0.00204225	142
0.822	-1.71429e-05	-1.71429e-05	-1.71429e-05	-1.71429e-05	140
0.823	-0.000529412	-0.000529412	-0.000529412	-0.000529412	136
0.824	-0.0018314	-0.0018314	-0.0018314	-0.0018314	121
0.825	0.000594286	0.000594286	0.000594286	0.000594286	140
0.826	0.00172598	0.00172598	0.00172598	0.00172598	127
0.827	-0.000282353	-0.000282353	-0.000282353	-0.000282353	136
0.828	-0.000202778	-0.000202778	-0.000202778	-0.000202778	144
0.829	0.00107176	0.00107176	0.00107176	0.00107176	131
0.83	-0.00147719	-0.00147719	-0.00147719	-0.00147719	114
0.831	0.000964103	0.000964103	0.000964103	0.000964103	156
0.832	-0.000273418	-0.000273418	-0.000273418	-0.000273418	158
0.833	0.00243664	0.00243664	0.00243664	0.00243664	131
0.834	-0.000546763	-0.000546763	-0.000546763	-0.000546763	139
0.835	-0.00262781	-0.00262781	-0.00262781	-0.00262781	151
0.836	-0.00103087	-0.00103087	-0.00103087	-0.00103087	149
0.837	-0.00133901	-0.00133901	-0.00133901	-0.00133901	141
0.838	-0.00325897	-0.00325897	-0.00325897	-0.00325897	156
0.839	-0.00274167	-0.00274167	-0.00274167	-0.00274167	144
0.84	-0.0041007	-0.0041007	-0.0041007	-0.0041007	143
0.841	-0.0012805	-0.0012805	-0.0012805	-0.0012805	159
0.842	-0.00130952	-0.00130952	-0.00130952	-0.00130952	168
0.843	-0.00150601	-0.00150601	-0.00150601	-0.00150601	183
0.844	-0.00170649	-0.00170649	-0.00170649	-0.00170649	154
0.845	-0.00255034	-0.00255034	-0.00255034	-0.00255034	149
0.846	-0.00100256	-0.00100256	-0.00100256	-0.00100256	156
0.847	0.00105952	0.00105952	0.00105952	0.00105952	168
0.848	0.00157225	0.00157225	0.00157225	0.00157225	173
0.849	0.000783626	0.000783626	0.000783626	0.000783626	171
0.85	-9.28571e-05	-9.28571e-05	-9.28571e-05	-9.28571e-05	168
0.851	-0.000830233	-0.000830233	-0.000830233	-0.000830233	172
0.852	0.00304234	0.00304234	0.00304234	0.00304234	137
0.853	-0.00203448	-0.00203448	-0.00203448	-0.00203448	174
0.854	5.64706e-05	5.64706e-05	5.64706e-05	5.64706e-05	170
0.855	0.000836641	0.000836641	0.000836641	0.000836641	131
0.856	-0.000413245	-0.000413245	-0.000413245	-0.000413245	151
0.857	0.000361404	0.000361404	0.000361404	0.000361404	114
0.858	0.00119714	0.00119714	0.00119714	0.00119714	140
0.859	0.00179504	0.00179504	0.00179504	0.00179504	121
0.86	-0.000421192	-0.000421192	-0.000421192	-0.000421192	151
0.861	-0.000897059	-0.000897059	-0.000897059	-0.000897059	136
0.862	-2.92683e-05	-2.92683e-05	-2.92683e-05	-2.92683e-05	123
0.863	0.000775439	0.000775439	0.000775439	0.000775439	114
0.864	-0.000550355	-0.000550355	-0.000550355	-0.000550355	141
0.865	-0.00232329	-0.00232329	-0.00232329	-0.00232329	146
0.866	-0.00110294	-0.00110294	-0.00110294	-0.00110294	136
0.867	0.000729412	0.000729412	0.000729412	0.000729412	136
0.868	3.22581e-06	3.22581e-06	3.22581e-06	3.22581e-06	124
0.869	3.14961e-06	3.14961e-06	3.14961e-06	3.14961e-06	127
0.87	0.000110714	0.000110714	0.000110714	0.000110714	112
0.871	-0.000831884	-0.000831884	-0.000831884	-0.000831884	138
0.872	-0.000515493	-0.000515493	-0.000515493	-0.000515493	142
0.873	-0.00143611	-0.00143611	-0.00143611	-0.00143611	144
0.874	0.000346988	0.000346988	0.000346988	0.000346988	166
0.875	0.00103562	0.00103562	0.00103562	0.00103562	146
0.876	-0.00085298	-0.00085298	-0.00085298	-0.00085298	151
0.877	-0.00103896	-0.00103896	-0.00103896	-0.00103896	154
0.878	0.00160764	0.00160764	0.00160764	0.00160764	157
0.879	0.000116129	0.000116129	0.000116129	0.000116129	155
0.88	-0.000337838	-0.000337838	-0.000337838	-0.000337838	148
0.881	-0.00142963	-0.00142963	-0.00142963	-0.00142963	162
0.882	-0.000223377	-0.000223377	-0.000223377	-0.000223377	154
0.883	-0.00209552	-0.00209552	-0.00209552	-0.00209552	134
0.884	-0.000604444	-0.000604444	-0.000604444	-0.000604444	135
0.885	-0.00217099	-0.00217099	-0.00217099	-0.00217099	131
0.886	0.00324	0.00324	0.00324	0.00324	120
0.887	0.00241361	0.00241361	0.00241361	0.00241361	147
0.888	-0.00243871	-0.00243871	-0.00243871	-0.00243871	124
0.889	-0.00105862	-0.00105862	-0.00105862	-0.00105862	116
0.89	-0.00238168	-0.00238168	-0.00238168	-0.00238168	131
0.891	-0.00148788	-0.00148788	-0.00148788	-0.00148788	132
0.892	-0.00291009	-0.00291009	-0.00291009	-0.00291009	109
0.893	-0.00313529	-0.00313529	-0.00313529	-0.00313529	136
0.894	-0.00371111	-0.00371111	-0.00371111	-0.00371111	144
0.895	-0.00377722	-0.00377722	-0.00377722	-0.00377722	158
0.896	-0.00135625	-0.00135625	-0.00135625	-0.00135625	128
0.897	-0.00158693	-0.00158693	-0.00158693	-0.00158693	153
0.898	8.25e-05	8.25e-05	8.25e-05	8.25e-05	160
0.899	0.0024	0.0024	0.0024	0.0024	134
0.9	0.00124275	0.00124275	0.00124275	0.00124275	131
0.901	0.00319521	0.00319521	0.00319521	0.00319521	167
0.902	0.00331795	0.00331795	0.00331795	0.00331795	156
0.903	-0.00227742	-0.00227742	-0.00227742	-0.00227742	124
0.904	0.00172358	0.00172358	0.00172358	0.00172358	123
0.905	0.000650704	0.000650704	0.000650704	0.000650704	142
0.906	0.000103497	0.000103497	0.000103497	0.000103497	143
0.907	-0.00125138	-0.00125138	-0.00125138	-0.00125138	109
0.908	-0.00334328	-0.00334328	-0.00334328	-0.00334328	134
0.909	-0.000847706	-0.000847706	-0.000847706	-0.000847706	109
0.91	0.00133659	0.00133659	0.00133659	0.00133659	123
0.911	0.00221967	0.00221967	0.00221967	0.00221967	122
0.912	-0.00056378	-0.00056378	-0.00056378	-0.00056378	127
0.913	-0.000834783	-0.000834783	-0.000834783	-0.000834783	138
0.914	0.00155879	0.00155879	0.00155879	0.00155879	165
0.915	-0.00142968	-0.00142968	-0.00142968	-0.00142968	155
0.916	-0.00138151	-0.00138151	-0.00138151	-0.00138151	119
0.917	0.000319403	0.000319403	0.000319403	0.000319403	134
0.918	0.000764179	0.000764179	0.000764179	0.000764179	134
0.919	-0.00227059	-0.00227059	-0.00227059	-0.00227059	170
0.92	-0.00162443	-0.00162443	-0.00162443	-0.00162443	131
0.921	-0.00108649	-0.00108649	-0.00108649	-0.00108649	148
0.922	-0.000952381	-0.000952381	-0.000952381	-0.000952381	168
0.923	0.000236145	0.000236145	0.000236145	0.000236145	166
0.924	0.00266462	0.00266462	0.00266462	0.00266462	130
0.925	-0.000888571	-0.000888571	-0.000888571	-0.000888571	140
0.926	0.000153191	0.000153191	0.000153191	0.000153191	141
0.927	0.000496552	0.000496552	0.000496552	0.000496552	145
0.928	-0.000663636	-0.000663636	-0.000663636	-0.000663636	132
0.929	7.16763e-05	7.16763e-05	7.16763e-05	7.16763e-05	173
0.93	0.000543243	0.000543243	0.000543243	0.000543243	148
0.931	0.000680916	0.000680916	0.000680916	0.000680916	131
0.932	0.000884472	0.000884472	0.000884472	0.000884472	161
0.933	0.000686567	0.000686567	0.000686567	0.000686567	134
0.934	-0.000917857	-0.000917857	-0.000917857	-0.000917857	112
0.935	0.00138333	0.00138333	0.00138333	0.00138333	168
0.936	-0.000391111	-0.000391111	-0.000391111	-0.000391111	135
0.937	0.000109353	0.000109353	0.000109353	0.000109353	139
0.938	0.00145	0.00145	0.00145	0.00145	144
0.939	-0.000947692	-0.000947692	-0.000947692	-0.000947692	130
0.94	0.00256	0.00256	0.00256	0.00256	150
0.941	0.00294966	0.00294966	0.00294966	0.00294966	147
0.942	-5.6338e-06	-5.6338e-06	-5.6338e-06	-5.6338e-06	142
0.943	0.00250063	0.00250063	0.00250063	0.00250063	159
0.944	0.00133	0.00133	0.00133	0.00133	160
0.945	0.000879503	0.000879503	0.000879503	0.000879503	161
0.946	0.00241446	0.00241446	0.00241446	0.00241446	166
0.947	0.00123879	0.00123879	0.00123879	0.00123879	165
0.948	0.000949721	0.000949721	0.000949721	0.000949721	179
0.949	0.0033186	0.0033186	0.0033186	0.0033186	172
0.95	0.00142439	0.00142439	0.00142439	0.00142439	164
0.951	-0.00260403	-0.00260403	-0.00260403	-0.00260403	149
0.952	-0.00114014	-0.00114014	-0.00114014	-0.00114014	147
0.953	0.0017122	0.0017122	0.0017122	0.0017122	164
0.954	-0.000686452	-0.000686452	-0.000686452	-0.000686452	155
0.955	0.000514286	0.000514286	0.000514286	0.000514286	147
0.956	-0.00216495	-0.00216495	-0.00216495	-0.00216495	194
0.957	-0.000873333	-0.000873333	-0.000873333	-0.000873333	180
0.958	-0.00175287	-0.00175287	-0.00175287	-0.00175287	157
0.959	-0.000875912	-0.000875912	-0.000875912	-0.000875912	137
0.96	0.00108696	0.00108696	0.00108696	0.00108696	138
0.961	-0.000434043	-0.000434043	-0.000434043	-0.000434043	141
0.962	-5.75163e-05	-5.75163e-05	-5.75163e-05	-5.75163e-05	153
0.963	-0.00135597	-0.00135597	-0.00135597	-0.00135597	159
0.964	-0.00153803	-0.00153803	-0.00153803	-0.00153803	142
0.965	0.00209379	0.00209379	0.00209379	0.00209379	145
0.966	0.00169784	0.00169784	0.00169784	0.00169784	139
0.967	-0.00146667	-0.00146667	-0.00146667	-0.00146667	126
0.968	0.00191379	0.00191379	0.00191379	0.00191379	116
0.969	-0.00179403	-0.00179403	-0.00179403	-0.00179403	134
0.97	-0.00235385	-0.00235385	-0.00235385	-0.00235385	156
0.971	-0.0019907	-0.0019907	-0.0019907	-0.0019907	129
0.972	-0.00102485	-0.00102485	-0.00102485	-0.00102485	169
0.973	-0.000441718	-0.000441718	-0.000441718	-0.000441718	163
0.974	-0.00218385	-0.00218385	-0.00218385	-0.00218385	161
0.975	-0.000852571	-0.000852571	-0.000852571	-0.000852571	175
0.976	0.000123077	0.000123077	0.000123077	0.000123077	169
0.977	0.00103571	0.00103571	0.00103571	0.00103571	168
0.978	-0.000351678	-0.000351678	-0.000351678	-0.000351678	149
0.979	-0.00239503	-0.00239503	-0.00239503	-0.00239503	161
0.98	-0.000652308	-0.000652308	-0.000652308	-0.000652308	130
0.981	0.000171429	0.000171429	0.000171429	0.000171429	126
0.982	-0.000721805	-0.000721805	-0.000721805	-0.000721805	133
0.983	-0.00139726	-0.00139726	-0.00139726	-0.00139726	146
0.984	0.00223607	0.00223607	0.00223607	0.00223607	122
0.985	0.00111888	0.00111888	0.00111888	0.00111888	143
0.986	-0.000130435	-0.000130435	-0.000130435	-0.000130435	138
0.987	0.0002	0.0002	0.0002	0.0002	170
0.988	-0.000258156	-0.000258156	-0.000258156	-0.000258156	141
0.989	0.000746667	0.000746667	0.000746667	0.000746667	165
0.99	-2.85714e-05	-2.85714e-05	-2.85714e-05	-2.85714e-05	140
0.991	-0.00159452	-0.00159452	-0.00159452	-0.00159452	146
0.992	-0.00239433	-0.00239433	-0.00239433	-0.00239433	141
0.993	-0.000844118	-0.000844118	-0.000844118	-0.000844118	136
0.994	-0.000822222	-0.000822222	-0.000822222	-0.000822222	126
0.995	-0.0017124	-0.0017124	-0.0017124	-0.0017124	121
0.996	-0.00231014	-0.00231014	-0.00231014	-0.00231014	138
0.997	0.00211875	0.00211875	0.00211875	0.00211875	128
0.998	0.000585034	0.000585034	0.000585034	0.000585034	147
0.999	-0.000967376	-0.000967376	-0.000967376	-0.000967376	141
1	0.00294825	0.00294825	0.00294825	0.00294825	143
