0.001	0.0658006	0.0658006	0.0658006	0.0658006	3271
0.002	0.0590798	0.0590798	0.0590798	0.0590798	2792
0.003	0.0540908	0.0540908	0.0540908	0.0540908	2462
0.004	0.0533038	0.0533038	0.0533038	0.0533038	2293
0.005	0.0483861	0.0483861	0.0483861	0.0483861	2129
0.006	0.0472392	0.0472392	0.0472392	0.0472392	1909
0.007	0.0448163	0.0448163	0.0448163	0.0448163	1912
0.008	0.0425547	0.0425547	0.0425547	0.0425547	1800
0.009	0.0407541	0.0407541	0.0407541	0.0407541	1752
0.01	0.0397136	0.0397136	0.0397136	0.0397136	1669
0.011	0.0363722	0.0363722	0.0363722	0.0363722	1643
0.012	0.0343154	0.0343154	0.0343154	0.0343154	1580
0.013	0.0339654	0.0339654	0.0339654	0.0339654	1505
0.014	0.0343178	0.0343178	0.0343178	0.0343178	1509
0.015	0.0354925	0.0354925	0.0354925	0.0354925	1458
0.016	0.0334845	0.0334845	0.0334845	0.0334845	1559
0.017	0.0326509	0.0326509	0.0326509	0.0326509	1500
0.018	0.0311082	0.0311082	0.0311082	0.0311082	1473
0.019	0.0307547	0.0307547	0.0307547	0.0307547	1377
0.02	0.030348	0.030348	0.030348	0.030348	1445
0.021	0.030112	0.030112	0.030112	0.030112	1328
0.022	0.0288858	0.0288858	0.0288858	0.0288858	1357
0.023	0.0306083	0.0306083	0.0306083	0.0306083	1425
0.024	0.030905	0.030905	0.030905	0.030905	1352
0.025	0.0292809	0.0292809	0.0292809	0.0292809	1350
0.026	0.0305377	0.0305377	0.0305377	0.0305377	1339
0.027	0.0298445	0.0298445	0.0298445	0.0298445	1371
0.028	0.0287695	0.0287695	0.0287695	0.0287695	1244
0.029	0.0259816	0.0259816	0.0259816	0.0259816	1303
0.03	0.0261607	0.0261607	0.0261607	0.0261607	1352
0.031	0.0274182	0.0274182	0.0274182	0.0274182	1311
0.032	0.0264694	0.0264694	0.0264694	0.0264694	1338
0.033	0.0254133	0.0254133	0.0254133	0.0254133	1307
0.034	0.0264259	0.0264259	0.0264259	0.0264259	1297
0.035	0.0271156	0.0271156	0.0271156	0.0271156	1285
0.036	0.0270553	0.0270553	0.0270553	0.0270553	1332
0.037	0.0253976	0.0253976	0.0253976	0.0253976	1320
0.038	0.0248824	0.0248824	0.0248824	0.0248824	1286
0.039	0.02468	0.02468	0.02468	0.02468	1210
0.04	0.0224872	0.0224872	0.0224872	0.0224872	1326
0.041	0.0250694	0.0250694	0.0250694	0.0250694	1305
0.042	0.0232909	0.0232909	0.0232909	0.0232909	1236
0.043	0.02257	0.02257	0.02257	0.02257	1301
0.044	0.0219593	0.0219593	0.0219593	0.0219593	1247
0.045	0.0203673	0.0203673	0.0203673	0.0203673	1259
0.046	0.0227923	0.0227923	0.0227923	0.0227923	1195
0.047	0.0198823	0.0198823	0.0198823	0.0198823	1370
0.048	0.0199322	0.0199322	0.0199322	0.0199322	1304
0.049	0.0173142	0.0173142	0.0173142	0.0173142	1292
0.05	0.0180658	0.0180658	0.0180658	0.0180658	1264
0.051	0.0186582	0.0186582	0.0186582	0.0186582	1298
0.052	0.0199608	0.0199608	0.0199608	0.0199608	1205
0.053	0.0193584	0.0193584	0.0193584	0.0193584	1225
0.054	0.018905	0.018905	0.018905	0.018905	1246
0.055	0.0177909	0.0177909	0.0177909	0.0177909	1270
0.056	0.0187517	0.0187517	0.0187517	0.0187517	1283
0.057	0.0182087	0.0182087	0.0182087	0.0182087	1294
0.058	0.0172827	0.0172827	0.0172827	0.0172827	1310
0.059	0.0181538	0.0181538	0.0181538	0.0181538	1261
0.06	0.0158064	0.0158064	0.0158064	0.0158064	1248
0.061	0.0169336	0.0169336	0.0169336	0.0169336	1269
0.062	0.0163448	0.0163448	0.0163448	0.0163448	1210
0.063	0.0158533	0.0158533	0.0158533	0.0158533	1298
0.064	0.0146215	0.0146215	0.0146215	0.0146215	1246
0.065	0.0159545	0.0159545	0.0159545	0.0159545	1247
0.066	0.0164109	0.0164109	0.0164109	0.0164109	1215
0.067	0.0162695	0.0162695	0.0162695	0.0162695	1327
0.068	0.0160126	0.0160126	0.0160126	0.0160126	1243
0.069	0.0139486	0.0139486	0.0139486	0.0139486	1291
0.07	0.0140068	0.0140068	0.0140068	0.0140068	1234
0.071	0.0145857	0.0145857	0.0145857	0.0145857	1290
0.072	0.0152198	0.0152198	0.0152198	0.0152198	1214
0.073	0.0129394	0.0129394	0.0129394	0.0129394	1171
0.074	0.0132954	0.0132954	0.0132954	0.0132954	1233
0.075	0.0119773	0.0119773	0.0119773	0.0119773	1163
0.076	0.013423	0.013423	0.013423	0.013423	1191
0.077	0.0125693	0.0125693	0.0125693	0.0125693	1210
0.078	0.0145117	0.0145117	0.0145117	0.0145117	1196
0.079	0.0124423	0.0124423	0.0124423	0.0124423	1182
0.08	0.0131314	0.0131314	0.0131314	0.0131314	1247
0.081	0.0124833	0.0124833	0.0124833	0.0124833	1253
0.082	0.0118302	0.0118302	0.0118302	0.0118302	1204
0.083	0.0117325	0.0117325	0.0117325	0.0117325	1286
0.084	0.012227	0.012227	0.012227	0.012227	1193
0.085	0.0117251	0.0117251	0.0117251	0.0117251	1282
0.086	0.0113813	0.0113813	0.0113813	0.0113813	1185
0.087	0.0106062	0.0106062	0.0106062	0.0106062	1137
0.088	0.0101822	0.0101822	0.0101822	0.0101822	1146
0.089	0.0109507	0.0109507	0.0109507	0.0109507	1213
0.09	0.0124859	0.0124859	0.0124859	0.0124859	1160
0.091	0.0112692	0.0112692	0.0112692	0.0112692	1180
0.092	0.0107112	0.0107112	0.0107112	0.0107112	1185
0.093	0.0114526	0.0114526	0.0114526	0.0114526	1197
0.094	0.0117982	0.0117982	0.0117982	0.0117982	1140
0.095	0.0108845	0.0108845	0.0108845	0.0108845	1155
0.096	0.0117288	0.0117288	0.0117288	0.0117288	1227
0.097	0.00992934	0.00992934	0.00992934	0.00992934	1234
0.098	0.0118152	0.0118152	0.0118152	0.0118152	1208
0.099	0.0107323	0.0107323	0.0107323	0.0107323	1246
0.1	0.0120872	0.0120872	0.0120872	0.0120872	1298
0.101	0.0099897	0.0099897	0.0099897	0.0099897	1126
0.102	0.00951968	0.00951968	0.00951968	0.00951968	1255
0.103	0.0111704	0.0111704	0.0111704	0.0111704	1202
0.104	0.0100272	0.0100272	0.0100272	0.0100272	1235
0.105	0.0103403	0.0103403	0.0103403	0.0103403	1267
0.106	0.0100082	0.0100082	0.0100082	0.0100082	1213
0.107	0.0100985	0.0100985	0.0100985	0.0100985	1230
0.108	0.0105473	0.0105473	0.0105473	0.0105473	1195
0.109	0.0104318	0.0104318	0.0104318	0.0104318	1208
0.11	0.0095184	0.0095184	0.0095184	0.0095184	1201
0.111	0.0106812	0.0106812	0.0106812	0.0106812	1192
0.112	0.0097469	0.0097469	0.0097469	0.0097469	1209
0.113	0.00853032	0.00853032	0.00853032	0.00853032	1237
0.114	0.00907606	0.00907606	0.00907606	0.00907606	1178
0.115	0.00819359	0.00819359	0.00819359	0.00819359	1186
0.116	0.00812253	0.00812253	0.00812253	0.00812253	1172
0.117	0.0095715	0.0095715	0.0095715	0.0095715	1179
0.118	0.00939391	0.00939391	0.00939391	0.00939391	1182
0.119	0.00864196	0.00864196	0.00864196	0.00864196	1144
0.12	0.00730827	0.00730827	0.00730827	0.00730827	1112
0.121	0.00800664	0.00800664	0.00800664	0.00800664	1085
0.122	0.00844275	0.00844275	0.00844275	0.00844275	1048
0.123	0.00806636	0.00806636	0.00806636	0.00806636	1103
0.124	0.00688926	0.00688926	0.00688926	0.00688926	1080
0.125	0.00663892	0.00663892	0.00663892	0.00663892	1115
0.126	0.00667898	0.00667898	0.00667898	0.00667898	1094
0.127	0.0071521	0.0071521	0.0071521	0.0071521	1144
0.128	0.00756189	0.00756189	0.00756189	0.00756189	1144
0.129	0.00608897	0.00608897	0.00608897	0.00608897	1160
0.13	0.00680772	0.00680772	0.00680772	0.00680772	1140
0.131	0.00829364	0.00829364	0.00829364	0.00829364	1132
0.132	0.0073918	0.0073918	0.0073918	0.0073918	1122
0.133	0.00716465	0.00716465	0.00716465	0.00716465	1075
0.134	0.00721534	0.00721534	0.00721534	0.00721534	1095
0.135	0.00721164	0.00721164	0.00721164	0.00721164	1100
0.136	0.00744056	0.00744056	0.00744056	0.00744056	1139
0.137	0.00715752	0.00715752	0.00715752	0.00715752	1064
0.138	0.00645173	0.00645173	0.00645173	0.00645173	1129
0.139	0.00647208	0.00647208	0.00647208	0.00647208	1171
0.14	0.00736062	0.00736062	0.00736062	0.00736062	1163
0.141	0.00674773	0.00674773	0.00674773	0.00674773	1102
0.142	0.00520209	0.00520209	0.00520209	0.00520209	1147
0.143	0.00603788	0.00603788	0.00603788	0.00603788	1077
0.144	0.00551385	0.00551385	0.00551385	0.00551385	1105
0.145	0.00512035	0.00512035	0.00512035	0.00512035	1145
0.146	0.00477077	0.00477077	0.00477077	0.00477077	1081
0.147	0.0047188	0.0047188	0.0047188	0.0047188	1069
0.148	0.00526177	0.00526177	0.00526177	0.00526177	1062
0.149	0.00486433	0.00486433	0.00486433	0.00486433	1057
0.15	0.00518563	0.00518563	0.00518563	0.00518563	1141
0.151	0.00466432	0.00466432	0.00466432	0.00466432	1079
0.152	0.00549361	0.00549361	0.00549361	0.00549361	1079
0.153	0.00522425	0.00522425	0.00522425	0.00522425	1138
0.154	0.00564542	0.00564542	0.00564542	0.00564542	1048
0.155	0.00506704	0.00506704	0.00506704	0.00506704	1074
0.156	0.00655683	0.00655683	0.00655683	0.00655683	1084
0.157	0.00654995	0.00654995	0.00654995	0.00654995	1035
0.158	0.00538756	0.00538756	0.00538756	0.00538756	1077
0.159	0.00434711	0.00434711	0.00434711	0.00434711	1074
0.16	0.00577887	0.00577887	0.00577887	0.00577887	1060
0.161	0.00542394	0.00542394	0.00542394	0.00542394	1136
0.162	0.00573474	0.00573474	0.00573474	0.00573474	1134
0.163	0.00426741	0.00426741	0.00426741	0.00426741	1077
0.164	0.00410985	0.00410985	0.00410985	0.00410985	1056
0.165	0.00543765	0.00543765	0.00543765	0.00543765	1158
0.166	0.00481062	0.00481062	0.00481062	0.00481062	1168
0.167	0.00557292	0.00557292	0.00557292	0.00557292	1167
0.168	0.004613	0.004613	0.004613	0.004613	1185
0.169	0.00482021	0.00482021	0.00482021	0.00482021	1168
0.17	0.00529644	0.00529644	0.00529644	0.00529644	1153
0.171	0.00409527	0.00409527	0.00409527	0.00409527	1100
0.172	0.00454931	0.00454931	0.00454931	0.00454931	1152
0.173	0.00368112	0.00368112	0.00368112	0.00368112	1070
0.174	0.00425967	0.00425967	0.00425967	0.00425967	1106
0.175	0.00504576	0.00504576	0.00504576	0.00504576	1084
0.176	0.00374762	0.00374762	0.00374762	0.00374762	1195
0.177	0.00484363	0.00484363	0.00484363	0.00484363	1146
0.178	0.00394869	0.00394869	0.00394869	0.00394869	1107
0.179	0.00529868	0.00529868	0.00529868	0.00529868	1062
0.18	0.00455005	0.00455005	0.00455005	0.00455005	1061
0.181	0.00442121	0.00442121	0.00442121	0.00442121	1075
0.182	0.00416095	0.00416095	0.00416095	0.00416095	1096
0.183	0.00356069	0.00356069	0.00356069	0.00356069	1109
0.184	0.00338517	0.00338517	0.00338517	0.00338517	1052
0.185	0.00326775	0.00326775	0.00326775	0.00326775	1104
0.186	0.00359051	0.00359051	0.00359051	0.00359051	1138
0.187	0.00433456	0.00433456	0.00433456	0.00433456	1088
0.188	0.00283556	0.00283556	0.00283556	0.00283556	1125
0.189	0.0025331	0.0025331	0.0025331	0.0025331	1121
0.19	0.00357614	0.00357614	0.00357614	0.00357614	1140
0.191	0.00342067	0.00342067	0.00342067	0.00342067	1142
0.192	0.00273172	0.00273172	0.00273172	0.00273172	1160
0.193	0.00271568	0.00271568	0.00271568	0.00271568	1148
0.194	0.00394597	0.00394597	0.00394597	0.00394597	1066
0.195	0.00296605	0.00296605	0.00296605	0.00296605	1137
0.196	0.00341741	0.00341741	0.00341741	0.00341741	1126
0.197	0.00216249	0.00216249	0.00216249	0.00216249	1125
0.198	0.00156123	0.00156123	0.00156123	0.00156123	1135
0.199	0.00196792	0.00196792	0.00196792	0.00196792	1060
0.2	0.00230645	0.00230645	0.00230645	0.00230645	1039
0.201	0.00230457	0.00230457	0.00230457	0.00230457	1073
0.202	0.00144114	0.00144114	0.00144114	0.00144114	1123
0.203	0.00246095	0.00246095	0.00246095	0.00246095	1096
0.204	0.00152112	0.00152112	0.00152112	0.00152112	1070
0.205	0.00209423	0.00209423	0.00209423	0.00209423	1040
0.206	0.00214483	0.00214483	0.00214483	0.00214483	1044
0.207	0.00217741	0.00217741	0.00217741	0.00217741	1089
0.208	0.00335332	0.00335332	0.00335332	0.00335332	1054
0.209	0.00259209	0.00259209	0.00259209	0.00259209	1087
0.21	0.00258781	0.00258781	0.00258781	0.00258781	1165
0.211	0.00235766	0.00235766	0.00235766	0.00235766	1077
0.212	0.00191083	0.00191083	0.00191083	0.00191083	1099
0.213	0.0011848	0.0011848	0.0011848	0.0011848	1158
0.214	0.00278427	0.00278427	0.00278427	0.00278427	1068
0.215	0.00141253	0.00141253	0.00141253	0.00141253	1133
0.216	0.00129729	0.00129729	0.00129729	0.00129729	1069
0.217	0.00245896	0.00245896	0.00245896	0.00245896	1072
0.218	0.00258545	0.00258545	0.00258545	0.00258545	1100
0.219	0.00233543	0.00233543	0.00233543	0.00233543	1016
0.22	0.00255279	0.00255279	0.00255279	0.00255279	1110
0.221	0.00272778	0.00272778	0.00272778	0.00272778	1080
0.222	0.00248661	0.00248661	0.00248661	0.00248661	1113
0.223	0.00226942	0.00226942	0.00226942	0.00226942	1017
0.224	0.00237014	0.00237014	0.00237014	0.00237014	1018
0.225	0.002174	0.002174	0.002174	0.002174	1000
0.226	0.00201695	0.00201695	0.00201695	0.00201695	1062
0.227	0.00137633	0.00137633	0.00137633	0.00137633	1014
0.228	0.00174062	0.00174062	0.00174062	0.00174062	1007
0.229	0.00204395	0.00204395	0.00204395	0.00204395	992
0.23	0.0023188	0.0023188	0.0023188	0.0023188	1064
0.231	0.0018614	0.0018614	0.0018614	0.0018614	1013
0.232	0.00262029	0.00262029	0.00262029	0.00262029	1104
0.233	0.00159858	0.00159858	0.00159858	0.00159858	1128
0.234	0.00236108	0.00236108	0.00236108	0.00236108	1038
0.235	0.00230393	0.00230393	0.00230393	0.00230393	1095
0.236	0.00175257	0.00175257	0.00175257	0.00175257	1033
0.237	0.00254478	0.00254478	0.00254478	0.00254478	1025
0.238	0.00285103	0.00285103	0.00285103	0.00285103	972
0.239	0.0025407	0.0025407	0.0025407	0.0025407	1032
0.24	0.00255908	0.00255908	0.00255908	0.00255908	1046
0.241	0.00147928	0.00147928	0.00147928	0.00147928	1004
0.242	0.00199263	0.00199263	0.00199263	0.00199263	1086
0.243	0.00166786	0.00166786	0.00166786	0.00166786	1114
0.244	0.00202058	0.00202058	0.00202058	0.00202058	1108
0.245	0.00190832	0.00190832	0.00190832	0.00190832	1082
0.246	0.00244354	0.00244354	0.00244354	0.00244354	1130
0.247	0.00153412	0.00153412	0.00153412	0.00153412	1105
0.248	0.00234876	0.00234876	0.00234876	0.00234876	1085
0.249	0.00270912	0.00270912	0.00270912	0.00270912	1096
0.25	0.00193915	0.00193915	0.00193915	0.00193915	1065
0.251	0.00172395	0.00172395	0.00172395	0.00172395	1023
0.252	0.00138737	0.00138737	0.00138737	0.00138737	1093
0.253	0.00157073	0.00157073	0.00157073	0.00157073	1066
0.254	0.00166964	0.00166964	0.00166964	0.00166964	988
0.255	0.00180367	0.00180367	0.00180367	0.00180367	982
0.256	0.00243188	0.00243188	0.00243188	0.00243188	1029
0.257	0.0017794	0.0017794	0.0017794	0.0017794	1068
0.258	0.00164004	0.00164004	0.00164004	0.00164004	1079
0.259	0.0012373	0.0012373	0.0012373	0.0012373	1126
0.26	0.0010822	0.0010822	0.0010822	0.0010822	1107
0.261	0.000685918	0.000685918	0.000685918	0.000685918	1122
0.262	0.000929433	0.000929433	0.000929433	0.000929433	1094
0.263	0.00117673	0.00117673	0.00117673	0.00117673	1100
0.264	0.00140485	0.00140485	0.00140485	0.00140485	1031
0.265	0.00198818	0.00198818	0.00198818	0.00198818	1083
0.266	0.00149137	0.00149137	0.00149137	0.00149137	1031
0.267	0.00119058	0.00119058	0.00119058	0.00119058	1062
0.268	0.00133489	0.00133489	0.00133489	0.00133489	1029
0.269	0.00151063	0.00151063	0.00151063	0.00151063	1119
0.27	0.00174494	0.00174494	0.00174494	0.00174494	1057
0.271	0.00200787	0.00200787	0.00200787	0.00200787	1118
0.272	0.00136966	0.00136966	0.00136966	0.00136966	969
0.273	0.000933333	0.000933333	0.000933333	0.000933333	1068
0.274	0.00111265	0.00111265	0.00111265	0.00111265	1067
0.275	0.00132557	0.00132557	0.00132557	0.00132557	1048
0.276	0.00074892	0.00074892	0.00074892	0.00074892	1065
0.277	0.00163143	0.00163143	0.00163143	0.00163143	1120
0.278	0.000938806	0.000938806	0.000938806	0.000938806	1072
0.279	0.00183762	0.00183762	0.00183762	0.00183762	1042
0.28	0.00108977	0.00108977	0.00108977	0.00108977	1114
0.281	0.00095873	0.00095873	0.00095873	0.00095873	1134
0.282	0.0015083	0.0015083	0.0015083	0.0015083	1121
0.283	0.000840408	0.000840408	0.000840408	0.000840408	1079
0.284	0.000694622	0.000694622	0.000694622	0.000694622	1097
0.285	0.00104885	0.00104885	0.00104885	0.00104885	1130
0.286	0.00141986	0.00141986	0.00141986	0.00141986	1108
0.287	0.00205533	0.00205533	0.00205533	0.00205533	1041
0.288	0.00161765	0.00161765	0.00161765	0.00161765	1088
0.289	0.0016594	0.0016594	0.0016594	0.0016594	1091
0.29	0.0023057	0.0023057	0.0023057	0.0023057	1158
0.291	0.00158207	0.00158207	0.00158207	0.00158207	1093
0.292	0.00141792	0.00141792	0.00141792	0.00141792	1127
0.293	0.00188338	0.00188338	0.00188338	0.00188338	1101
0.294	0.00115116	0.00115116	0.00115116	0.00115116	1122
0.295	0.00113852	0.00113852	0.00113852	0.00113852	1041
0.296	0.00121105	0.00121105	0.00121105	0.00121105	1050
0.297	0.00122027	0.00122027	0.00122027	0.00122027	1164
0.298	0.00120985	0.00120985	0.00120985	0.00120985	1137
0.299	0.00122493	0.00122493	0.00122493	0.00122493	1091
0.3	0.00117802	0.00117802	0.00117802	0.00117802	1092
0.301	1.9119e-05	1.9119e-05	1.9119e-05	1.9119e-05	1067
0.302	0.00105831	0.00105831	0.00105831	0.00105831	1053
0.303	0.000969565	0.000969565	0.000969565	0.000969565	1104
0.304	0.000681887	0.000681887	0.000681887	0.000681887	1060
0.305	0.000937623	0.000937623	0.000937623	0.000937623	1119
0.306	0.000992832	0.000992832	0.000992832	0.000992832	1116
0.307	0.000250662	0.000250662	0.000250662	0.000250662	1133
0.308	0.000892415	0.000892415	0.000892415	0.000892415	1147
0.309	0.00109245	0.00109245	0.00109245	0.00109245	1153
0.31	0.000218778	0.000218778	0.000218778	0.000218778	1097
0.311	0.00112826	0.00112826	0.00112826	0.00112826	1065
0.312	0.000756824	0.000756824	0.000756824	0.000756824	1121
0.313	-0.000119736	-0.000119736	-0.000119736	-0.000119736	1059
0.314	0.000868274	0.000868274	0.000868274	0.000868274	1037
0.315	0.00106579	0.00106579	0.00106579	0.00106579	1061
0.316	0.00113827	0.00113827	0.00113827	0.00113827	1121
0.317	0.00178737	0.00178737	0.00178737	0.00178737	1093
0.318	0.0014015	0.0014015	0.0014015	0.0014015	1068
0.319	0.000796771	0.000796771	0.000796771	0.000796771	1115
0.32	0.000925165	0.000925165	0.000925165	0.000925165	1061
0.321	0.000825259	0.000825259	0.000825259	0.000825259	1061
0.322	0.00176217	0.00176217	0.00176217	0.00176217	1068
0.323	0.00189653	0.00189653	0.00189653	0.00189653	1067
0.324	0.00110455	0.00110455	0.00110455	0.00110455	1098
0.325	0.00164125	0.00164125	0.00164125	0.00164125	1057
0.326	0.000272091	0.000272091	0.000272091	0.000272091	1057
0.327	0.000713658	0.000713658	0.000713658	0.000713658	1047
0.328	0.00128094	0.00128094	0.00128094	0.00128094	1107
0.329	0.00153762	0.00153762	0.00153762	0.00153762	1103
0.33	0.00122381	0.00122381	0.00122381	0.00122381	1075
0.331	0.00132272	0.00132272	0.00132272	0.00132272	1043
0.332	0.000907955	0.000907955	0.000907955	0.000907955	1056
0.333	0.00125458	0.00125458	0.00125458	0.00125458	1070
0.334	0.00165194	0.00165194	0.00165194	0.00165194	978
0.335	0.00154043	0.00154043	0.00154043	0.00154043	1061
0.336	0.000735521	0.000735521	0.000735521	0.000735521	1036
0.337	0.000533458	0.000533458	0.000533458	0.000533458	1067
0.338	0.00183294	0.00183294	0.00183294	0.00183294	1020
0.339	0.000526199	0.000526199	0.000526199	0.000526199	1084
0.34	0.00127237	0.00127237	0.00127237	0.00127237	1017
0.341	0.00130359	0.00130359	0.00130359	0.00130359	1031
0.342	0.000994833	0.000994833	0.000994833	0.000994833	1045
0.343	0.00136906	0.00136906	0.00136906	0.00136906	1060
0.344	0.000308626	0.000308626	0.000308626	0.000308626	1055
0.345	0.000571065	0.000571065	0.000571065	0.000571065	1099
0.346	0.000682136	0.000682136	0.000682136	0.000682136	1086
0.347	0.00105181	0.00105181	0.00105181	0.00105181	1077
0.348	0.000703941	0.000703941	0.000703941	0.000703941	1091
0.349	0.00115785	0.00115785	0.00115785	0.00115785	1044
0.35	0.000943438	0.000943438	0.000943438	0.000943438	1082
0.351	0.0014672	0.0014672	0.0014672	0.0014672	1006
0.352	0.00127422	0.00127422	0.00127422	0.00127422	1024
0.353	0.00128641	0.00128641	0.00128641	0.00128641	1023
0.354	0.0012	0.0012	0.0012	0.0012	1084
0.355	0.001225	0.001225	0.001225	0.001225	1040
0.356	0.000726538	0.000726538	0.000726538	0.000726538	1040
0.357	0.000924836	0.000924836	0.000924836	0.000924836	1067
0.358	0.00150673	0.00150673	0.00150673	0.00150673	1085
0.359	0.00163901	0.00163901	0.00163901	0.00163901	1046
0.36	0.00138359	0.00138359	0.00138359	0.00138359	1048
0.361	0.0015364	0.0015364	0.0015364	0.0015364	1044
0.362	0.00262424	0.00262424	0.00262424	0.00262424	990
0.363	0.00137928	0.00137928	0.00137928	0.00137928	1033
0.364	0.00173842	0.00173842	0.00173842	0.00173842	1075
0.365	0.00139547	0.00139547	0.00139547	0.00139547	1060
0.366	0.00080113	0.00080113	0.00080113	0.00080113	1062
0.367	0.00161487	0.00161487	0.00161487	0.00161487	995
0.368	0.000602093	0.000602093	0.000602093	0.000602093	1051
0.369	0.000624784	0.000624784	0.000624784	0.000624784	1041
0.37	0.00167075	0.00167075	0.00167075	0.00167075	1012
0.371	0.00131847	0.00131847	0.00131847	0.00131847	996
0.372	0.00124924	0.00124924	0.00124924	0.00124924	1048
0.373	0.00108822	0.00108822	0.00108822	0.00108822	1027
0.374	0.000685607	0.000685607	0.000685607	0.000685607	1063
0.375	0.00113352	0.00113352	0.00113352	0.00113352	1053
0.376	0.000717025	0.000717025	0.000717025	0.000717025	1022
0.377	0.00031992	0.00031992	0.00031992	0.00031992	999
0.378	-0.000408722	-0.000408722	-0.000408722	-0.000408722	1009
0.379	0.000412193	0.000412193	0.000412193	0.000412193	1017
0.38	0.000911567	0.000911567	0.000911567	0.000911567	1072
0.381	-2.07031e-05	-2.07031e-05	-2.07031e-05	-2.07031e-05	1024
0.382	0.00147918	0.00147918	0.00147918	0.00147918	1023
0.383	0.00046338	0.00046338	0.00046338	0.00046338	1136
0.384	0.00113321	0.00113321	0.00113321	0.00113321	1066
0.385	0.00077883	0.00077883	0.00077883	0.00077883	1077
0.386	0.000696445	0.000696445	0.000696445	0.000696445	1097
0.387	0.000300917	0.000300917	0.000300917	0.000300917	1090
0.388	0.000976514	0.000976514	0.000976514	0.000976514	1090
0.389	0.00110301	0.00110301	0.00110301	0.00110301	1097
0.39	0.00019583	0.00019583	0.00019583	0.00019583	1103
0.391	0.000622412	0.000622412	0.000622412	0.000622412	1169
0.392	0.000222862	0.000222862	0.000222862	0.000222862	1111
0.393	0.000202154	0.000202154	0.000202154	0.000202154	1114
0.394	0.000474794	0.000474794	0.000474794	0.000474794	1091
0.395	0.000833665	0.000833665	0.000833665	0.000833665	1105
0.396	0.000138864	0.000138864	0.000138864	0.000138864	1109
0.397	-0.000361783	-0.000361783	-0.000361783	-0.000361783	1099
0.398	0.000156364	0.000156364	0.000156364	0.000156364	1100
0.399	0.000295588	0.000295588	0.000295588	0.000295588	1088
0.4	-0.000278167	-0.000278167	-0.000278167	-0.000278167	1113
0.401	-2.43578e-05	-2.43578e-05	-2.43578e-05	-2.43578e-05	1051
0.402	0.000165934	0.000165934	0.000165934	0.000165934	1092
0.403	0.00124829	0.00124829	0.00124829	0.00124829	1052
0.404	0.000845907	0.000845907	0.000845907	0.000845907	1124
0.405	0.0007	0.0007	0.0007	0.0007	1096
0.406	-8.19762e-05	-8.19762e-05	-8.19762e-05	-8.19762e-05	1093
0.407	-0.000494806	-0.000494806	-0.000494806	-0.000494806	1059
0.408	0.000331329	0.000331329	0.000331329	0.000331329	1031
0.409	0.00110019	0.00110019	0.00110019	0.00110019	1034
0.41	0.000652197	0.000652197	0.000652197	0.000652197	1115
0.411	0.00083157	0.00083157	0.00083157	0.00083157	1115
0.412	0.000322605	0.000322605	0.000322605	0.000322605	1075
0.413	3.28558e-05	3.28558e-05	3.28558e-05	3.28558e-05	1047
0.414	0.000213894	0.000213894	0.000213894	0.000213894	1094
0.415	0.000690909	0.000690909	0.000690909	0.000690909	1045
0.416	0.000296727	0.000296727	0.000296727	0.000296727	1100
0.417	0.000838889	0.000838889	0.000838889	0.000838889	1008
0.418	6.46272e-05	6.46272e-05	6.46272e-05	6.46272e-05	1046
0.419	-2.60465e-05	-2.60465e-05	-2.60465e-05	-2.60465e-05	1075
0.42	0.000470655	0.000470655	0.000470655	0.000470655	1053
0.421	0.000508499	0.000508499	0.000508499	0.000508499	1106
0.422	-0.000215068	-0.000215068	-0.000215068	-0.000215068	1168
0.423	0.000721584	0.000721584	0.000721584	0.000721584	1010
0.424	0.000512268	0.000512268	0.000512268	0.000512268	1076
0.425	0.00141671	0.00141671	0.00141671	0.00141671	1065
0.426	0.000869005	0.000869005	0.000869005	0.000869005	1055
0.427	0.00069904	0.00069904	0.00069904	0.00069904	1042
0.428	0.000617045	0.000617045	0.000617045	0.000617045	1056
0.429	-1.60784e-05	-1.60784e-05	-1.60784e-05	-1.60784e-05	1020
0.43	0.00121839	0.00121839	0.00121839	0.00121839	1066
0.431	0.0008074	0.0008074	0.0008074	0.0008074	1027
0.432	0.000887583	0.000887583	0.000887583	0.000887583	1055
0.433	3.65019e-05	3.65019e-05	3.65019e-05	3.65019e-05	1052
0.434	-3.33333e-05	-3.33333e-05	-3.33333e-05	-3.33333e-05	1008
0.435	0.000152558	0.000152558	0.000152558	0.000152558	1075
0.436	0.00100691	0.00100691	0.00100691	0.00100691	1042
0.437	0.0004516	0.0004516	0.0004516	0.0004516	1031
0.438	0.000808251	0.000808251	0.000808251	0.000808251	1018
0.439	0.000151899	0.000151899	0.000151899	0.000151899	1027
0.44	0.000157278	0.000157278	0.000157278	0.000157278	1058
0.441	-0.000703969	-0.000703969	-0.000703969	-0.000703969	1033
0.442	0.000164475	0.000164475	0.000164475	0.000164475	1019
0.443	0.000395489	0.000395489	0.000395489	0.000395489	1064
0.444	6.09779e-05	6.09779e-05	6.09779e-05	6.09779e-05	1043
0.445	0.00026626	0.00026626	0.00026626	0.00026626	984
0.446	0.000392512	0.000392512	0.000392512	0.000392512	1015
0.447	-1.36082e-05	-1.36082e-05	-1.36082e-05	-1.36082e-05	970
0.448	-0.000474074	-0.000474074	-0.000474074	-0.000474074	1053
0.449	0.000686756	0.000686756	0.000686756	0.000686756	1042
0.45	0.000298905	0.000298905	0.000298905	0.000298905	1005
0.451	0.000419212	0.000419212	0.000419212	0.000419212	1041
0.452	0.000183562	0.000183562	0.000183562	0.000183562	1022
0.453	-0.000222403	-0.000222403	-0.000222403	-0.000222403	982
0.454	-0.00017115	-0.00017115	-0.00017115	-0.00017115	1026
0.455	-0.000512437	-0.000512437	-0.000512437	-0.000512437	989
0.456	-0.000507019	-0.000507019	-0.000507019	-0.000507019	983
0.457	-0.00019726	-0.00019726	-0.00019726	-0.00019726	1022
0.458	0.000304743	0.000304743	0.000304743	0.000304743	1033
0.459	9.29178e-05	9.29178e-05	9.29178e-05	9.29178e-05	1059
0.46	0.000229908	0.000229908	0.000229908	0.000229908	983
0.461	0.000383883	0.000383883	0.000383883	0.000383883	1092
0.462	-0.000195623	-0.000195623	-0.000195623	-0.000195623	1051
0.463	-0.000436638	-0.000436638	-0.000436638	-0.000436638	1059
0.464	-0.000285769	-0.000285769	-0.000285769	-0.000285769	1047
0.465	0.000407759	0.000407759	0.000407759	0.000407759	1031
0.466	0.000217544	0.000217544	0.000217544	0.000217544	1026
0.467	-0.00105924	-0.00105924	-0.00105924	-0.00105924	1023
0.468	0.000793738	0.000793738	0.000793738	0.000793738	1022
0.469	-0.000241951	-0.000241951	-0.000241951	-0.000241951	1025
0.47	-0.000673066	-0.000673066	-0.000673066	-0.000673066	1021
0.471	-6.55738e-05	-6.55738e-05	-6.55738e-05	-6.55738e-05	1037
0.472	0.000138595	0.000138595	0.000138595	0.000138595	1039
0.473	0.000426139	0.000426139	0.000426139	0.000426139	1010
0.474	0.00087913	0.00087913	0.00087913	0.00087913	1011
0.475	-0.000340166	-0.000340166	-0.000340166	-0.000340166	1083
0.476	0.000424449	0.000424449	0.000424449	0.000424449	998
0.477	0.000349723	0.000349723	0.000349723	0.000349723	1082
0.478	0.000512308	0.000512308	0.000512308	0.000512308	1040
0.479	0.000174545	0.000174545	0.000174545	0.000174545	1045
0.48	0.000113402	0.000113402	0.000113402	0.000113402	970
0.481	-0.000477432	-0.000477432	-0.000477432	-0.000477432	1059
0.482	0.000715176	0.000715176	0.000715176	0.000715176	995
0.483	-2.20994e-05	-2.20994e-05	-2.20994e-05	-2.20994e-05	1086
0.484	4.31115e-05	4.31115e-05	4.31115e-05	4.31115e-05	1067
0.485	0.000621544	0.000621544	0.000621544	0.000621544	1114
0.486	-0.000314096	-0.000314096	-0.000314096	-0.000314096	1057
0.487	-0.000682146	-0.000682146	-0.000682146	-0.000682146	1137
0.488	0.00127342	0.00127342	0.00127342	0.00127342	1046
0.489	0.000893701	0.000893701	0.000893701	0.000893701	1016
0.49	-7.80876e-05	-7.80876e-05	-7.80876e-05	-7.80876e-05	1004
0.491	0.00012888	0.00012888	0.00012888	0.00012888	1018
0.492	0.000453409	0.000453409	0.000453409	0.000453409	1056
0.493	0.000416418	0.000416418	0.000416418	0.000416418	1072
0.494	-0.00016648	-0.00016648	-0.00016648	-0.00016648	1074
0.495	-0.000903401	-0.000903401	-0.000903401	-0.000903401	1029
0.496	-1.38462e-05	-1.38462e-05	-1.38462e-05	-1.38462e-05	1040
0.497	0.000700704	0.000700704	0.000700704	0.000700704	995
0.498	0.000116797	0.000116797	0.000116797	0.000116797	1024
0.499	-0.000190873	-0.000190873	-0.000190873	-0.000190873	1008
0.5	-5.4219e-05	-5.4219e-05	-5.4219e-05	-5.4219e-05	1114
0.501	-0.000474905	-0.000474905	-0.000474905	-0.000474905	1052
0.502	-9.50853e-05	-9.50853e-05	-9.50853e-05	-9.50853e-05	997
0.503	-0.000179839	-0.000179839	-0.000179839	-0.000179839	992
0.504	0.000392527	0.000392527	0.000392527	0.000392527	1017
0.505	-0.000341717	-0.000341717	-0.000341717	-0.000341717	1002
0.506	0.000306561	0.000306561	0.000306561	0.000306561	1006
0.507	4.68293e-06	4.68293e-06	4.68293e-06	4.68293e-06	1025
0.508	-0.000678788	-0.000678788	-0.000678788	-0.000678788	1023
0.509	9.36087e-05	9.36087e-05	9.36087e-05	9.36087e-05	1017
0.51	0.000505141	0.000505141	0.000505141	0.000505141	1031
0.511	0.00058721	0.00058721	0.00058721	0.00058721	1079
0.512	0.000631204	0.000631204	0.000631204	0.000631204	955
0.513	-6.4257e-06	-6.4257e-06	-6.4257e-06	-6.4257e-06	996
0.514	0.000158498	0.000158498	0.000158498	0.000158498	1012
0.515	0.000606979	0.000606979	0.000606979	0.000606979	1003
0.516	0.00093499	0.00093499	0.00093499	0.00093499	1046
0.517	0.000713043	0.000713043	0.000713043	0.000713043	1035
0.518	0.000198587	0.000198587	0.000198587	0.000198587	991
0.519	-0.00086443	-0.00086443	-0.00086443	-0.00086443	1043
0.52	0.000872486	0.000872486	0.000872486	0.000872486	1054
0.521	-7.64595e-05	-7.64595e-05	-7.64595e-05	-7.64595e-05	1062
0.522	0.00121546	0.00121546	0.00121546	0.00121546	1061
0.523	0.000818147	0.000818147	0.000818147	0.000818147	1058
0.524	0.0012004	0.0012004	0.0012004	0.0012004	1006
0.525	0.000815123	0.000815123	0.000815123	0.000815123	1058
0.526	0.00138738	0.00138738	0.00138738	0.00138738	1014
0.527	0.000771178	0.000771178	0.000771178	0.000771178	1027
0.528	0.00189282	0.00189282	0.00189282	0.00189282	1030
0.529	0.00143518	0.00143518	0.00143518	0.00143518	1029
0.53	0.000455419	0.000455419	0.000455419	0.000455419	1061
0.531	0.0014347	0.0014347	0.0014347	0.0014347	1026
0.532	0.000557157	0.000557157	0.000557157	0.000557157	1041
0.533	0.000280519	0.000280519	0.000280519	0.000280519	1001
0.534	0.00136084	0.00136084	0.00136084	0.00136084	1047
0.535	0.00107646	0.00107646	0.00107646	0.00107646	1062
0.536	0.000103462	0.000103462	0.000103462	0.000103462	1040
0.537	0.00130551	0.00130551	0.00130551	0.00130551	1035
0.538	0.000522844	0.000522844	0.000522844	0.000522844	1055
0.539	0.000132724	0.000132724	0.000132724	0.000132724	1094
0.54	0.000236822	0.000236822	0.000236822	0.000236822	1032
0.541	4.79532e-05	4.79532e-05	4.79532e-05	4.79532e-05	1026
0.542	-2.47343e-05	-2.47343e-05	-2.47343e-05	-2.47343e-05	1035
0.543	0.00032549	0.00032549	0.00032549	0.00032549	1020
0.544	0.000604	0.000604	0.000604	0.000604	1000
0.545	-0.000235622	-0.000235622	-0.000235622	-0.000235622	1005
0.546	-0.000439588	-0.000439588	-0.000439588	-0.000439588	970
0.547	0.0002836	0.0002836	0.0002836	0.0002836	1000
0.548	0.000125984	0.000125984	0.000125984	0.000125984	1143
0.549	0.000246947	0.000246947	0.000246947	0.000246947	1048
0.55	-0.00052334	-0.00052334	-0.00052334	-0.00052334	1054
0.551	-0.000138768	-0.000138768	-0.000138768	-0.000138768	1055
0.552	0.000492824	0.000492824	0.000492824	0.000492824	1073
0.553	-0.000151251	-0.000151251	-0.000151251	-0.000151251	1079
0.554	0.000294632	0.000294632	0.000294632	0.000294632	1006
0.555	0.000747581	0.000747581	0.000747581	0.000747581	992
0.556	0.000162151	0.000162151	0.000162151	0.000162151	967
0.557	0.00104663	0.00104663	0.00104663	0.00104663	1038
0.558	0.000914741	0.000914741	0.000914741	0.000914741	1004
0.559	0.000920903	0.000920903	0.000920903	0.000920903	1019
0.56	0.000663271	0.000663271	0.000663271	0.000663271	1021
0.561	0.000440841	0.000440841	0.000440841	0.000440841	999
0.562	0.0010755	0.0010755	0.0010755	0.0010755	996
0.563	0.000882091	0.000882091	0.000882091	0.000882091	1033
0.564	0.000483056	0.000483056	0.000483056	0.000483056	1021
0.565	0.000394763	0.000394763	0.000394763	0.000394763	993
0.566	0.000960933	0.000960933	0.000960933	0.000960933	1029
0.567	0.000220884	0.000220884	0.000220884	0.000220884	996
0.568	0.00128942	0.00128942	0.00128942	0.00128942	1087
0.569	0.000969697	0.000969697	0.000969697	0.000969697	1023
0.57	7.27273e-05	7.27273e-05	7.27273e-05	7.27273e-05	935
0.571	0.00073954	0.00073954	0.00073954	0.00073954	999
0.572	0.00023134	0.00023134	0.00023134	0.00023134	970
0.573	0.000333868	0.000333868	0.000333868	0.000333868	998
0.574	0.00048393	0.00048393	0.00048393	0.00048393	977
0.575	0.00125686	0.00125686	0.00125686	0.00125686	1020
0.576	0.00018713	0.00018713	0.00018713	0.00018713	979
0.577	3.36557e-05	3.36557e-05	3.36557e-05	3.36557e-05	1034
0.578	-0.000360461	-0.000360461	-0.000360461	-0.000360461	1042
0.579	-0.000331828	-0.000331828	-0.000331828	-0.000331828	974
0.58	0.000230872	0.000230872	0.000230872	0.000230872	1043
0.581	-0.000146806	-0.000146806	-0.000146806	-0.000146806	1049
0.582	0.000460456	0.000460456	0.000460456	0.000460456	1052
0.583	-0.000249187	-0.000249187	-0.000249187	-0.000249187	1045
0.584	0.000225845	0.000225845	0.000225845	0.000225845	1006
0.585	0.000286842	0.000286842	0.000286842	0.000286842	1064
0.586	-6.92236e-05	-6.92236e-05	-6.92236e-05	-6.92236e-05	1069
0.587	-0.000259981	-0.000259981	-0.000259981	-0.000259981	1057
0.588	-0.000566914	-0.000566914	-0.000566914	-0.000566914	1076
0.589	-0.000543389	-0.000543389	-0.000543389	-0.000543389	1021
0.59	-0.000447059	-0.000447059	-0.000447059	-0.000447059	1037
0.591	-0.00120407	-0.00120407	-0.00120407	-0.00120407	983
0.592	-0.000341107	-0.000341107	-0.000341107	-0.000341107	1012
0.593	-2.88809e-05	-2.88809e-05	-2.88809e-05	-2.88809e-05	1108
0.594	-0.000654118	-0.000654118	-0.000654118	-0.000654118	1020
0.595	-0.000224438	-0.000224438	-0.000224438	-0.000224438	1023
0.596	0.000115429	0.000115429	0.000115429	0.000115429	1050
0.597	-0.000392157	-0.000392157	-0.000392157	-0.000392157	1020
0.598	-0.000216147	-0.000216147	-0.000216147	-0.000216147	1090
0.599	0.000453702	0.000453702	0.000453702	0.000453702	1013
0.6	0.00061899	0.00061899	0.00061899	0.00061899	990
0.601	-2.6513e-05	-2.6513e-05	-2.6513e-05	-2.6513e-05	1041
0.602	-5.90291e-05	-5.90291e-05	-5.90291e-05	-5.90291e-05	1030
0.603	-0.000748272	-0.000748272	-0.000748272	-0.000748272	1013
0.604	-0.000349586	-0.000349586	-0.000349586	-0.000349586	1087
0.605	-0.000471402	-0.000471402	-0.000471402	-0.000471402	1070
0.606	-0.000738462	-0.000738462	-0.000738462	-0.000738462	1079
0.607	0.000233751	0.000233751	0.000233751	0.000233751	1037
0.608	-0.000582949	-0.000582949	-0.000582949	-0.000582949	997
0.609	-0.000226966	-0.000226966	-0.000226966	-0.000226966	1068
0.61	0.000119305	0.000119305	0.000119305	0.000119305	1093
0.611	0.000463301	0.000463301	0.000463301	0.000463301	1030
0.612	-0.000186641	-0.000186641	-0.000186641	-0.000186641	1048
0.613	0.000335267	0.000335267	0.000335267	0.000335267	1069
0.614	-0.000404541	-0.000404541	-0.000404541	-0.000404541	1057
0.615	-3.36032e-05	-3.36032e-05	-3.36032e-05	-3.36032e-05	988
0.616	0.000531769	0.000531769	0.000531769	0.000531769	1023
0.617	-0.000289243	-0.000289243	-0.000289243	-0.000289243	1004
0.618	0.000380392	0.000380392	0.000380392	0.000380392	1020
0.619	-7.1183e-05	-7.1183e-05	-7.1183e-05	-7.1183e-05	989
0.62	-0.000338492	-0.000338492	-0.000338492	-0.000338492	995
0.621	-0.000367668	-0.000367668	-0.000367668	-0.000367668	965
0.622	-7.94979e-05	-7.94979e-05	-7.94979e-05	-7.94979e-05	956
0.623	-0.0006	-0.0006	-0.0006	-0.0006	998
0.624	-0.000316511	-0.000316511	-0.000316511	-0.000316511	963
0.625	-0.000240569	-0.000240569	-0.000240569	-0.000240569	1124
0.626	0.000668345	0.000668345	0.000668345	0.000668345	1033
0.627	-0.000223643	-0.000223643	-0.000223643	-0.000223643	1032
0.628	-0.000568724	-0.000568724	-0.000568724	-0.000568724	972
0.629	-0.000859753	-0.000859753	-0.000859753	-0.000859753	1051
0.63	-0.000916616	-0.000916616	-0.000916616	-0.000916616	981
0.631	-0.00121338	-0.00121338	-0.00121338	-0.00121338	1046
0.632	-0.000694655	-0.000694655	-0.000694655	-0.000694655	1029
0.633	-0.000588123	-0.000588123	-0.000588123	-0.000588123	1044
0.634	-0.00072381	-0.00072381	-0.00072381	-0.00072381	966
0.635	-0.000473662	-0.000473662	-0.000473662	-0.000473662	934
0.636	-0.000562917	-0.000562917	-0.000562917	-0.000562917	960
0.637	-0.000165708	-0.000165708	-0.000165708	-0.000165708	939
0.638	-0.00114481	-0.00114481	-0.00114481	-0.00114481	935
0.639	-0.00110874	-0.00110874	-0.00110874	-0.00110874	973
0.64	-0.000748919	-0.000748919	-0.000748919	-0.000748919	971
0.641	-0.000756219	-0.000756219	-0.000756219	-0.000756219	1005
0.642	-0.00122092	-0.00122092	-0.00122092	-0.00122092	975
0.643	-0.000107445	-0.000107445	-0.000107445	-0.000107445	994
0.644	-0.000578778	-0.000578778	-0.000578778	-0.000578778	933
0.645	-0.000573029	-0.000573029	-0.000573029	-0.000573029	964
0.646	-0.000430896	-0.000430896	-0.000430896	-0.000430896	971
0.647	-0.000793859	-0.000793859	-0.000793859	-0.000793859	977
0.648	-0.000521022	-0.000521022	-0.000521022	-0.000521022	1018
0.649	-0.000815711	-0.000815711	-0.000815711	-0.000815711	942
0.65	-0.000301414	-0.000301414	-0.000301414	-0.000301414	990
0.651	-0.000570512	-0.000570512	-0.000570512	-0.000570512	997
0.652	-0.000130973	-0.000130973	-0.000130973	-0.000130973	1017
0.653	-0.000389794	-0.000389794	-0.000389794	-0.000389794	1019
0.654	0.000384508	0.000384508	0.000384508	0.000384508	1007
0.655	-0.000329412	-0.000329412	-0.000329412	-0.000329412	1054
0.656	-0.000280695	-0.000280695	-0.000280695	-0.000280695	1036
0.657	0.000223308	0.000223308	0.000223308	0.000223308	1064
0.658	0.00025639	0.00025639	0.00025639	0.00025639	1025
0.659	-0.000357088	-0.000357088	-0.000357088	-0.000357088	1044
0.66	-0.00029369	-0.00029369	-0.00029369	-0.00029369	1046
0.661	-0.000312871	-0.000312871	-0.000312871	-0.000312871	1010
0.662	0.000892471	0.000892471	0.000892471	0.000892471	943
0.663	3.82892e-05	3.82892e-05	3.82892e-05	3.82892e-05	982
0.664	0.000204651	0.000204651	0.000204651	0.000204651	1032
0.665	0.000319433	0.000319433	0.000319433	0.000319433	988
0.666	-0.000366939	-0.000366939	-0.000366939	-0.000366939	980
0.667	-0.00023754	-0.00023754	-0.00023754	-0.00023754	943
0.668	2.95359e-05	2.95359e-05	2.95359e-05	2.95359e-05	948
0.669	-0.000876151	-0.000876151	-0.000876151	-0.000876151	977
0.67	0.0002347	0.0002347	0.0002347	0.0002347	951
0.671	0.00023494	0.00023494	0.00023494	0.00023494	996
0.672	-0.000316816	-0.000316816	-0.000316816	-0.000316816	1005
0.673	-3.69295e-05	-3.69295e-05	-3.69295e-05	-3.69295e-05	964
0.674	-0.000170394	-0.000170394	-0.000170394	-0.000170394	939
0.675	-0.000255084	-0.000255084	-0.000255084	-0.000255084	1013
0.676	-0.000198431	-0.000198431	-0.000198431	-0.000198431	1020
0.677	0.000238351	0.000238351	0.000238351	0.000238351	970
0.678	-0.00036785	-0.00036785	-0.00036785	-0.00036785	958
0.679	-7.71229e-05	-7.71229e-05	-7.71229e-05	-7.71229e-05	1001
0.68	-0.00034071	-0.00034071	-0.00034071	-0.00034071	958
0.681	-0.000199211	-0.000199211	-0.000199211	-0.000199211	1014
0.682	0.000723378	0.000723378	0.000723378	0.000723378	971
0.683	0.000244402	0.000244402	0.000244402	0.000244402	1036
0.684	-0.000738828	-0.000738828	-0.000738828	-0.000738828	1007
0.685	0.000351102	0.000351102	0.000351102	0.000351102	998
0.686	-0.000465053	-0.000465053	-0.000465053	-0.000465053	1033
0.687	-0.000245783	-0.000245783	-0.000245783	-0.000245783	996
0.688	-0.000386315	-0.000386315	-0.000386315	-0.000386315	1023
0.689	2.19231e-05	2.19231e-05	2.19231e-05	2.19231e-05	1040
0.69	-0.00120238	-0.00120238	-0.00120238	-0.00120238	1009
0.691	-0.000312882	-0.000312882	-0.000312882	-0.000312882	1079
0.692	-0.000519431	-0.000519431	-0.000519431	-0.000519431	1055
0.693	-6.40148e-05	-6.40148e-05	-6.40148e-05	-6.40148e-05	1081
0.694	-0.00080202	-0.00080202	-0.00080202	-0.00080202	990
0.695	-0.000503704	-0.000503704	-0.000503704	-0.000503704	1026
0.696	-0.00010497	-0.00010497	-0.00010497	-0.00010497	1006
0.697	-0.000477469	-0.000477469	-0.000477469	-0.000477469	1043
0.698	-0.000180334	-0.000180334	-0.000180334	-0.000180334	1078
0.699	-0.00019212	-0.00019212	-0.00019212	-0.00019212	1066
0.7	-0.000691429	-0.000691429	-0.000691429	-0.000691429	1050
0.701	0.000196548	0.000196548	0.000196548	0.000196548	985
0.702	-0.000187033	-0.000187033	-0.000187033	-0.000187033	1018
0.703	3.20475e-05	3.20475e-05	3.20475e-05	3.20475e-05	1011
0.704	-0.000910763	-0.000910763	-0.000910763	-0.000910763	1022
0.705	-2.78507e-05	-2.78507e-05	-2.78507e-05	-2.78507e-05	991
0.706	-0.000154475	-0.000154475	-0.000154475	-0.000154475	1028
0.707	-0.000751896	-0.000751896	-0.000751896	-0.000751896	1081
0.708	-0.000288713	-0.000288713	-0.000288713	-0.000288713	1010
0.709	-0.000467764	-0.000467764	-0.000467764	-0.000467764	1033
0.71	-0.00035514	-0.00035514	-0.00035514	-0.00035514	1070
0.711	-0.00065668	-0.00065668	-0.00065668	-0.00065668	988
0.712	-0.00021665	-0.00021665	-0.00021665	-0.00021665	1021
0.713	0.000621846	0.000621846	0.000621846	0.000621846	1062
0.714	-0.000191566	-0.000191566	-0.000191566	-0.000191566	996
0.715	0.000511984	0.000511984	0.000511984	0.000511984	1018
0.716	0.00053766	0.00053766	0.00053766	0.00053766	1017
0.717	0.000573864	0.000573864	0.000573864	0.000573864	1056
0.718	0.000134916	0.000134916	0.000134916	0.000134916	1011
0.719	0.000311067	0.000311067	0.000311067	0.000311067	1012
0.72	0.000294615	0.000294615	0.000294615	0.000294615	1040
0.721	0.000683349	0.000683349	0.000683349	0.000683349	1039
0.722	0.000467187	0.000467187	0.000467187	0.000467187	1024
0.723	0.000359403	0.000359403	0.000359403	0.000359403	1005
0.724	0.000348308	0.000348308	0.000348308	0.000348308	975
0.725	-0.000531313	-0.000531313	-0.000531313	-0.000531313	990
0.726	0.000445053	0.000445053	0.000445053	0.000445053	950
0.727	0.000890678	0.000890678	0.000890678	0.000890678	944
0.728	0.000651981	0.000651981	0.000651981	0.000651981	1035
0.729	0.000896667	0.000896667	0.000896667	0.000896667	960
0.73	0.000436727	0.000436727	0.000436727	0.000436727	1002
0.731	-0.000607739	-0.000607739	-0.000607739	-0.000607739	982
0.732	-0.000745171	-0.000745171	-0.000745171	-0.000745171	963
0.733	0.000163694	0.000163694	0.000163694	0.000163694	953
0.734	-0.000480872	-0.000480872	-0.000480872	-0.000480872	1009
0.735	-0.000409485	-0.000409485	-0.000409485	-0.000409485	970
0.736	-2.84222e-05	-2.84222e-05	-2.84222e-05	-2.84222e-05	957
0.737	-0.000550846	-0.000550846	-0.000550846	-0.000550846	1005
0.738	-0.000400397	-0.000400397	-0.000400397	-0.000400397	1008
0.739	-0.000898872	-0.000898872	-0.000898872	-0.000898872	975
0.74	-0.000853501	-0.000853501	-0.000853501	-0.000853501	957
0.741	0.000115407	0.000115407	0.000115407	0.000115407	1019
0.742	-0.000219665	-0.000219665	-0.000219665	-0.000219665	956
0.743	-0.000350936	-0.000350936	-0.000350936	-0.000350936	962
0.744	-0.000605876	-0.000605876	-0.000605876	-0.000605876	987
0.745	-2.94985e-05	-2.94985e-05	-2.94985e-05	-2.94985e-05	1017
0.746	-0.000598924	-0.000598924	-0.000598924	-0.000598924	929
0.747	-0.00124708	-0.00124708	-0.00124708	-0.00124708	1045
0.748	-0.000751154	-0.000751154	-0.000751154	-0.000751154	1040
0.749	-0.00054538	-0.00054538	-0.00054538	-0.00054538	974
0.75	-0.000225412	-0.000225412	-0.000225412	-0.000225412	1031
0.751	-0.000558475	-0.000558475	-0.000558475	-0.000558475	997
0.752	-0.000561237	-0.000561237	-0.000561237	-0.000561237	970
0.753	0.000373896	0.000373896	0.000373896	0.000373896	996
0.754	-0.000153267	-0.000153267	-0.000153267	-0.000153267	1010
0.755	-0.000866978	-0.000866978	-0.000866978	-0.000866978	1069
0.756	-0.000141298	-0.000141298	-0.000141298	-0.000141298	971
0.757	-0.000429801	-0.000429801	-0.000429801	-0.000429801	953
0.758	-0.000570552	-0.000570552	-0.000570552	-0.000570552	978
0.759	-0.000436179	-0.000436179	-0.000436179	-0.000436179	984
0.76	-0.000562647	-0.000562647	-0.000562647	-0.000562647	937
0.761	-0.00060021	-0.00060021	-0.00060021	-0.00060021	953
0.762	7.86885e-05	7.86885e-05	7.86885e-05	7.86885e-05	976
0.763	-0.000280992	-0.000280992	-0.000280992	-0.000280992	968
0.764	-0.000287677	-0.000287677	-0.000287677	-0.000287677	990
0.765	-0.000409342	-0.000409342	-0.000409342	-0.000409342	942
0.766	-4.846e-05	-4.846e-05	-4.846e-05	-4.846e-05	974
0.767	-0.000468233	-0.000468233	-0.000468233	-0.000468233	979
0.768	-1.28e-05	-1.28e-05	-1.28e-05	-1.28e-05	1000
0.769	-0.000830525	-0.000830525	-0.000830525	-0.000830525	1009
0.77	-0.000806406	-0.000806406	-0.000806406	-0.000806406	999
0.771	-0.000953782	-0.000953782	-0.000953782	-0.000953782	952
0.772	-0.000253855	-0.000253855	-0.000253855	-0.000253855	895
0.773	-0.000750533	-0.000750533	-0.000750533	-0.000750533	938
0.774	-0.000132934	-0.000132934	-0.000132934	-0.000132934	1002
0.775	0.000821918	0.000821918	0.000821918	0.000821918	949
0.776	0.000499894	0.000499894	0.000499894	0.000499894	941
0.777	0.000793946	0.000793946	0.000793946	0.000793946	991
0.778	0.000328767	0.000328767	0.000328767	0.000328767	1022
0.779	-2.97619e-05	-2.97619e-05	-2.97619e-05	-2.97619e-05	1008
0.78	0.000223038	0.000223038	0.000223038	0.000223038	981
0.781	0.000391165	0.000391165	0.000391165	0.000391165	996
0.782	0.000289113	0.000289113	0.000289113	0.000289113	992
0.783	1.96242e-05	1.96242e-05	1.96242e-05	1.96242e-05	958
0.784	0.000185029	0.000185029	0.000185029	0.000185029	1042
0.785	0.000278261	0.000278261	0.000278261	0.000278261	1012
0.786	-8.30861e-05	-8.30861e-05	-8.30861e-05	-8.30861e-05	1011
0.787	-0.00079397	-0.00079397	-0.00079397	-0.00079397	995
0.788	0.000603543	0.000603543	0.000603543	0.000603543	1016
0.789	6.49402e-05	6.49402e-05	6.49402e-05	6.49402e-05	1004
0.79	0.000350947	0.000350947	0.000350947	0.000350947	1003
0.791	-0.000869959	-0.000869959	-0.000869959	-0.000869959	972
0.792	0.000121962	0.000121962	0.000121962	0.000121962	938
0.793	0.000315551	0.000315551	0.000315551	0.000315551	971
0.794	-0.000158466	-0.000158466	-0.000158466	-0.000158466	939
0.795	7.37651e-05	7.37651e-05	7.37651e-05	7.37651e-05	911
0.796	-0.000413306	-0.000413306	-0.000413306	-0.000413306	962
0.797	0.000182418	0.000182418	0.000182418	0.000182418	910
0.798	0.000160991	0.000160991	0.000160991	0.000160991	969
0.799	-0.000156952	-0.000156952	-0.000156952	-0.000156952	971
0.8	8.81427e-06	8.81427e-06	8.81427e-06	8.81427e-06	953
0.801	-0.0005417	-0.0005417	-0.0005417	-0.0005417	988
0.802	0.000170688	0.000170688	0.000170688	0.000170688	1003
0.803	-0.000271728	-0.000271728	-0.000271728	-0.000271728	1001
0.804	0.000280437	0.000280437	0.000280437	0.000280437	1007
0.805	-0.000451406	-0.000451406	-0.000451406	-0.000451406	996
0.806	6.19662e-05	6.19662e-05	6.19662e-05	6.19662e-05	1007
0.807	0.00028642	0.00028642	0.00028642	0.00028642	972
0.808	-0.000314167	-0.000314167	-0.000314167	-0.000314167	960
0.809	-0.000251509	-0.000251509	-0.000251509	-0.000251509	994
0.81	0.000539544	0.000539544	0.000539544	0.000539544	1009
0.811	0.000304536	0.000304536	0.000304536	0.000304536	1014
0.812	-0.000479079	-0.000479079	-0.000479079	-0.000479079	956
0.813	0.000809073	0.000809073	0.000809073	0.000809073	1014
0.814	0.000501715	0.000501715	0.000501715	0.000501715	991
0.815	0.00040521	0.00040521	0.00040521	0.00040521	998
0.816	-0.000328105	-0.000328105	-0.000328105	-0.000328105	918
0.817	0.000350849	0.000350849	0.000350849	0.000350849	1001
0.818	0.000606086	0.000606086	0.000606086	0.000606086	953
0.819	0.000432685	0.000432685	0.000432685	0.000432685	1028
0.82	-0.000296099	-0.000296099	-0.000296099	-0.000296099	974
0.821	4.96e-05	4.96e-05	4.96e-05	4.96e-05	1000
0.822	0.000292986	0.000292986	0.000292986	0.000292986	998
0.823	-2.0332e-05	-2.0332e-05	-2.0332e-05	-2.0332e-05	964
0.824	-2.13494e-05	-2.13494e-05	-2.13494e-05	-2.13494e-05	993
0.825	0.000537726	0.000537726	0.000537726	0.000537726	941
0.826	-0.000627467	-0.000627467	-0.000627467	-0.000627467	983
0.827	-0.000282128	-0.000282128	-0.000282128	-0.000282128	940
0.828	0.000758468	0.000758468	0.000758468	0.000758468	992
0.829	0.000885333	0.000885333	0.000885333	0.000885333	975
0.83	0.000419267	0.000419267	0.000419267	0.000419267	955
0.831	6.02193e-05	6.02193e-05	6.02193e-05	6.02193e-05	1003
0.832	-9.94036e-06	-9.94036e-06	-9.94036e-06	-9.94036e-06	1006
0.833	0.000352991	0.000352991	0.000352991	0.000352991	936
0.834	-0.000588889	-0.000588889	-0.000588889	-0.000588889	972
0.835	0.000285659	0.000285659	0.000285659	0.000285659	1025
0.836	2.9819e-06	2.9819e-06	2.9819e-06	2.9819e-06	939
0.837	0.000295455	0.000295455	0.000295455	0.000295455	968
0.838	-5.96838e-05	-5.96838e-05	-5.96838e-05	-5.96838e-05	1012
0.839	0.000912451	0.000912451	0.000912451	0.000912451	1028
0.84	0.000411122	0.000411122	0.000411122	0.000411122	1043
0.841	-4.41379e-05	-4.41379e-05	-4.41379e-05	-4.41379e-05	1015
0.842	1.31082e-05	1.31082e-05	1.31082e-05	1.31082e-05	1007
0.843	0.000749691	0.000749691	0.000749691	0.000749691	970
0.844	0.00024916	0.00024916	0.00024916	0.00024916	952
0.845	-0.00067543	-0.00067543	-0.00067543	-0.00067543	989
0.846	-0.00021057	-0.00021057	-0.00021057	-0.00021057	965
0.847	-0.000241477	-0.000241477	-0.000241477	-0.000241477	921
0.848	-3.23749e-05	-3.23749e-05	-3.23749e-05	-3.23749e-05	939
0.849	-3.67432e-05	-3.67432e-05	-3.67432e-05	-3.67432e-05	958
0.85	-0.000172088	-0.000172088	-0.000172088	-0.000172088	953
0.851	-0.000155184	-0.000155184	-0.000155184	-0.000155184	897
0.852	-0.000670515	-0.000670515	-0.000670515	-0.000670515	970
0.853	0.000114876	0.000114876	0.000114876	0.000114876	968
0.854	-0.0010392	-0.0010392	-0.0010392	-0.0010392	1000
0.855	-0.000545854	-0.000545854	-0.000545854	-0.000545854	1001
0.856	0.000219883	0.000219883	0.000219883	0.000219883	1026
0.857	-7.77328e-05	-7.77328e-05	-7.77328e-05	-7.77328e-05	988
0.858	5.56345e-05	5.56345e-05	5.56345e-05	5.56345e-05	985
0.859	-0.000319529	-0.000319529	-0.000319529	-0.000319529	1019
0.86	-0.000425024	-0.000425024	-0.000425024	-0.000425024	1055
0.861	-0.000550403	-0.000550403	-0.000550403	-0.000550403	992
0.862	-0.000378049	-0.000378049	-0.000378049	-0.000378049	984
0.863	-0.000766667	-0.000766667	-0.000766667	-0.000766667	1032
0.864	-0.00035122	-0.00035122	-0.00035122	-0.00035122	984
0.865	-0.000269034	-0.000269034	-0.000269034	-0.000269034	1014
0.866	0.000164956	0.000164956	0.000164956	0.000164956	1033
0.867	-6.49402e-05	-6.49402e-05	-6.49402e-05	-6.49402e-05	1004
0.868	4.21907e-05	4.21907e-05	4.21907e-05	4.21907e-05	986
0.869	-0.000572984	-0.000572984	-0.000572984	-0.000572984	992
0.87	-0.000188648	-0.000188648	-0.000188648	-0.000188648	969
0.871	0.000310454	0.000310454	0.000310454	0.000310454	1014
0.872	-6.10031e-05	-6.10031e-05	-6.10031e-05	-6.10031e-05	977
0.873	-0.000734381	-0.000734381	-0.000734381	-0.000734381	1018
0.874	-0.000602542	-0.000602542	-0.000602542	-0.000602542	1023
0.875	-0.000123819	-0.000123819	-0.000123819	-0.000123819	995
0.876	-0.000439612	-0.000439612	-0.000439612	-0.000439612	1030
0.877	-0.000704096	-0.000704096	-0.000704096	-0.000704096	1001
0.878	-0.0010102	-0.0010102	-0.0010102	-0.0010102	980
0.879	-9.15521e-05	-9.15521e-05	-9.15521e-05	-9.15521e-05	1018
0.88	5.18445e-06	5.18445e-06	5.18445e-06	5.18445e-06	1003
0.881	-0.000869601	-0.000869601	-0.000869601	-0.000869601	977
0.882	0.000423855	0.000423855	0.000423855	0.000423855	939
0.883	-0.000822199	-0.000822199	-0.000822199	-0.000822199	937
0.884	-0.000527749	-0.000527749	-0.000527749	-0.000527749	955
0.885	0.000107069	0.000107069	0.000107069	0.000107069	1061
0.886	-0.000557905	-0.000557905	-0.000557905	-0.000557905	1031
0.887	-2.86325e-05	-2.86325e-05	-2.86325e-05	-2.86325e-05	936
0.888	-0.000113456	-0.000113456	-0.000113456	-0.000113456	1033
0.889	-0.00043301	-0.00043301	-0.00043301	-0.00043301	1030
0.89	-0.000332016	-0.000332016	-0.000332016	-0.000332016	1012
0.891	-5.30693e-05	-5.30693e-05	-5.30693e-05	-5.30693e-05	1010
0.892	-0.000202037	-0.000202037	-0.000202037	-0.000202037	982
0.893	-0.000511861	-0.000511861	-0.000511861	-0.000511861	1037
0.894	-0.000224878	-0.000224878	-0.000224878	-0.000224878	1021
0.895	-0.000157198	-0.000157198	-0.000157198	-0.000157198	1028
0.896	7.32177e-06	7.32177e-06	7.32177e-06	7.32177e-06	1038
0.897	-0.0001139	-0.0001139	-0.0001139	-0.0001139	1036
0.898	-0.000408997	-0.000408997	-0.000408997	-0.000408997	1067
0.899	-4.64217e-05	-4.64217e-05	-4.64217e-05	-4.64217e-05	1034
0.9	-0.000185871	-0.000185871	-0.000185871	-0.000185871	1005
0.901	0.000143793	0.000143793	0.000143793	0.000143793	1007
0.902	-0.000289754	-0.000289754	-0.000289754	-0.000289754	976
0.903	-0.00011972	-0.00011972	-0.00011972	-0.00011972	999
0.904	0.000386995	0.000386995	0.000386995	0.000386995	1015
0.905	0.000511789	0.000511789	0.000511789	0.000511789	984
0.906	0.000144689	0.000144689	0.000144689	0.000144689	998
0.907	-6.51911e-05	-6.51911e-05	-6.51911e-05	-6.51911e-05	994
0.908	0.000118476	0.000118476	0.000118476	0.000118476	1050
0.909	4.66735e-05	4.66735e-05	4.66735e-05	4.66735e-05	977
0.91	-0.00012822	-0.00012822	-0.00012822	-0.00012822	1017
0.911	-0.000588235	-0.000588235	-0.000588235	-0.000588235	952
0.912	-2.61682e-05	-2.61682e-05	-2.61682e-05	-2.61682e-05	963
0.913	-0.000351438	-0.000351438	-0.000351438	-0.000351438	939
0.914	-0.000105952	-0.000105952	-0.000105952	-0.000105952	1008
0.915	-0.000780613	-0.000780613	-0.000780613	-0.000780613	1011
0.916	-0.000609009	-0.000609009	-0.000609009	-0.000609009	999
0.917	-0.000602718	-0.000602718	-0.000602718	-0.000602718	1030
0.918	0.000129461	0.000129461	0.000129461	0.000129461	964
0.919	-0.000646687	-0.000646687	-0.000646687	-0.000646687	981
0.92	1.14738e-05	1.14738e-05	1.14738e-05	1.14738e-05	1011
0.921	-0.000616634	-0.000616634	-0.000616634	-0.000616634	1010
0.922	-0.000387276	-0.000387276	-0.000387276	-0.000387276	1006
0.923	-0.000376218	-0.000376218	-0.000376218	-0.000376218	1026
0.924	-0.000726025	-0.000726025	-0.000726025	-0.000726025	1049
0.925	-0.000219219	-0.000219219	-0.000219219	-0.000219219	947
0.926	-0.000301273	-0.000301273	-0.000301273	-0.000301273	1021
0.927	1.43133e-05	1.43133e-05	1.43133e-05	1.43133e-05	1034
0.928	-0.000957198	-0.000957198	-0.000957198	-0.000957198	1028
0.929	-0.000147935	-0.000147935	-0.000147935	-0.000147935	1041
0.93	-0.000512593	-0.000512593	-0.000512593	-0.000512593	945
0.931	0.000541659	0.000541659	0.000541659	0.000541659	1025
0.932	0.000265753	0.000265753	0.000265753	0.000265753	1022
0.933	0.00028538	0.00028538	0.00028538	0.00028538	1026
0.934	-0.000482966	-0.000482966	-0.000482966	-0.000482966	998
0.935	-0.000552461	-0.000552461	-0.000552461	-0.000552461	955
0.936	-0.00100607	-0.00100607	-0.00100607	-0.00100607	922
0.937	2.9106e-06	2.9106e-06	2.9106e-06	2.9106e-06	962
0.938	-0.000452947	-0.000452947	-0.000452947	-0.000452947	967
0.939	-0.000233164	-0.000233164	-0.000233164	-0.000233164	983
0.94	-0.000437865	-0.000437865	-0.000437865	-0.000437865	993
0.941	-0.000209968	-0.000209968	-0.000209968	-0.000209968	943
0.942	-0.00037217	-0.00037217	-0.00037217	-0.00037217	963
0.943	0.000303984	0.000303984	0.000303984	0.000303984	979
0.944	-0.000895967	-0.000895967	-0.000895967	-0.000895967	967
0.945	0.000192254	0.000192254	0.000192254	0.000192254	1007
0.946	-0.000356677	-0.000356677	-0.000356677	-0.000356677	951
0.947	-0.000576532	-0.000576532	-0.000576532	-0.000576532	963
0.948	-0.000320255	-0.000320255	-0.000320255	-0.000320255	943
0.949	0.000593562	0.000593562	0.000593562	0.000593562	963
0.95	0.000334604	0.000334604	0.000334604	0.000334604	997
0.951	0.000156218	0.000156218	0.000156218	0.000156218	973
0.952	-0.000619341	-0.000619341	-0.000619341	-0.000619341	941
0.953	-0.000685468	-0.000685468	-0.000685468	-0.000685468	929
0.954	-0.000534036	-0.000534036	-0.000534036	-0.000534036	949
0.955	-0.000306195	-0.000306195	-0.000306195	-0.000306195	904
0.956	-0.000466593	-0.000466593	-0.000466593	-0.000466593	901
0.957	-0.00101489	-0.00101489	-0.00101489	-0.00101489	940
0.958	-0.00102347	-0.00102347	-0.00102347	-0.00102347	963
0.959	-0.000699439	-0.000699439	-0.000699439	-0.000699439	891
0.96	-0.00056902	-0.00056902	-0.00056902	-0.00056902	949
0.961	-0.000159405	-0.000159405	-0.000159405	-0.000159405	941
0.962	0.000337984	0.000337984	0.000337984	0.000337984	903
0.963	-0.00112	-0.00112	-0.00112	-0.00112	960
0.964	-0.000268663	-0.000268663	-0.000268663	-0.000268663	1002
0.965	4.04255e-05	4.04255e-05	4.04255e-05	4.04255e-05	940
0.966	-0.000323282	-0.000323282	-0.000323282	-0.000323282	902
0.967	0.000405491	0.000405491	0.000405491	0.000405491	947
0.968	8.76652e-05	8.76652e-05	8.76652e-05	8.76652e-05	908
0.969	-0.00079913	-0.00079913	-0.00079913	-0.00079913	920
0.97	-0.000448938	-0.000448938	-0.000448938	-0.000448938	989
0.971	-0.000796909	-0.000796909	-0.000796909	-0.000796909	906
0.972	-0.000274074	-0.000274074	-0.000274074	-0.000274074	972
0.973	0.000229727	0.000229727	0.000229727	0.000229727	989
0.974	0.000125296	0.000125296	0.000125296	0.000125296	929
0.975	-0.000239394	-0.000239394	-0.000239394	-0.000239394	1056
0.976	0.000117532	0.000117532	0.000117532	0.000117532	1021
0.977	0.000467941	0.000467941	0.000467941	0.000467941	942
0.978	0.00091236	0.00091236	0.00091236	0.00091236	979
0.979	0.000246	0.000246	0.000246	0.000246	1000
0.98	-2.80374e-05	-2.80374e-05	-2.80374e-05	-2.80374e-05	1070
0.981	0.000489861	0.000489861	0.000489861	0.000489861	1006
0.982	0.000875314	0.000875314	0.000875314	0.000875314	956
0.983	0.000577226	0.000577226	0.000577226	0.000577226	966
0.984	0.000422869	0.000422869	0.000422869	0.000422869	997
0.985	0.000751189	0.000751189	0.000751189	0.000751189	967
0.986	-7.5e-05	-7.5e-05	-7.5e-05	-7.5e-05	992
0.987	0.000578571	0.000578571	0.000578571	0.000578571	1008
0.988	0.000279365	0.000279365	0.000279365	0.000279365	1008
0.989	-0.000173712	-0.000173712	-0.000173712	-0.000173712	951
0.99	-0.000158585	-0.000158585	-0.000158585	-0.000158585	961
0.991	4.35897e-05	4.35897e-05	4.35897e-05	4.35897e-05	936
0.992	-0.000308932	-0.000308932	-0.000308932	-0.000308932	918
0.993	-0.000148133	-0.000148133	-0.000148133	-0.000148133	964
0.994	0.000432277	0.000432277	0.000432277	0.000432277	1041
0.995	0.000487805	0.000487805	0.000487805	0.000487805	943
0.996	-9.01758e-05	-9.01758e-05	-9.01758e-05	-9.01758e-05	967
0.997	-0.000512598	-0.000512598	-0.000512598	-0.000512598	1016
0.998	2.62564e-05	2.62564e-05	2.62564e-05	2.62564e-05	975
0.999	-0.000356589	-0.000356589	-0.000356589	-0.000356589	1032
1	-6.17284e-05	-6.17284e-05	-6.17284e-05	-6.17284e-05	972
