0.001	0.0862923	0.0862923	0.0862923	0.0862923	1151
0.002	0.080692	0.080692	0.080692	0.080692	752
0.003	0.0725691	0.0725691	0.0725691	0.0725691	556
0.004	0.0666483	0.0666483	0.0666483	0.0666483	443
0.005	0.0593059	0.0593059	0.0593059	0.0593059	427
0.006	0.0543095	0.0543095	0.0543095	0.0543095	380
0.007	0.047519	0.047519	0.047519	0.047519	311
0.008	0.0508278	0.0508278	0.0508278	0.0508278	288
0.009	0.0459568	0.0459568	0.0459568	0.0459568	250
0.01	0.0492457	0.0492457	0.0492457	0.0492457	219
0.011	0.0343026	0.0343026	0.0343026	0.0343026	193
0.012	0.0338749	0.0338749	0.0338749	0.0338749	195
0.013	0.0314733	0.0314733	0.0314733	0.0314733	161
0.014	0.0220086	0.0220086	0.0220086	0.0220086	140
0.015	0.0194138	0.0194138	0.0194138	0.0194138	159
0.016	0.0218127	0.0218127	0.0218127	0.0218127	158
0.017	0.0220899	0.0220899	0.0220899	0.0220899	169
0.018	0.0183213	0.0183213	0.0183213	0.0183213	178
0.019	0.0180451	0.0180451	0.0180451	0.0180451	133
0.02	0.0187024	0.0187024	0.0187024	0.0187024	123
0.021	0.0189458	0.0189458	0.0189458	0.0189458	118
0.022	0.0107854	0.0107854	0.0107854	0.0107854	137
0.023	0.00925806	0.00925806	0.00925806	0.00925806	124
0.024	0.0103023	0.0103023	0.0103023	0.0103023	131
0.025	0.0142032	0.0142032	0.0142032	0.0142032	126
0.026	0.0160863	0.0160863	0.0160863	0.0160863	139
0.027	0.00815946	0.00815946	0.00815946	0.00815946	148
0.028	0.0109402	0.0109402	0.0109402	0.0109402	117
0.029	0.0105383	0.0105383	0.0105383	0.0105383	133
0.03	0.00709474	0.00709474	0.00709474	0.00709474	133
0.031	0.0066048	0.0066048	0.0066048	0.0066048	125
0.032	0.00734519	0.00734519	0.00734519	0.00734519	135
0.033	0.00625937	0.00625937	0.00625937	0.00625937	128
0.034	0.00392152	0.00392152	0.00392152	0.00392152	158
0.035	0.00258592	0.00258592	0.00258592	0.00258592	142
0.036	0.0110303	0.0110303	0.0110303	0.0110303	132
0.037	0.00326345	0.00326345	0.00326345	0.00326345	145
0.038	0.00498182	0.00498182	0.00498182	0.00498182	154
0.039	0.00418356	0.00418356	0.00418356	0.00418356	146
0.04	0.00729536	0.00729536	0.00729536	0.00729536	151
0.041	0.00808819	0.00808819	0.00808819	0.00808819	127
0.042	0.00697054	0.00697054	0.00697054	0.00697054	129
0.043	0.00778462	0.00778462	0.00778462	0.00778462	143
0.044	0.00618301	0.00618301	0.00618301	0.00618301	153
0.045	0.00553016	0.00553016	0.00553016	0.00553016	126
0.046	0.00981102	0.00981102	0.00981102	0.00981102	127
0.047	0.00517714	0.00517714	0.00517714	0.00517714	140
0.048	0.00382973	0.00382973	0.00382973	0.00382973	148
0.049	0.00317252	0.00317252	0.00317252	0.00317252	131
0.05	0.00525271	0.00525271	0.00525271	0.00525271	129
0.051	0.00617808	0.00617808	0.00617808	0.00617808	146
0.052	0.00179701	0.00179701	0.00179701	0.00179701	134
0.053	0.00151579	0.00151579	0.00151579	0.00151579	133
0.054	0.00705816	0.00705816	0.00705816	0.00705816	141
0.055	0.00302326	0.00302326	0.00302326	0.00302326	129
0.056	0.00228571	0.00228571	0.00228571	0.00228571	147
0.057	0.00386667	0.00386667	0.00386667	0.00386667	144
0.058	0.00191148	0.00191148	0.00191148	0.00191148	122
0.059	-4.28571e-05	-4.28571e-05	-4.28571e-05	-4.28571e-05	112
0.06	0.00556667	0.00556667	0.00556667	0.00556667	84
0.061	0.00286207	0.00286207	0.00286207	0.00286207	116
0.062	0.00342903	0.00342903	0.00342903	0.00342903	124
0.063	0.00267636	0.00267636	0.00267636	0.00267636	110
0.064	0.00408462	0.00408462	0.00408462	0.00408462	104
0.065	-0.000914851	-0.000914851	-0.000914851	-0.000914851	101
0.066	0.00119252	0.00119252	0.00119252	0.00119252	107
0.067	0.00248485	0.00248485	0.00248485	0.00248485	99
0.068	0.00123529	0.00123529	0.00123529	0.00123529	102
0.069	0.0014729	0.0014729	0.0014729	0.0014729	107
0.07	0.00373913	0.00373913	0.00373913	0.00373913	92
0.071	0.00238559	0.00238559	0.00238559	0.00238559	111
0.072	-0.002484	-0.002484	-0.002484	-0.002484	100
0.073	-0.00232762	-0.00232762	-0.00232762	-0.00232762	105
0.074	-0.000558416	-0.000558416	-0.000558416	-0.000558416	101
0.075	-0.00216311	-0.00216311	-0.00216311	-0.00216311	103
0.076	0.000316667	0.000316667	0.000316667	0.000316667	96
0.077	0.00594043	0.00594043	0.00594043	0.00594043	94
0.078	0.00662069	0.00662069	0.00662069	0.00662069	87
0.079	0.00234109	0.00234109	0.00234109	0.00234109	129
0.08	0.00145899	0.00145899	0.00145899	0.00145899	139
0.081	-0.000591045	-0.000591045	-0.000591045	-0.000591045	134
0.082	0.00433103	0.00433103	0.00433103	0.00433103	116
0.083	0.00302595	0.00302595	0.00302595	0.00302595	131
0.084	0.0058	0.0058	0.0058	0.0058	154
0.085	0.00390427	0.00390427	0.00390427	0.00390427	117
0.086	0.00280267	0.00280267	0.00280267	0.00280267	150
0.087	0.00135429	0.00135429	0.00135429	0.00135429	140
0.088	0.00123688	0.00123688	0.00123688	0.00123688	141
0.089	0.000415504	0.000415504	0.000415504	0.000415504	129
0.09	0.00325753	0.00325753	0.00325753	0.00325753	146
0.091	0.00230078	0.00230078	0.00230078	0.00230078	129
0.092	0.0031904	0.0031904	0.0031904	0.0031904	125
0.093	0.000231579	0.000231579	0.000231579	0.000231579	114
0.094	0.00116741	0.00116741	0.00116741	0.00116741	135
0.095	0.00266349	0.00266349	0.00266349	0.00266349	126
0.096	0.0031322	0.0031322	0.0031322	0.0031322	118
0.097	0.00436364	0.00436364	0.00436364	0.00436364	99
0.098	0.00116639	0.00116639	0.00116639	0.00116639	119
0.099	-4.15094e-05	-4.15094e-05	-4.15094e-05	-4.15094e-05	106
0.1	7.52475e-05	7.52475e-05	7.52475e-05	7.52475e-05	101
0.101	-0.000124444	-0.000124444	-0.000124444	-0.000124444	135
0.102	-0.00259574	-0.00259574	-0.00259574	-0.00259574	141
0.103	0.00101782	0.00101782	0.00101782	0.00101782	101
0.104	0.00178151	0.00178151	0.00178151	0.00178151	119
0.105	0.00163419	0.00163419	0.00163419	0.00163419	117
0.106	-0.00175	-0.00175	-0.00175	-0.00175	104
0.107	0.00044	0.00044	0.00044	0.00044	120
0.108	-0.00102752	-0.00102752	-0.00102752	-0.00102752	109
0.109	-0.0006144	-0.0006144	-0.0006144	-0.0006144	125
0.11	0.0014931	0.0014931	0.0014931	0.0014931	116
0.111	-0.000225806	-0.000225806	-0.000225806	-0.000225806	124
0.112	0.00209057	0.00209057	0.00209057	0.00209057	106
0.113	0.000832432	0.000832432	0.000832432	0.000832432	111
0.114	0.00114495	0.00114495	0.00114495	0.00114495	109
0.115	-0.000765714	-0.000765714	-0.000765714	-0.000765714	105
0.116	-0.000385965	-0.000385965	-0.000385965	-0.000385965	114
0.117	-0.00335619	-0.00335619	-0.00335619	-0.00335619	105
0.118	-0.00146792	-0.00146792	-0.00146792	-0.00146792	106
0.119	0.00423689	0.00423689	0.00423689	0.00423689	103
0.12	0.00163871	0.00163871	0.00163871	0.00163871	124
0.121	0.00148522	0.00148522	0.00148522	0.00148522	115
0.122	0.0008	0.0008	0.0008	0.0008	98
0.123	0.000550725	0.000550725	0.000550725	0.000550725	138
0.124	-0.00379535	-0.00379535	-0.00379535	-0.00379535	129
0.125	-0.00120333	-0.00120333	-0.00120333	-0.00120333	120
0.126	0.0028699	0.0028699	0.0028699	0.0028699	103
0.127	0.00114839	0.00114839	0.00114839	0.00114839	124
0.128	-0.00176115	-0.00176115	-0.00176115	-0.00176115	139
0.129	0.0015808	0.0015808	0.0015808	0.0015808	125
0.13	-0.00104158	-0.00104158	-0.00104158	-0.00104158	101
0.131	-0.00285455	-0.00285455	-0.00285455	-0.00285455	110
0.132	-0.0031552	-0.0031552	-0.0031552	-0.0031552	125
0.133	-0.00289174	-0.00289174	-0.00289174	-0.00289174	109
0.134	-0.00164545	-0.00164545	-0.00164545	-0.00164545	88
0.135	0.00212477	0.00212477	0.00212477	0.00212477	109
0.136	-0.00195955	-0.00195955	-0.00195955	-0.00195955	89
0.137	0.000216216	0.000216216	0.000216216	0.000216216	111
0.138	0.000820202	0.000820202	0.000820202	0.000820202	99
0.139	0.00368142	0.00368142	0.00368142	0.00368142	113
0.14	0.00149714	0.00149714	0.00149714	0.00149714	105
0.141	0.000616393	0.000616393	0.000616393	0.000616393	122
0.142	0.00235625	0.00235625	0.00235625	0.00235625	128
0.143	-0.00259032	-0.00259032	-0.00259032	-0.00259032	124
0.144	-0.00280714	-0.00280714	-0.00280714	-0.00280714	112
0.145	-0.00024	-0.00024	-0.00024	-0.00024	105
0.146	0.00112	0.00112	0.00112	0.00112	100
0.147	4.31373e-05	4.31373e-05	4.31373e-05	4.31373e-05	102
0.148	0.00216637	0.00216637	0.00216637	0.00216637	113
0.149	0.00303158	0.00303158	0.00303158	0.00303158	114
0.15	0.002544	0.002544	0.002544	0.002544	100
0.151	-0.00101333	-0.00101333	-0.00101333	-0.00101333	90
0.152	0.00194455	0.00194455	0.00194455	0.00194455	101
0.153	0.00224242	0.00224242	0.00224242	0.00224242	99
0.154	-7.16981e-05	-7.16981e-05	-7.16981e-05	-7.16981e-05	106
0.155	0.00183415	0.00183415	0.00183415	0.00183415	82
0.156	0.000208696	0.000208696	0.000208696	0.000208696	92
0.157	0.00287857	0.00287857	0.00287857	0.00287857	112
0.158	-0.00151429	-0.00151429	-0.00151429	-0.00151429	140
0.159	0.00347009	0.00347009	0.00347009	0.00347009	117
0.16	1.76991e-05	1.76991e-05	1.76991e-05	1.76991e-05	113
0.161	0.00157241	0.00157241	0.00157241	0.00157241	116
0.162	-0.000427068	-0.000427068	-0.000427068	-0.000427068	133
0.163	0.00162581	0.00162581	0.00162581	0.00162581	124
0.164	0.00110886	0.00110886	0.00110886	0.00110886	158
0.165	7.4359e-05	7.4359e-05	7.4359e-05	7.4359e-05	156
0.166	-0.00183448	-0.00183448	-0.00183448	-0.00183448	116
0.167	0.0013283	0.0013283	0.0013283	0.0013283	106
0.168	0.000692437	0.000692437	0.000692437	0.000692437	119
0.169	0.000796748	0.000796748	0.000796748	0.000796748	123
0.17	0.00183942	0.00183942	0.00183942	0.00183942	137
0.171	-0.00167797	-0.00167797	-0.00167797	-0.00167797	118
0.172	-0.00108378	-0.00108378	-0.00108378	-0.00108378	148
0.173	0.0008512	0.0008512	0.0008512	0.0008512	125
0.174	0.000360902	0.000360902	0.000360902	0.000360902	133
0.175	0.000724409	0.000724409	0.000724409	0.000724409	127
0.176	-0.000909402	-0.000909402	-0.000909402	-0.000909402	117
0.177	-0.000678125	-0.000678125	-0.000678125	-0.000678125	128
0.178	-0.000954128	-0.000954128	-0.000954128	-0.000954128	109
0.179	7.68212e-05	7.68212e-05	7.68212e-05	7.68212e-05	151
0.18	0.00153667	0.00153667	0.00153667	0.00153667	120
0.181	0.000386957	0.000386957	0.000386957	0.000386957	92
0.182	0.0010752	0.0010752	0.0010752	0.0010752	125
0.183	-0.00134261	-0.00134261	-0.00134261	-0.00134261	115
0.184	0.000402878	0.000402878	0.000402878	0.000402878	139
0.185	-0.0025472	-0.0025472	-0.0025472	-0.0025472	125
0.186	-0.00144638	-0.00144638	-0.00144638	-0.00144638	138
0.187	-0.000121905	-0.000121905	-0.000121905	-0.000121905	105
0.188	-0.00198532	-0.00198532	-0.00198532	-0.00198532	109
0.189	-0.00175932	-0.00175932	-0.00175932	-0.00175932	118
0.19	-0.000245902	-0.000245902	-0.000245902	-0.000245902	122
0.191	-0.00167576	-0.00167576	-0.00167576	-0.00167576	132
0.192	-0.00158438	-0.00158438	-0.00158438	-0.00158438	128
0.193	-0.000440288	-0.000440288	-0.000440288	-0.000440288	139
0.194	-0.0007808	-0.0007808	-0.0007808	-0.0007808	125
0.195	-0.00189355	-0.00189355	-0.00189355	-0.00189355	124
0.196	0.000939806	0.000939806	0.000939806	0.000939806	103
0.197	-0.0020708	-0.0020708	-0.0020708	-0.0020708	113
0.198	-0.000216514	-0.000216514	-0.000216514	-0.000216514	109
0.199	-0.00152857	-0.00152857	-0.00152857	-0.00152857	112
0.2	-0.0015531	-0.0015531	-0.0015531	-0.0015531	145
0.201	-0.000970588	-0.000970588	-0.000970588	-0.000970588	136
0.202	-0.00227397	-0.00227397	-0.00227397	-0.00227397	146
0.203	-0.00164407	-0.00164407	-0.00164407	-0.00164407	118
0.204	0.00222692	0.00222692	0.00222692	0.00222692	104
0.205	0.00206239	0.00206239	0.00206239	0.00206239	109
0.206	0.00328511	0.00328511	0.00328511	0.00328511	141
0.207	-0.000211429	-0.000211429	-0.000211429	-0.000211429	140
0.208	-0.00130233	-0.00130233	-0.00130233	-0.00130233	129
0.209	0.00316071	0.00316071	0.00316071	0.00316071	112
0.21	0.00454351	0.00454351	0.00454351	0.00454351	131
0.211	0.00105294	0.00105294	0.00105294	0.00105294	136
0.212	0.00241935	0.00241935	0.00241935	0.00241935	124
0.213	-0.00133008	-0.00133008	-0.00133008	-0.00133008	123
0.214	0.00246667	0.00246667	0.00246667	0.00246667	120
0.215	0.00287407	0.00287407	0.00287407	0.00287407	162
0.216	0.00134101	0.00134101	0.00134101	0.00134101	139
0.217	0.000522314	0.000522314	0.000522314	0.000522314	121
0.218	0.0037181	0.0037181	0.0037181	0.0037181	105
0.219	0.0012288	0.0012288	0.0012288	0.0012288	125
0.22	-0.000522523	-0.000522523	-0.000522523	-0.000522523	111
0.221	0.000835398	0.000835398	0.000835398	0.000835398	113
0.222	0.00440755	0.00440755	0.00440755	0.00440755	106
0.223	0.00370182	0.00370182	0.00370182	0.00370182	110
0.224	0.00414915	0.00414915	0.00414915	0.00414915	118
0.225	0.0028186	0.0028186	0.0028186	0.0028186	129
0.226	0.000223853	0.000223853	0.000223853	0.000223853	109
0.227	-0.000210526	-0.000210526	-0.000210526	-0.000210526	95
0.228	0.000271186	0.000271186	0.000271186	0.000271186	118
0.229	-0.00457444	-0.00457444	-0.00457444	-0.00457444	133
0.23	-0.00083	-0.00083	-0.00083	-0.00083	120
0.231	-0.00186452	-0.00186452	-0.00186452	-0.00186452	124
0.232	-0.000259259	-0.000259259	-0.000259259	-0.000259259	108
0.233	-0.00320672	-0.00320672	-0.00320672	-0.00320672	119
0.234	0.000794595	0.000794595	0.000794595	0.000794595	148
0.235	-0.000168595	-0.000168595	-0.000168595	-0.000168595	121
0.236	0.0018843	0.0018843	0.0018843	0.0018843	121
0.237	0.00243008	0.00243008	0.00243008	0.00243008	133
0.238	0.00242478	0.00242478	0.00242478	0.00242478	113
0.239	0.00427027	0.00427027	0.00427027	0.00427027	111
0.24	0.00188	0.00188	0.00188	0.00188	120
0.241	0.00129925	0.00129925	0.00129925	0.00129925	133
0.242	0.00110345	0.00110345	0.00110345	0.00110345	116
0.243	-0.000154839	-0.000154839	-0.000154839	-0.000154839	124
0.244	0.000854054	0.000854054	0.000854054	0.000854054	148
0.245	0.000915625	0.000915625	0.000915625	0.000915625	128
0.246	0.00041194	0.00041194	0.00041194	0.00041194	134
0.247	0.000325	0.000325	0.000325	0.000325	112
0.248	0.00229381	0.00229381	0.00229381	0.00229381	113
0.249	0.0002688	0.0002688	0.0002688	0.0002688	125
0.25	0.00171613	0.00171613	0.00171613	0.00171613	124
0.251	0.00143007	0.00143007	0.00143007	0.00143007	153
0.252	0.00120312	0.00120312	0.00120312	0.00120312	128
0.253	0.000711111	0.000711111	0.000711111	0.000711111	126
0.254	-0.000831746	-0.000831746	-0.000831746	-0.000831746	126
0.255	0.000437209	0.000437209	0.000437209	0.000437209	129
0.256	0.00168571	0.00168571	0.00168571	0.00168571	140
0.257	-0.000425	-0.000425	-0.000425	-0.000425	112
0.258	0.00183279	0.00183279	0.00183279	0.00183279	122
0.259	-0.00234435	-0.00234435	-0.00234435	-0.00234435	115
0.26	-0.000664567	-0.000664567	-0.000664567	-0.000664567	127
0.261	-0.00351655	-0.00351655	-0.00351655	-0.00351655	139
0.262	-0.00127353	-0.00127353	-0.00127353	-0.00127353	136
0.263	-0.00362569	-0.00362569	-0.00362569	-0.00362569	109
0.264	-0.00279649	-0.00279649	-0.00279649	-0.00279649	114
0.265	-0.000363934	-0.000363934	-0.000363934	-0.000363934	122
0.266	-0.0010209	-0.0010209	-0.0010209	-0.0010209	134
0.267	0.00328667	0.00328667	0.00328667	0.00328667	120
0.268	0.00574603	0.00574603	0.00574603	0.00574603	126
0.269	0.00307748	0.00307748	0.00307748	0.00307748	111
0.27	0.00251045	0.00251045	0.00251045	0.00251045	134
0.271	0.000629008	0.000629008	0.000629008	0.000629008	131
0.272	0.00394412	0.00394412	0.00394412	0.00394412	136
0.273	0.003	0.003	0.003	0.003	124
0.274	0.000186207	0.000186207	0.000186207	0.000186207	116
0.275	-0.00189254	-0.00189254	-0.00189254	-0.00189254	134
0.276	-0.00247059	-0.00247059	-0.00247059	-0.00247059	102
0.277	-0.000754839	-0.000754839	-0.000754839	-0.000754839	124
0.278	-0.00140328	-0.00140328	-0.00140328	-0.00140328	122
0.279	-0.00111852	-0.00111852	-0.00111852	-0.00111852	108
0.28	0.00177822	0.00177822	0.00177822	0.00177822	101
0.281	-0.000324138	-0.000324138	-0.000324138	-0.000324138	116
0.282	-0.00167434	-0.00167434	-0.00167434	-0.00167434	113
0.283	0.000598675	0.000598675	0.000598675	0.000598675	151
0.284	-0.000505556	-0.000505556	-0.000505556	-0.000505556	144
0.285	0.00122302	0.00122302	0.00122302	0.00122302	139
0.286	-0.00156084	-0.00156084	-0.00156084	-0.00156084	143
0.287	-0.00139542	-0.00139542	-0.00139542	-0.00139542	131
0.288	-0.00151143	-0.00151143	-0.00151143	-0.00151143	140
0.289	-0.0026365	-0.0026365	-0.0026365	-0.0026365	137
0.29	-0.00282769	-0.00282769	-0.00282769	-0.00282769	130
0.291	-0.00287	-0.00287	-0.00287	-0.00287	120
0.292	-0.00111273	-0.00111273	-0.00111273	-0.00111273	110
0.293	-0.000786486	-0.000786486	-0.000786486	-0.000786486	148
0.294	-0.000926027	-0.000926027	-0.000926027	-0.000926027	146
0.295	-0.000403361	-0.000403361	-0.000403361	-0.000403361	119
0.296	-0.000779487	-0.000779487	-0.000779487	-0.000779487	117
0.297	-0.000770213	-0.000770213	-0.000770213	-0.000770213	94
0.298	0.000410714	0.000410714	0.000410714	0.000410714	112
0.299	0.00251382	0.00251382	0.00251382	0.00251382	123
0.3	0.00151935	0.00151935	0.00151935	0.00151935	124
0.301	0.00197798	0.00197798	0.00197798	0.00197798	109
0.302	0.000895238	0.000895238	0.000895238	0.000895238	126
0.303	-0.00289677	-0.00289677	-0.00289677	-0.00289677	124
0.304	0.00121709	0.00121709	0.00121709	0.00121709	117
0.305	-0.00185366	-0.00185366	-0.00185366	-0.00185366	123
0.306	0.000505556	0.000505556	0.000505556	0.000505556	144
0.307	-0.000839394	-0.000839394	-0.000839394	-0.000839394	132
0.308	-0.000131148	-0.000131148	-0.000131148	-0.000131148	122
0.309	-0.00134687	-0.00134687	-0.00134687	-0.00134687	128
0.31	0.000322807	0.000322807	0.000322807	0.000322807	114
0.311	-0.00101333	-0.00101333	-0.00101333	-0.00101333	120
0.312	-0.00265366	-0.00265366	-0.00265366	-0.00265366	123
0.313	0.00126567	0.00126567	0.00126567	0.00126567	134
0.314	0.000313333	0.000313333	0.000313333	0.000313333	120
0.315	-0.00267241	-0.00267241	-0.00267241	-0.00267241	116
0.316	0.00140923	0.00140923	0.00140923	0.00140923	130
0.317	0.00510476	0.00510476	0.00510476	0.00510476	126
0.318	0.00393274	0.00393274	0.00393274	0.00393274	113
0.319	0.00306429	0.00306429	0.00306429	0.00306429	112
0.32	0.00144	0.00144	0.00144	0.00144	100
0.321	0.000313208	0.000313208	0.000313208	0.000313208	106
0.322	-0.00207158	-0.00207158	-0.00207158	-0.00207158	95
0.323	0.00221682	0.00221682	0.00221682	0.00221682	107
0.324	-0.000331313	-0.000331313	-0.000331313	-0.000331313	99
0.325	-0.00110085	-0.00110085	-0.00110085	-0.00110085	117
0.326	-3.07692e-06	-3.07692e-06	-3.07692e-06	-3.07692e-06	130
0.327	0.00135652	0.00135652	0.00135652	0.00135652	92
0.328	0.000757522	0.000757522	0.000757522	0.000757522	113
0.329	0.0022	0.0022	0.0022	0.0022	96
0.33	0.000869841	0.000869841	0.000869841	0.000869841	126
0.331	0.000140458	0.000140458	0.000140458	0.000140458	131
0.332	0.00332598	0.00332598	0.00332598	0.00332598	127
0.333	-0.000634234	-0.000634234	-0.000634234	-0.000634234	111
0.334	0.00292263	0.00292263	0.00292263	0.00292263	137
0.335	-0.000553846	-0.000553846	-0.000553846	-0.000553846	130
0.336	-0.00155039	-0.00155039	-0.00155039	-0.00155039	129
0.337	0.00168707	0.00168707	0.00168707	0.00168707	147
0.338	0.003232	0.003232	0.003232	0.003232	150
0.339	0.00113973	0.00113973	0.00113973	0.00113973	146
0.34	0.00138394	0.00138394	0.00138394	0.00138394	137
0.341	0.00179118	0.00179118	0.00179118	0.00179118	136
0.342	0.00180294	0.00180294	0.00180294	0.00180294	136
0.343	0.00137105	0.00137105	0.00137105	0.00137105	152
0.344	0.0025546	0.0025546	0.0025546	0.0025546	163
0.345	0.00233784	0.00233784	0.00233784	0.00233784	148
0.346	-0.000542222	-0.000542222	-0.000542222	-0.000542222	135
0.347	0.000123077	0.000123077	0.000123077	0.000123077	130
0.348	-0.000666667	-0.000666667	-0.000666667	-0.000666667	141
0.349	-0.00233778	-0.00233778	-0.00233778	-0.00233778	135
0.35	0.000463768	0.000463768	0.000463768	0.000463768	138
0.351	-0.00161958	-0.00161958	-0.00161958	-0.00161958	143
0.352	-0.00293548	-0.00293548	-0.00293548	-0.00293548	124
0.353	-0.00202137	-0.00202137	-0.00202137	-0.00202137	131
0.354	-0.000568254	-0.000568254	-0.000568254	-0.000568254	126
0.355	-6.34921e-06	-6.34921e-06	-6.34921e-06	-6.34921e-06	126
0.356	-0.000604724	-0.000604724	-0.000604724	-0.000604724	127
0.357	-0.00040678	-0.00040678	-0.00040678	-0.00040678	118
0.358	-0.00184262	-0.00184262	-0.00184262	-0.00184262	122
0.359	-0.000998582	-0.000998582	-0.000998582	-0.000998582	141
0.36	-0.000247887	-0.000247887	-0.000247887	-0.000247887	142
0.361	0.000852941	0.000852941	0.000852941	0.000852941	136
0.362	-0.00162414	-0.00162414	-0.00162414	-0.00162414	116
0.363	-0.00194435	-0.00194435	-0.00194435	-0.00194435	115
0.364	-0.0010084	-0.0010084	-0.0010084	-0.0010084	119
0.365	0.00203939	0.00203939	0.00203939	0.00203939	132
0.366	0.00159726	0.00159726	0.00159726	0.00159726	146
0.367	-0.00110222	-0.00110222	-0.00110222	-0.00110222	135
0.368	-0.00127304	-0.00127304	-0.00127304	-0.00127304	115
0.369	-1.10092e-05	-1.10092e-05	-1.10092e-05	-1.10092e-05	109
0.37	0.000151825	0.000151825	0.000151825	0.000151825	137
0.371	0.000272566	0.000272566	0.000272566	0.000272566	113
0.372	0.000282081	0.000282081	0.000282081	0.000282081	173
0.373	-0.00061157	-0.00061157	-0.00061157	-0.00061157	121
0.374	-0.00103089	-0.00103089	-0.00103089	-0.00103089	123
0.375	0.000924138	0.000924138	0.000924138	0.000924138	145
0.376	-0.00011	-0.00011	-0.00011	-0.00011	120
0.377	0.001104	0.001104	0.001104	0.001104	125
0.378	0.00295495	0.00295495	0.00295495	0.00295495	111
0.379	0.00176378	0.00176378	0.00176378	0.00176378	127
0.38	0.00283333	0.00283333	0.00283333	0.00283333	96
0.381	0.000475758	0.000475758	0.000475758	0.000475758	132
0.382	0.00104733	0.00104733	0.00104733	0.00104733	131
0.383	0.00267287	0.00267287	0.00267287	0.00267287	129
0.384	-0.000459574	-0.000459574	-0.000459574	-0.000459574	141
0.385	-0.00107241	-0.00107241	-0.00107241	-0.00107241	116
0.386	-0.002336	-0.002336	-0.002336	-0.002336	100
0.387	-0.000548148	-0.000548148	-0.000548148	-0.000548148	108
0.388	0.000816807	0.000816807	0.000816807	0.000816807	119
0.389	0.00275906	0.00275906	0.00275906	0.00275906	127
0.39	0.000656311	0.000656311	0.000656311	0.000656311	103
0.391	0.0016782	0.0016782	0.0016782	0.0016782	133
0.392	0.00118609	0.00118609	0.00118609	0.00118609	115
0.393	0.000986885	0.000986885	0.000986885	0.000986885	122
0.394	-0.00240305	-0.00240305	-0.00240305	-0.00240305	131
0.395	0.00138361	0.00138361	0.00138361	0.00138361	122
0.396	0.00229268	0.00229268	0.00229268	0.00229268	123
0.397	0.00383188	0.00383188	0.00383188	0.00383188	138
0.398	0.00571656	0.00571656	0.00571656	0.00571656	151
0.399	0.00403137	0.00403137	0.00403137	0.00403137	153
0.4	0.00168834	0.00168834	0.00168834	0.00168834	163
0.401	-0.0005632	-0.0005632	-0.0005632	-0.0005632	125
0.402	7.84314e-06	7.84314e-06	7.84314e-06	7.84314e-06	102
0.403	-0.001856	-0.001856	-0.001856	-0.001856	125
0.404	0.00091746	0.00091746	0.00091746	0.00091746	126
0.405	-0.00220328	-0.00220328	-0.00220328	-0.00220328	122
0.406	0.000948485	0.000948485	0.000948485	0.000948485	132
0.407	0.0016	0.0016	0.0016	0.0016	146
0.408	-8e-05	-8e-05	-8e-05	-8e-05	130
0.409	-0.00205	-0.00205	-0.00205	-0.00205	128
0.41	-0.00188618	-0.00188618	-0.00188618	-0.00188618	123
0.411	0.00363158	0.00363158	0.00363158	0.00363158	114
0.412	0.00292555	0.00292555	0.00292555	0.00292555	137
0.413	0.00055625	0.00055625	0.00055625	0.00055625	128
0.414	0.00109291	0.00109291	0.00109291	0.00109291	127
0.415	-0.00208615	-0.00208615	-0.00208615	-0.00208615	130
0.416	0.00108525	0.00108525	0.00108525	0.00108525	122
0.417	0.00216183	0.00216183	0.00216183	0.00216183	131
0.418	-0.00228214	-0.00228214	-0.00228214	-0.00228214	112
0.419	0.00346116	0.00346116	0.00346116	0.00346116	121
0.42	-0.00119091	-0.00119091	-0.00119091	-0.00119091	132
0.421	-0.00184068	-0.00184068	-0.00184068	-0.00184068	118
0.422	-0.00108519	-0.00108519	-0.00108519	-0.00108519	108
0.423	-0.00188	-0.00188	-0.00188	-0.00188	130
0.424	-0.000116923	-0.000116923	-0.000116923	-0.000116923	130
0.425	0.00176774	0.00176774	0.00176774	0.00176774	124
0.426	0.000608955	0.000608955	0.000608955	0.000608955	134
0.427	0.00210076	0.00210076	0.00210076	0.00210076	131
0.428	0.00127477	0.00127477	0.00127477	0.00127477	107
0.429	0.00034717	0.00034717	0.00034717	0.00034717	106
0.43	-0.00112727	-0.00112727	-0.00112727	-0.00112727	88
0.431	-0.00167816	-0.00167816	-0.00167816	-0.00167816	87
0.432	0.000980769	0.000980769	0.000980769	0.000980769	104
0.433	-0.000714563	-0.000714563	-0.000714563	-0.000714563	103
0.434	-0.00281389	-0.00281389	-0.00281389	-0.00281389	144
0.435	-0.000285714	-0.000285714	-0.000285714	-0.000285714	133
0.436	0.00016	0.00016	0.00016	0.00016	110
0.437	0.00468235	0.00468235	0.00468235	0.00468235	119
0.438	0.000208	0.000208	0.000208	0.000208	125
0.439	0.00304262	0.00304262	0.00304262	0.00304262	122
0.44	0.00148889	0.00148889	0.00148889	0.00148889	108
0.441	-0.000842105	-0.000842105	-0.000842105	-0.000842105	114
0.442	-0.002	-0.002	-0.002	-0.002	89
0.443	0.000371681	0.000371681	0.000371681	0.000371681	113
0.444	0.00347027	0.00347027	0.00347027	0.00347027	111
0.445	0.00254135	0.00254135	0.00254135	0.00254135	133
0.446	0.00117876	0.00117876	0.00117876	0.00117876	113
0.447	0.00156444	0.00156444	0.00156444	0.00156444	90
0.448	0.00369787	0.00369787	0.00369787	0.00369787	94
0.449	0.0033679	0.0033679	0.0033679	0.0033679	81
0.45	0.00113488	0.00113488	0.00113488	0.00113488	86
0.451	0.000266667	0.000266667	0.000266667	0.000266667	96
0.452	0.00160721	0.00160721	0.00160721	0.00160721	111
0.453	0.00118182	0.00118182	0.00118182	0.00118182	110
0.454	0.00274815	0.00274815	0.00274815	0.00274815	108
0.455	-0.00061295	-0.00061295	-0.00061295	-0.00061295	139
0.456	0.00243607	0.00243607	0.00243607	0.00243607	122
0.457	-0.00306552	-0.00306552	-0.00306552	-0.00306552	116
0.458	-0.00342301	-0.00342301	-0.00342301	-0.00342301	113
0.459	-0.0016878	-0.0016878	-0.0016878	-0.0016878	123
0.46	-0.000346667	-0.000346667	-0.000346667	-0.000346667	135
0.461	-0.000621875	-0.000621875	-0.000621875	-0.000621875	128
0.462	-0.00279726	-0.00279726	-0.00279726	-0.00279726	146
0.463	-6.41221e-05	-6.41221e-05	-6.41221e-05	-6.41221e-05	131
0.464	0.000529825	0.000529825	0.000529825	0.000529825	114
0.465	0.0008	0.0008	0.0008	0.0008	119
0.466	0.00129778	0.00129778	0.00129778	0.00129778	135
0.467	0.00444615	0.00444615	0.00444615	0.00444615	130
0.468	-0.00127579	-0.00127579	-0.00127579	-0.00127579	95
0.469	-0.000733913	-0.000733913	-0.000733913	-0.000733913	115
0.47	-0.000411215	-0.000411215	-0.000411215	-0.000411215	107
0.471	0.00207619	0.00207619	0.00207619	0.00207619	105
0.472	-0.00318491	-0.00318491	-0.00318491	-0.00318491	106
0.473	0.000223009	0.000223009	0.000223009	0.000223009	113
0.474	-0.00284112	-0.00284112	-0.00284112	-0.00284112	107
0.475	-0.000278431	-0.000278431	-0.000278431	-0.000278431	102
0.476	0.00254231	0.00254231	0.00254231	0.00254231	104
0.477	-0.00326972	-0.00326972	-0.00326972	-0.00326972	109
0.478	0.000976744	0.000976744	0.000976744	0.000976744	86
0.479	0.000370492	0.000370492	0.000370492	0.000370492	122
0.48	0.00024065	0.00024065	0.00024065	0.00024065	123
0.481	-0.000503937	-0.000503937	-0.000503937	-0.000503937	127
0.482	0.0012031	0.0012031	0.0012031	0.0012031	129
0.483	0.0031937	0.0031937	0.0031937	0.0031937	127
0.484	-5.48387e-05	-5.48387e-05	-5.48387e-05	-5.48387e-05	124
0.485	0.000734694	0.000734694	0.000734694	0.000734694	98
0.486	-0.000113793	-0.000113793	-0.000113793	-0.000113793	116
0.487	-0.000681081	-0.000681081	-0.000681081	-0.000681081	111
0.488	-0.000551456	-0.000551456	-0.000551456	-0.000551456	103
0.489	0.00214576	0.00214576	0.00214576	0.00214576	118
0.49	0.00773889	0.00773889	0.00773889	0.00773889	144
0.491	0.00794576	0.00794576	0.00794576	0.00794576	118
0.492	0.0014129	0.0014129	0.0014129	0.0014129	124
0.493	0.00166929	0.00166929	0.00166929	0.00166929	127
0.494	0.00063937	0.00063937	0.00063937	0.00063937	127
0.495	0.000455172	0.000455172	0.000455172	0.000455172	116
0.496	0.00210667	0.00210667	0.00210667	0.00210667	120
0.497	-0.00032605	-0.00032605	-0.00032605	-0.00032605	119
0.498	-0.000777778	-0.000777778	-0.000777778	-0.000777778	126
0.499	0.00151803	0.00151803	0.00151803	0.00151803	122
0.5	0.00160808	0.00160808	0.00160808	0.00160808	99
0.501	0.000316522	0.000316522	0.000316522	0.000316522	115
0.502	0.000364912	0.000364912	0.000364912	0.000364912	114
0.503	-0.000407273	-0.000407273	-0.000407273	-0.000407273	110
0.504	0.002	0.002	0.002	0.002	114
0.505	-0.002	-0.002	-0.002	-0.002	106
0.506	-0.000700917	-0.000700917	-0.000700917	-0.000700917	109
0.507	0.000608696	0.000608696	0.000608696	0.000608696	115
0.508	-0.000483721	-0.000483721	-0.000483721	-0.000483721	129
0.509	0.00071746	0.00071746	0.00071746	0.00071746	126
0.51	0.000898305	0.000898305	0.000898305	0.000898305	118
0.511	0.00115333	0.00115333	0.00115333	0.00115333	120
0.512	-0.00359252	-0.00359252	-0.00359252	-0.00359252	107
0.513	-0.00385938	-0.00385938	-0.00385938	-0.00385938	128
0.514	-0.000252055	-0.000252055	-0.000252055	-0.000252055	146
0.515	-0.000384615	-0.000384615	-0.000384615	-0.000384615	130
0.516	-0.00280333	-0.00280333	-0.00280333	-0.00280333	120
0.517	-0.0006944	-0.0006944	-0.0006944	-0.0006944	125
0.518	-0.00254493	-0.00254493	-0.00254493	-0.00254493	138
0.519	-0.00154	-0.00154	-0.00154	-0.00154	140
0.52	-0.00102857	-0.00102857	-0.00102857	-0.00102857	112
0.521	0.000739286	0.000739286	0.000739286	0.000739286	112
0.522	0.00212437	0.00212437	0.00212437	0.00212437	119
0.523	-0.000796154	-0.000796154	-0.000796154	-0.000796154	104
0.524	0.00101102	0.00101102	0.00101102	0.00101102	127
0.525	-0.00056	-0.00056	-0.00056	-0.00056	105
0.526	0.000371429	0.000371429	0.000371429	0.000371429	112
0.527	6.28099e-05	6.28099e-05	6.28099e-05	6.28099e-05	121
0.528	-0.000488571	-0.000488571	-0.000488571	-0.000488571	140
0.529	-0.00190222	-0.00190222	-0.00190222	-0.00190222	135
0.53	0.00046	0.00046	0.00046	0.00046	140
0.531	0.00151079	0.00151079	0.00151079	0.00151079	139
0.532	-0.00213835	-0.00213835	-0.00213835	-0.00213835	133
0.533	0.000636522	0.000636522	0.000636522	0.000636522	115
0.534	0.000365517	0.000365517	0.000365517	0.000365517	116
0.535	0.00136	0.00136	0.00136	0.00136	130
0.536	-0.00045	-0.00045	-0.00045	-0.00045	128
0.537	0.00119619	0.00119619	0.00119619	0.00119619	105
0.538	-0.000601681	-0.000601681	-0.000601681	-0.000601681	119
0.539	0.0036	0.0036	0.0036	0.0036	113
0.54	0.00260333	0.00260333	0.00260333	0.00260333	120
0.541	0.00182636	0.00182636	0.00182636	0.00182636	129
0.542	-0.000886667	-0.000886667	-0.000886667	-0.000886667	120
0.543	-0.000301639	-0.000301639	-0.000301639	-0.000301639	122
0.544	0.00311852	0.00311852	0.00311852	0.00311852	108
0.545	0.00177627	0.00177627	0.00177627	0.00177627	118
0.546	0.000669027	0.000669027	0.000669027	0.000669027	113
0.547	0.00177391	0.00177391	0.00177391	0.00177391	92
0.548	0.000407018	0.000407018	0.000407018	0.000407018	114
0.549	0.00325045	0.00325045	0.00325045	0.00325045	111
0.55	-0.00021978	-0.00021978	-0.00021978	-0.00021978	91
0.551	-0.000507826	-0.000507826	-0.000507826	-0.000507826	115
0.552	0.00133571	0.00133571	0.00133571	0.00133571	112
0.553	-7.09677e-05	-7.09677e-05	-7.09677e-05	-7.09677e-05	124
0.554	0.00133559	0.00133559	0.00133559	0.00133559	118
0.555	0.00151597	0.00151597	0.00151597	0.00151597	119
0.556	0.000128244	0.000128244	0.000128244	0.000128244	131
0.557	0.000141353	0.000141353	0.000141353	0.000141353	133
0.558	0.00227786	0.00227786	0.00227786	0.00227786	131
0.559	0.000707143	0.000707143	0.000707143	0.000707143	112
0.56	0.000732847	0.000732847	0.000732847	0.000732847	137
0.561	-0.0016875	-0.0016875	-0.0016875	-0.0016875	128
0.562	-0.00130935	-0.00130935	-0.00130935	-0.00130935	139
0.563	-0.00108174	-0.00108174	-0.00108174	-0.00108174	115
0.564	0.000877108	0.000877108	0.000877108	0.000877108	83
0.565	0.00360593	0.00360593	0.00360593	0.00360593	135
0.566	0.00122449	0.00122449	0.00122449	0.00122449	147
0.567	0.00109313	0.00109313	0.00109313	0.00109313	131
0.568	-1.11888e-05	-1.11888e-05	-1.11888e-05	-1.11888e-05	143
0.569	0.00594085	0.00594085	0.00594085	0.00594085	142
0.57	0.00219829	0.00219829	0.00219829	0.00219829	117
0.571	0.0047194	0.0047194	0.0047194	0.0047194	134
0.572	0.00388889	0.00388889	0.00388889	0.00388889	144
0.573	0.00211799	0.00211799	0.00211799	0.00211799	139
0.574	0.00031049	0.00031049	0.00031049	0.00031049	143
0.575	0.0001625	0.0001625	0.0001625	0.0001625	128
0.576	9.92701e-05	9.92701e-05	9.92701e-05	9.92701e-05	137
0.577	0.000217143	0.000217143	0.000217143	0.000217143	140
0.578	-0.00144425	-0.00144425	-0.00144425	-0.00144425	113
0.579	-0.00217063	-0.00217063	-0.00217063	-0.00217063	143
0.58	0.00237983	0.00237983	0.00237983	0.00237983	119
0.581	0.00459459	0.00459459	0.00459459	0.00459459	148
0.582	0.002	0.002	0.002	0.002	125
0.583	0.00259048	0.00259048	0.00259048	0.00259048	126
0.584	0.00560984	0.00560984	0.00560984	0.00560984	122
0.585	0.00192813	0.00192813	0.00192813	0.00192813	128
0.586	0.00374957	0.00374957	0.00374957	0.00374957	115
0.587	4.87805e-05	4.87805e-05	4.87805e-05	4.87805e-05	123
0.588	0.000326718	0.000326718	0.000326718	0.000326718	131
0.589	0.000973333	0.000973333	0.000973333	0.000973333	120
0.59	0.00177684	0.00177684	0.00177684	0.00177684	95
0.591	0.0016972	0.0016972	0.0016972	0.0016972	107
0.592	0.00126829	0.00126829	0.00126829	0.00126829	123
0.593	0.00324174	0.00324174	0.00324174	0.00324174	115
0.594	0.0012806	0.0012806	0.0012806	0.0012806	134
0.595	0.00234234	0.00234234	0.00234234	0.00234234	111
0.596	-0.000567857	-0.000567857	-0.000567857	-0.000567857	112
0.597	-0.000721649	-0.000721649	-0.000721649	-0.000721649	97
0.598	-0.00464957	-0.00464957	-0.00464957	-0.00464957	117
0.599	-0.0014101	-0.0014101	-0.0014101	-0.0014101	99
0.6	0.000209901	0.000209901	0.000209901	0.000209901	101
0.601	-0.000849558	-0.000849558	-0.000849558	-0.000849558	113
0.602	-0.00294074	-0.00294074	-0.00294074	-0.00294074	108
0.603	0.000250435	0.000250435	0.000250435	0.000250435	115
0.604	-0.00385143	-0.00385143	-0.00385143	-0.00385143	105
0.605	-0.000841935	-0.000841935	-0.000841935	-0.000841935	124
0.606	-0.0019	-0.0019	-0.0019	-0.0019	116
0.607	-7.79661e-05	-7.79661e-05	-7.79661e-05	-7.79661e-05	118
0.608	-0.000639344	-0.000639344	-0.000639344	-0.000639344	122
0.609	0.00134545	0.00134545	0.00134545	0.00134545	110
0.61	0.00117097	0.00117097	0.00117097	0.00117097	124
0.611	0.000335238	0.000335238	0.000335238	0.000335238	105
0.612	0.00266286	0.00266286	0.00266286	0.00266286	105
0.613	0.00253443	0.00253443	0.00253443	0.00253443	122
0.614	-0.000634586	-0.000634586	-0.000634586	-0.000634586	133
0.615	0.000396694	0.000396694	0.000396694	0.000396694	121
0.616	0.00297638	0.00297638	0.00297638	0.00297638	127
0.617	0.00181259	0.00181259	0.00181259	0.00181259	143
0.618	0.000913725	0.000913725	0.000913725	0.000913725	102
0.619	0.00205607	0.00205607	0.00205607	0.00205607	107
0.62	-0.000943119	-0.000943119	-0.000943119	-0.000943119	109
0.621	-0.000663063	-0.000663063	-0.000663063	-0.000663063	111
0.622	-0.000546429	-0.000546429	-0.000546429	-0.000546429	112
0.623	-0.00108346	-0.00108346	-0.00108346	-0.00108346	127
0.624	0.000410084	0.000410084	0.000410084	0.000410084	119
0.625	0.00309524	0.00309524	0.00309524	0.00309524	126
0.626	0.000606557	0.000606557	0.000606557	0.000606557	122
0.627	-0.00119708	-0.00119708	-0.00119708	-0.00119708	137
0.628	-0.000830075	-0.000830075	-0.000830075	-0.000830075	133
0.629	0.00214167	0.00214167	0.00214167	0.00214167	144
0.63	-0.000113869	-0.000113869	-0.000113869	-0.000113869	137
0.631	-0.000947692	-0.000947692	-0.000947692	-0.000947692	130
0.632	0.00191373	0.00191373	0.00191373	0.00191373	102
0.633	0.000486486	0.000486486	0.000486486	0.000486486	111
0.634	0.00127863	0.00127863	0.00127863	0.00127863	117
0.635	0.00325113	0.00325113	0.00325113	0.00325113	133
0.636	0.000539683	0.000539683	0.000539683	0.000539683	126
0.637	0.00495158	0.00495158	0.00495158	0.00495158	95
0.638	0.000744186	0.000744186	0.000744186	0.000744186	86
0.639	0.00115714	0.00115714	0.00115714	0.00115714	84
0.64	0.00110857	0.00110857	0.00110857	0.00110857	105
0.641	0.0024381	0.0024381	0.0024381	0.0024381	84
0.642	0.00061978	0.00061978	0.00061978	0.00061978	91
0.643	-0.000190291	-0.000190291	-0.000190291	-0.000190291	103
0.644	-0.00151402	-0.00151402	-0.00151402	-0.00151402	107
0.645	0.000204167	0.000204167	0.000204167	0.000204167	96
0.646	0.000103371	0.000103371	0.000103371	0.000103371	89
0.647	0.00186286	0.00186286	0.00186286	0.00186286	105
0.648	0.00194128	0.00194128	0.00194128	0.00194128	109
0.649	0.00305532	0.00305532	0.00305532	0.00305532	94
0.65	0.002792	0.002792	0.002792	0.002792	100
0.651	-0.00197165	-0.00197165	-0.00197165	-0.00197165	127
0.652	-0.00120342	-0.00120342	-0.00120342	-0.00120342	117
0.653	0.000354286	0.000354286	0.000354286	0.000354286	105
0.654	0.00165149	0.00165149	0.00165149	0.00165149	101
0.655	0.000576842	0.000576842	0.000576842	0.000576842	95
0.656	-0.00194286	-0.00194286	-0.00194286	-0.00194286	91
0.657	0.00179798	0.00179798	0.00179798	0.00179798	99
0.658	0.002352	0.002352	0.002352	0.002352	100
0.659	-0.00117436	-0.00117436	-0.00117436	-0.00117436	78
0.66	-0.00015	-0.00015	-0.00015	-0.00015	112
0.661	-0.000669231	-0.000669231	-0.000669231	-0.000669231	104
0.662	-0.00417736	-0.00417736	-0.00417736	-0.00417736	106
0.663	-0.00141978	-0.00141978	-0.00141978	-0.00141978	91
0.664	0.00199452	0.00199452	0.00199452	0.00199452	73
0.665	-0.000508333	-0.000508333	-0.000508333	-0.000508333	96
0.666	-0.000991736	-0.000991736	-0.000991736	-0.000991736	121
0.667	-0.00036701	-0.00036701	-0.00036701	-0.00036701	97
0.668	0.00073617	0.00073617	0.00073617	0.00073617	94
0.669	-0.00107368	-0.00107368	-0.00107368	-0.00107368	95
0.67	-0.00205	-0.00205	-0.00205	-0.00205	88
0.671	-0.00254909	-0.00254909	-0.00254909	-0.00254909	110
0.672	6.2069e-05	6.2069e-05	6.2069e-05	6.2069e-05	116
0.673	0.00129697	0.00129697	0.00129697	0.00129697	99
0.674	-0.00178286	-0.00178286	-0.00178286	-0.00178286	105
0.675	-0.000819835	-0.000819835	-0.000819835	-0.000819835	121
0.676	-0.000699259	-0.000699259	-0.000699259	-0.000699259	135
0.677	-0.00196923	-0.00196923	-0.00196923	-0.00196923	130
0.678	-0.00301449	-0.00301449	-0.00301449	-0.00301449	138
0.679	-0.00116	-0.00116	-0.00116	-0.00116	100
0.68	-0.00191628	-0.00191628	-0.00191628	-0.00191628	129
0.681	-0.00232222	-0.00232222	-0.00232222	-0.00232222	108
0.682	-0.0014272	-0.0014272	-0.0014272	-0.0014272	125
0.683	-0.0032	-0.0032	-0.0032	-0.0032	92
0.684	0.00172609	0.00172609	0.00172609	0.00172609	92
0.685	0.00160417	0.00160417	0.00160417	0.00160417	96
0.686	-0.000198319	-0.000198319	-0.000198319	-0.000198319	119
0.687	0.00174757	0.00174757	0.00174757	0.00174757	103
0.688	0.00126737	0.00126737	0.00126737	0.00126737	95
0.689	0.000203774	0.000203774	0.000203774	0.000203774	106
0.69	-0.00055122	-0.00055122	-0.00055122	-0.00055122	82
0.691	-0.002212	-0.002212	-0.002212	-0.002212	100
0.692	0.00265	0.00265	0.00265	0.00265	88
0.693	0.00208602	0.00208602	0.00208602	0.00208602	93
0.694	0.00291717	0.00291717	0.00291717	0.00291717	99
0.695	0.00303729	0.00303729	0.00303729	0.00303729	118
0.696	0.00327925	0.00327925	0.00327925	0.00327925	106
0.697	0.00355217	0.00355217	0.00355217	0.00355217	92
0.698	0.00223099	0.00223099	0.00223099	0.00223099	71
0.699	0.00469213	0.00469213	0.00469213	0.00469213	89
0.7	0.00196727	0.00196727	0.00196727	0.00196727	110
0.701	0.00115644	0.00115644	0.00115644	0.00115644	101
0.702	-0.000914815	-0.000914815	-0.000914815	-0.000914815	108
0.703	0.00617778	0.00617778	0.00617778	0.00617778	117
0.704	0.00273846	0.00273846	0.00273846	0.00273846	130
0.705	-0.000934694	-0.000934694	-0.000934694	-0.000934694	98
0.706	-0.000716667	-0.000716667	-0.000716667	-0.000716667	96
0.707	-0.000215929	-0.000215929	-0.000215929	-0.000215929	113
0.708	0.000283186	0.000283186	0.000283186	0.000283186	113
0.709	0.0033094	0.0033094	0.0033094	0.0033094	117
0.71	0.00076036	0.00076036	0.00076036	0.00076036	111
0.711	-0.00270164	-0.00270164	-0.00270164	-0.00270164	122
0.712	-0.00292743	-0.00292743	-0.00292743	-0.00292743	113
0.713	-0.0039129	-0.0039129	-0.0039129	-0.0039129	124
0.714	0.000873786	0.000873786	0.000873786	0.000873786	103
0.715	-0.0032768	-0.0032768	-0.0032768	-0.0032768	125
0.716	-0.00311746	-0.00311746	-0.00311746	-0.00311746	126
0.717	0.000826415	0.000826415	0.000826415	0.000826415	106
0.718	-3.63636e-05	-3.63636e-05	-3.63636e-05	-3.63636e-05	110
0.719	-0.00105618	-0.00105618	-0.00105618	-0.00105618	89
0.72	-0.00226429	-0.00226429	-0.00226429	-0.00226429	112
0.721	-0.00205926	-0.00205926	-0.00205926	-0.00205926	108
0.722	-0.00138868	-0.00138868	-0.00138868	-0.00138868	106
0.723	-0.00206129	-0.00206129	-0.00206129	-0.00206129	124
0.724	-0.000903448	-0.000903448	-0.000903448	-0.000903448	116
0.725	-0.00164672	-0.00164672	-0.00164672	-0.00164672	137
0.726	0.000661635	0.000661635	0.000661635	0.000661635	159
0.727	0.000165986	0.000165986	0.000165986	0.000165986	147
0.728	0.00185	0.00185	0.00185	0.00185	120
0.729	0.000221429	0.000221429	0.000221429	0.000221429	112
0.73	-0.00168455	-0.00168455	-0.00168455	-0.00168455	123
0.731	-0.000736283	-0.000736283	-0.000736283	-0.000736283	113
0.732	-0.000758261	-0.000758261	-0.000758261	-0.000758261	115
0.733	-0.0001	-0.0001	-0.0001	-0.0001	136
0.734	0.000156667	0.000156667	0.000156667	0.000156667	120
0.735	0.000713208	0.000713208	0.000713208	0.000713208	106
0.736	0.0012	0.0012	0.0012	0.0012	118
0.737	-0.00031831	-0.00031831	-0.00031831	-0.00031831	142
0.738	0.00465316	0.00465316	0.00465316	0.00465316	158
0.739	0.00113514	0.00113514	0.00113514	0.00113514	148
0.74	-0.000507216	-0.000507216	-0.000507216	-0.000507216	97
0.741	-0.0026029	-0.0026029	-0.0026029	-0.0026029	138
0.742	-0.00354839	-0.00354839	-0.00354839	-0.00354839	124
0.743	-0.00297241	-0.00297241	-0.00297241	-0.00297241	116
0.744	-0.0016736	-0.0016736	-0.0016736	-0.0016736	125
0.745	-0.00122797	-0.00122797	-0.00122797	-0.00122797	143
0.746	-0.000179528	-0.000179528	-0.000179528	-0.000179528	127
0.747	-0.000654237	-0.000654237	-0.000654237	-0.000654237	118
0.748	-0.000339286	-0.000339286	-0.000339286	-0.000339286	112
0.749	0.000125806	0.000125806	0.000125806	0.000125806	124
0.75	-0.000634783	-0.000634783	-0.000634783	-0.000634783	138
0.751	-0.000717241	-0.000717241	-0.000717241	-0.000717241	116
0.752	-0.000276423	-0.000276423	-0.000276423	-0.000276423	123
0.753	-0.000386555	-0.000386555	-0.000386555	-0.000386555	119
0.754	-0.00141261	-0.00141261	-0.00141261	-0.00141261	111
0.755	-0.001904	-0.001904	-0.001904	-0.001904	100
0.756	-0.000794286	-0.000794286	-0.000794286	-0.000794286	140
0.757	-0.000529323	-0.000529323	-0.000529323	-0.000529323	133
0.758	-0.000112397	-0.000112397	-0.000112397	-0.000112397	121
0.759	0.00135429	0.00135429	0.00135429	0.00135429	140
0.76	-0.00118049	-0.00118049	-0.00118049	-0.00118049	164
0.761	0.000204511	0.000204511	0.000204511	0.000204511	133
0.762	0.000510236	0.000510236	0.000510236	0.000510236	127
0.763	-0.000645378	-0.000645378	-0.000645378	-0.000645378	119
0.764	0.00168926	0.00168926	0.00168926	0.00168926	121
0.765	-0.00155072	-0.00155072	-0.00155072	-0.00155072	138
0.766	0.000417143	0.000417143	0.000417143	0.000417143	140
0.767	0.0004	0.0004	0.0004	0.0004	129
0.768	0.000705512	0.000705512	0.000705512	0.000705512	127
0.769	0.00511209	0.00511209	0.00511209	0.00511209	91
0.77	0.00346168	0.00346168	0.00346168	0.00346168	107
0.771	-0.00117143	-0.00117143	-0.00117143	-0.00117143	112
0.772	0.00111525	0.00111525	0.00111525	0.00111525	118
0.773	-0.000943158	-0.000943158	-0.000943158	-0.000943158	95
0.774	0.000164948	0.000164948	0.000164948	0.000164948	97
0.775	0.000172477	0.000172477	0.000172477	0.000172477	109
0.776	-0.00326038	-0.00326038	-0.00326038	-0.00326038	106
0.777	-0.00271409	-0.00271409	-0.00271409	-0.00271409	149
0.778	0.00265652	0.00265652	0.00265652	0.00265652	92
0.779	0.000978571	0.000978571	0.000978571	0.000978571	112
0.78	0.000337255	0.000337255	0.000337255	0.000337255	102
0.781	-0.00127943	-0.00127943	-0.00127943	-0.00127943	141
0.782	0.00116164	0.00116164	0.00116164	0.00116164	146
0.783	-0.00188738	-0.00188738	-0.00188738	-0.00188738	103
0.784	-0.000473394	-0.000473394	-0.000473394	-0.000473394	109
0.785	0.000791304	0.000791304	0.000791304	0.000791304	92
0.786	0.000323404	0.000323404	0.000323404	0.000323404	94
0.787	0.000106897	0.000106897	0.000106897	0.000106897	116
0.788	0.00265091	0.00265091	0.00265091	0.00265091	110
0.789	0.000745455	0.000745455	0.000745455	0.000745455	110
0.79	-0.000848352	-0.000848352	-0.000848352	-0.000848352	91
0.791	0.00193514	0.00193514	0.00193514	0.00193514	111
0.792	0.002532	0.002532	0.002532	0.002532	100
0.793	0.000571875	0.000571875	0.000571875	0.000571875	128
0.794	0.000539806	0.000539806	0.000539806	0.000539806	103
0.795	0.00268515	0.00268515	0.00268515	0.00268515	101
0.796	0.00123361	0.00123361	0.00123361	0.00123361	119
0.797	8e-06	8e-06	8e-06	8e-06	100
0.798	0.00217732	0.00217732	0.00217732	0.00217732	97
0.799	-0.00313645	-0.00313645	-0.00313645	-0.00313645	107
0.8	0.00137818	0.00137818	0.00137818	0.00137818	110
0.801	0.004335	0.004335	0.004335	0.004335	80
0.802	0.00167677	0.00167677	0.00167677	0.00167677	99
0.803	0.00305556	0.00305556	0.00305556	0.00305556	108
0.804	-0.00166942	-0.00166942	-0.00166942	-0.00166942	121
0.805	0.000558559	0.000558559	0.000558559	0.000558559	111
0.806	-0.000511628	-0.000511628	-0.000511628	-0.000511628	129
0.807	0.000617241	0.000617241	0.000617241	0.000617241	116
0.808	-0.000934454	-0.000934454	-0.000934454	-0.000934454	119
0.809	-0.00266	-0.00266	-0.00266	-0.00266	100
0.81	0.000753684	0.000753684	0.000753684	0.000753684	95
0.811	0.00263448	0.00263448	0.00263448	0.00263448	87
0.812	0.00363186	0.00363186	0.00363186	0.00363186	113
0.813	0.000978512	0.000978512	0.000978512	0.000978512	121
0.814	0.002075	0.002075	0.002075	0.002075	112
0.815	0.00207761	0.00207761	0.00207761	0.00207761	134
0.816	-0.000182979	-0.000182979	-0.000182979	-0.000182979	94
0.817	-0.00086281	-0.00086281	-0.00086281	-0.00086281	121
0.818	0.000964103	0.000964103	0.000964103	0.000964103	117
0.819	0.00169492	0.00169492	0.00169492	0.00169492	118
0.82	0.000468687	0.000468687	0.000468687	0.000468687	99
0.821	0.000628037	0.000628037	0.000628037	0.000628037	107
0.822	1.36364e-05	1.36364e-05	1.36364e-05	1.36364e-05	88
0.823	0.00357288	0.00357288	0.00357288	0.00357288	118
0.824	-0.00148627	-0.00148627	-0.00148627	-0.00148627	102
0.825	-0.000884034	-0.000884034	-0.000884034	-0.000884034	119
0.826	0.00025	0.00025	0.00025	0.00025	136
0.827	-9.61538e-05	-9.61538e-05	-9.61538e-05	-9.61538e-05	104
0.828	0.00114737	0.00114737	0.00114737	0.00114737	114
0.829	0.000642424	0.000642424	0.000642424	0.000642424	99
0.83	0.00317938	0.00317938	0.00317938	0.00317938	97
0.831	0.00385079	0.00385079	0.00385079	0.00385079	126
0.832	0.000261017	0.000261017	0.000261017	0.000261017	118
0.833	-0.00108679	-0.00108679	-0.00108679	-0.00108679	106
0.834	0.000267742	0.000267742	0.000267742	0.000267742	124
0.835	7.33945e-05	7.33945e-05	7.33945e-05	7.33945e-05	109
0.836	0.00225934	0.00225934	0.00225934	0.00225934	91
0.837	0.00336735	0.00336735	0.00336735	0.00336735	98
0.838	0.00044375	0.00044375	0.00044375	0.00044375	128
0.839	0.00564651	0.00564651	0.00564651	0.00564651	129
0.84	0.00278058	0.00278058	0.00278058	0.00278058	103
0.841	0.00413196	0.00413196	0.00413196	0.00413196	97
0.842	-0.000929293	-0.000929293	-0.000929293	-0.000929293	99
0.843	0.00351333	0.00351333	0.00351333	0.00351333	120
0.844	0.00063662	0.00063662	0.00063662	0.00063662	142
0.845	0.000125	0.000125	0.000125	0.000125	112
0.846	0.00200396	0.00200396	0.00200396	0.00200396	101
0.847	0.00154717	0.00154717	0.00154717	0.00154717	106
0.848	-0.0016125	-0.0016125	-0.0016125	-0.0016125	96
0.849	0.00170877	0.00170877	0.00170877	0.00170877	114
0.85	-0.00329032	-0.00329032	-0.00329032	-0.00329032	124
0.851	-0.000332308	-0.000332308	-0.000332308	-0.000332308	130
0.852	0.00254328	0.00254328	0.00254328	0.00254328	134
0.853	0.00194286	0.00194286	0.00194286	0.00194286	98
0.854	0.00200734	0.00200734	0.00200734	0.00200734	109
0.855	-0.0010188	-0.0010188	-0.0010188	-0.0010188	117
0.856	0.00280357	0.00280357	0.00280357	0.00280357	112
0.857	6.66667e-05	6.66667e-05	6.66667e-05	6.66667e-05	126
0.858	0.000104673	0.000104673	0.000104673	0.000104673	107
0.859	-4.61538e-05	-4.61538e-05	-4.61538e-05	-4.61538e-05	104
0.86	-0.00209697	-0.00209697	-0.00209697	-0.00209697	99
0.861	-0.000914815	-0.000914815	-0.000914815	-0.000914815	108
0.862	0.00275888	0.00275888	0.00275888	0.00275888	107
0.863	-0.0029617	-0.0029617	-0.0029617	-0.0029617	94
0.864	-0.000738462	-0.000738462	-0.000738462	-0.000738462	130
0.865	-0.000695327	-0.000695327	-0.000695327	-0.000695327	107
0.866	-0.000671875	-0.000671875	-0.000671875	-0.000671875	128
0.867	0.000936	0.000936	0.000936	0.000936	150
0.868	-0.00276667	-0.00276667	-0.00276667	-0.00276667	108
0.869	-0.00163361	-0.00163361	-0.00163361	-0.00163361	119
0.87	-0.0003456	-0.0003456	-0.0003456	-0.0003456	125
0.871	0.00157308	0.00157308	0.00157308	0.00157308	104
0.872	0.000832258	0.000832258	0.000832258	0.000832258	124
0.873	-0.000613592	-0.000613592	-0.000613592	-0.000613592	103
0.874	0.000572477	0.000572477	0.000572477	0.000572477	109
0.875	-0.000218947	-0.000218947	-0.000218947	-0.000218947	95
0.876	-0.00217582	-0.00217582	-0.00217582	-0.00217582	91
0.877	0.00236	0.00236	0.00236	0.00236	110
0.878	0.00139615	0.00139615	0.00139615	0.00139615	104
0.879	0.00102342	0.00102342	0.00102342	0.00102342	111
0.88	-0.00011215	-0.00011215	-0.00011215	-0.00011215	107
0.881	0.000879452	0.000879452	0.000879452	0.000879452	146
0.882	-0.00289123	-0.00289123	-0.00289123	-0.00289123	114
0.883	-0.000421053	-0.000421053	-0.000421053	-0.000421053	95
0.884	0.00186374	0.00186374	0.00186374	0.00186374	91
0.885	-0.000630435	-0.000630435	-0.000630435	-0.000630435	92
0.886	0.00104957	0.00104957	0.00104957	0.00104957	117
0.887	0.000950376	0.000950376	0.000950376	0.000950376	133
0.888	-0.000194783	-0.000194783	-0.000194783	-0.000194783	115
0.889	0.000333945	0.000333945	0.000333945	0.000333945	109
0.89	-0.00053871	-0.00053871	-0.00053871	-0.00053871	124
0.891	0.000103704	0.000103704	0.000103704	0.000103704	135
0.892	0.000436697	0.000436697	0.000436697	0.000436697	109
0.893	0.002528	0.002528	0.002528	0.002528	100
0.894	-0.00221982	-0.00221982	-0.00221982	-0.00221982	111
0.895	-0.00161333	-0.00161333	-0.00161333	-0.00161333	90
0.896	-0.00185946	-0.00185946	-0.00185946	-0.00185946	111
0.897	-0.00116923	-0.00116923	-0.00116923	-0.00116923	104
0.898	-0.00223652	-0.00223652	-0.00223652	-0.00223652	115
0.899	0.00080367	0.00080367	0.00080367	0.00080367	109
0.9	-0.00128276	-0.00128276	-0.00128276	-0.00128276	116
0.901	-0.00146047	-0.00146047	-0.00146047	-0.00146047	129
0.902	0.000514286	0.000514286	0.000514286	0.000514286	112
0.903	-0.000205714	-0.000205714	-0.000205714	-0.000205714	105
0.904	0.00254141	0.00254141	0.00254141	0.00254141	99
0.905	0.000688462	0.000688462	0.000688462	0.000688462	104
0.906	-0.000528696	-0.000528696	-0.000528696	-0.000528696	115
0.907	-0.00246222	-0.00246222	-0.00246222	-0.00246222	90
0.908	3.36842e-05	3.36842e-05	3.36842e-05	3.36842e-05	95
0.909	0.00188624	0.00188624	0.00188624	0.00188624	109
0.91	0.00235439	0.00235439	0.00235439	0.00235439	114
0.911	-0.0003	-0.0003	-0.0003	-0.0003	128
0.912	-6.12903e-05	-6.12903e-05	-6.12903e-05	-6.12903e-05	124
0.913	-0.000554074	-0.000554074	-0.000554074	-0.000554074	135
0.914	-0.0010876	-0.0010876	-0.0010876	-0.0010876	121
0.915	0.0022656	0.0022656	0.0022656	0.0022656	125
0.916	0.000812698	0.000812698	0.000812698	0.000812698	126
0.917	-0.000678125	-0.000678125	-0.000678125	-0.000678125	128
0.918	-0.000576744	-0.000576744	-0.000576744	-0.000576744	129
0.919	-7.56757e-05	-7.56757e-05	-7.56757e-05	-7.56757e-05	111
0.92	-0.00148772	-0.00148772	-0.00148772	-0.00148772	114
0.921	-0.00162406	-0.00162406	-0.00162406	-0.00162406	133
0.922	0.000985366	0.000985366	0.000985366	0.000985366	123
0.923	-0.00106992	-0.00106992	-0.00106992	-0.00106992	123
0.924	-0.00121667	-0.00121667	-0.00121667	-0.00121667	120
0.925	0.000931959	0.000931959	0.000931959	0.000931959	97
0.926	-8.88889e-05	-8.88889e-05	-8.88889e-05	-8.88889e-05	126
0.927	-0.00136693	-0.00136693	-0.00136693	-0.00136693	127
0.928	-0.00185625	-0.00185625	-0.00185625	-0.00185625	128
0.929	-0.00231597	-0.00231597	-0.00231597	-0.00231597	119
0.93	-0.003	-0.003	-0.003	-0.003	122
0.931	-0.0018208	-0.0018208	-0.0018208	-0.0018208	125
0.932	-0.000738686	-0.000738686	-0.000738686	-0.000738686	137
0.933	-0.0016896	-0.0016896	-0.0016896	-0.0016896	125
0.934	-0.000136937	-0.000136937	-0.000136937	-0.000136937	111
0.935	0.00117143	0.00117143	0.00117143	0.00117143	112
0.936	0.001	0.001	0.001	0.001	114
0.937	0.00144179	0.00144179	0.00144179	0.00144179	134
0.938	0.000464615	0.000464615	0.000464615	0.000464615	130
0.939	-0.00152605	-0.00152605	-0.00152605	-0.00152605	119
0.94	-0.00156812	-0.00156812	-0.00156812	-0.00156812	138
0.941	-0.00103448	-0.00103448	-0.00103448	-0.00103448	116
0.942	-0.00132903	-0.00132903	-0.00132903	-0.00132903	124
0.943	0.00147419	0.00147419	0.00147419	0.00147419	124
0.944	0.00185041	0.00185041	0.00185041	0.00185041	123
0.945	-0.000631579	-0.000631579	-0.000631579	-0.000631579	114
0.946	0.000182143	0.000182143	0.000182143	0.000182143	112
0.947	-0.000688	-0.000688	-0.000688	-0.000688	100
0.948	0.000230769	0.000230769	0.000230769	0.000230769	104
0.949	-0.00169811	-0.00169811	-0.00169811	-0.00169811	106
0.95	-1.1215e-05	-1.1215e-05	-1.1215e-05	-1.1215e-05	107
0.951	0.00286154	0.00286154	0.00286154	0.00286154	91
0.952	0.00219789	0.00219789	0.00219789	0.00219789	95
0.953	5.2e-05	5.2e-05	5.2e-05	5.2e-05	100
0.954	9.90099e-05	9.90099e-05	9.90099e-05	9.90099e-05	101
0.955	-0.00116303	-0.00116303	-0.00116303	-0.00116303	119
0.956	-0.000519355	-0.000519355	-0.000519355	-0.000519355	124
0.957	-0.000283784	-0.000283784	-0.000283784	-0.000283784	148
0.958	-0.00484298	-0.00484298	-0.00484298	-0.00484298	121
0.959	-0.00125565	-0.00125565	-0.00125565	-0.00125565	115
0.96	-0.00248155	-0.00248155	-0.00248155	-0.00248155	103
0.961	0.000378761	0.000378761	0.000378761	0.000378761	113
0.962	-0.00238519	-0.00238519	-0.00238519	-0.00238519	108
0.963	-0.00299298	-0.00299298	-0.00299298	-0.00299298	114
0.964	-0.00443214	-0.00443214	-0.00443214	-0.00443214	112
0.965	-0.00255537	-0.00255537	-0.00255537	-0.00255537	121
0.966	-0.000188889	-0.000188889	-0.000188889	-0.000188889	108
0.967	-0.0009216	-0.0009216	-0.0009216	-0.0009216	125
0.968	3.36134e-05	3.36134e-05	3.36134e-05	3.36134e-05	119
0.969	-0.000657143	-0.000657143	-0.000657143	-0.000657143	112
0.97	0.000680292	0.000680292	0.000680292	0.000680292	137
0.971	0.000344262	0.000344262	0.000344262	0.000344262	122
0.972	0.00212932	0.00212932	0.00212932	0.00212932	133
0.973	0.00263511	0.00263511	0.00263511	0.00263511	131
0.974	0.000766667	0.000766667	0.000766667	0.000766667	96
0.975	-0.00315556	-0.00315556	-0.00315556	-0.00315556	117
0.976	-0.00137778	-0.00137778	-0.00137778	-0.00137778	126
0.977	-0.00119245	-0.00119245	-0.00119245	-0.00119245	106
0.978	-0.00439412	-0.00439412	-0.00439412	-0.00439412	136
0.979	-0.00270476	-0.00270476	-0.00270476	-0.00270476	126
0.98	-0.00444706	-0.00444706	-0.00444706	-0.00444706	153
0.981	-0.000807547	-0.000807547	-0.000807547	-0.000807547	106
0.982	-0.000313793	-0.000313793	-0.000313793	-0.000313793	116
0.983	-0.00245965	-0.00245965	-0.00245965	-0.00245965	114
0.984	-0.00146769	-0.00146769	-0.00146769	-0.00146769	130
0.985	-0.00353028	-0.00353028	-0.00353028	-0.00353028	109
0.986	-0.00386429	-0.00386429	-0.00386429	-0.00386429	112
0.987	-0.00187107	-0.00187107	-0.00187107	-0.00187107	121
0.988	-0.00172613	-0.00172613	-0.00172613	-0.00172613	111
0.989	-0.0020486	-0.0020486	-0.0020486	-0.0020486	107
0.99	-0.00453043	-0.00453043	-0.00453043	-0.00453043	92
0.991	-0.00155514	-0.00155514	-0.00155514	-0.00155514	107
0.992	-0.00342258	-0.00342258	-0.00342258	-0.00342258	124
0.993	-0.00368736	-0.00368736	-0.00368736	-0.00368736	87
0.994	-0.000879339	-0.000879339	-0.000879339	-0.000879339	121
0.995	0.000898969	0.000898969	0.000898969	0.000898969	97
0.996	0.0006528	0.0006528	0.0006528	0.0006528	125
0.997	-0.00162478	-0.00162478	-0.00162478	-0.00162478	113
0.998	0.00019115	0.00019115	0.00019115	0.00019115	113
0.999	0.00361798	0.00361798	0.00361798	0.00361798	89
1	-0.001545	-0.001545	-0.001545	-0.001545	80
