0.001	0.0879083	0.0879083	0.0879083	0.0879083	1261
0.002	0.0819058	0.0819058	0.0819058	0.0819058	917
0.003	0.0764357	0.0764357	0.0764357	0.0764357	672
0.004	0.0718158	0.0718158	0.0718158	0.0718158	556
0.005	0.0645717	0.0645717	0.0645717	0.0645717	424
0.006	0.0548856	0.0548856	0.0548856	0.0548856	411
0.007	0.0564291	0.0564291	0.0564291	0.0564291	399
0.008	0.0470202	0.0470202	0.0470202	0.0470202	327
0.009	0.0415834	0.0415834	0.0415834	0.0415834	289
0.01	0.038602	0.038602	0.038602	0.038602	303
0.011	0.0282224	0.0282224	0.0282224	0.0282224	268
0.012	0.0276452	0.0276452	0.0276452	0.0276452	230
0.013	0.0249224	0.0249224	0.0249224	0.0249224	255
0.014	0.0289094	0.0289094	0.0289094	0.0289094	212
0.015	0.0206093	0.0206093	0.0206093	0.0206093	193
0.016	0.025703	0.025703	0.025703	0.025703	202
0.017	0.0212784	0.0212784	0.0212784	0.0212784	194
0.018	0.0168042	0.0168042	0.0168042	0.0168042	191
0.019	0.0168808	0.0168808	0.0168808	0.0168808	203
0.02	0.0137764	0.0137764	0.0137764	0.0137764	195
0.021	0.0175333	0.0175333	0.0175333	0.0175333	150
0.022	0.0148275	0.0148275	0.0148275	0.0148275	189
0.023	0.0161841	0.0161841	0.0161841	0.0161841	176
0.024	0.0178071	0.0178071	0.0178071	0.0178071	170
0.025	0.0111006	0.0111006	0.0111006	0.0111006	173
0.026	0.00801399	0.00801399	0.00801399	0.00801399	143
0.027	0.0121473	0.0121473	0.0121473	0.0121473	182
0.028	0.00824146	0.00824146	0.00824146	0.00824146	164
0.029	0.0108297	0.0108297	0.0108297	0.0108297	175
0.03	0.00895116	0.00895116	0.00895116	0.00895116	172
0.031	0.0100408	0.0100408	0.0100408	0.0100408	157
0.032	0.00941944	0.00941944	0.00941944	0.00941944	144
0.033	0.0097374	0.0097374	0.0097374	0.0097374	131
0.034	0.00858824	0.00858824	0.00858824	0.00858824	136
0.035	0.00597971	0.00597971	0.00597971	0.00597971	138
0.036	0.00462857	0.00462857	0.00462857	0.00462857	147
0.037	0.00932308	0.00932308	0.00932308	0.00932308	143
0.038	0.00751176	0.00751176	0.00751176	0.00751176	136
0.039	0.010605	0.010605	0.010605	0.010605	160
0.04	0.00767007	0.00767007	0.00767007	0.00767007	137
0.041	0.0038229	0.0038229	0.0038229	0.0038229	131
0.042	0.00294643	0.00294643	0.00294643	0.00294643	112
0.043	0.00218889	0.00218889	0.00218889	0.00218889	108
0.044	0.00247552	0.00247552	0.00247552	0.00247552	143
0.045	0.0069831	0.0069831	0.0069831	0.0069831	142
0.046	0.0048259	0.0048259	0.0048259	0.0048259	139
0.047	0.000716084	0.000716084	0.000716084	0.000716084	143
0.048	0.00282025	0.00282025	0.00282025	0.00282025	158
0.049	0.00373622	0.00373622	0.00373622	0.00373622	185
0.05	0.000795349	0.000795349	0.000795349	0.000795349	172
0.051	0.00456821	0.00456821	0.00456821	0.00456821	195
0.052	0.0046994	0.0046994	0.0046994	0.0046994	167
0.053	0.00418987	0.00418987	0.00418987	0.00418987	158
0.054	0.000476316	0.000476316	0.000476316	0.000476316	152
0.055	0.0044597	0.0044597	0.0044597	0.0044597	134
0.056	0.00467042	0.00467042	0.00467042	0.00467042	142
0.057	0.00688408	0.00688408	0.00688408	0.00688408	157
0.058	0.00487853	0.00487853	0.00487853	0.00487853	163
0.059	0.00906047	0.00906047	0.00906047	0.00906047	129
0.06	0.00802133	0.00802133	0.00802133	0.00802133	150
0.061	0.00332055	0.00332055	0.00332055	0.00332055	146
0.062	0.00186389	0.00186389	0.00186389	0.00186389	144
0.063	-0.00017027	-0.00017027	-0.00017027	-0.00017027	148
0.064	0.00354521	0.00354521	0.00354521	0.00354521	146
0.065	0.0027234	0.0027234	0.0027234	0.0027234	141
0.066	0.00150199	0.00150199	0.00150199	0.00150199	151
0.067	0.00146667	0.00146667	0.00146667	0.00146667	135
0.068	-0.00103529	-0.00103529	-0.00103529	-0.00103529	119
0.069	-0.00192727	-0.00192727	-0.00192727	-0.00192727	154
0.07	-0.00339556	-0.00339556	-0.00339556	-0.00339556	135
0.071	-0.000538583	-0.000538583	-0.000538583	-0.000538583	127
0.072	0.000697222	0.000697222	0.000697222	0.000697222	144
0.073	0.000794326	0.000794326	0.000794326	0.000794326	141
0.074	-0.00331009	-0.00331009	-0.00331009	-0.00331009	109
0.075	-0.00209524	-0.00209524	-0.00209524	-0.00209524	105
0.076	-0.00282087	-0.00282087	-0.00282087	-0.00282087	115
0.077	-0.000441935	-0.000441935	-0.000441935	-0.000441935	124
0.078	0.00272727	0.00272727	0.00272727	0.00272727	121
0.079	0.00289302	0.00289302	0.00289302	0.00289302	129
0.08	0.00143471	0.00143471	0.00143471	0.00143471	121
0.081	0.000560684	0.000560684	0.000560684	0.000560684	117
0.082	0.00178462	0.00178462	0.00178462	0.00178462	143
0.083	0.000384733	0.000384733	0.000384733	0.000384733	131
0.084	0.001095	0.001095	0.001095	0.001095	160
0.085	-0.00147586	-0.00147586	-0.00147586	-0.00147586	116
0.086	0.000211111	0.000211111	0.000211111	0.000211111	144
0.087	0.00198529	0.00198529	0.00198529	0.00198529	136
0.088	0.004088	0.004088	0.004088	0.004088	150
0.089	-0.000796992	-0.000796992	-0.000796992	-0.000796992	133
0.09	0.00273377	0.00273377	0.00273377	0.00273377	151
0.091	0.00604789	0.00604789	0.00604789	0.00604789	142
0.092	-0.00112701	-0.00112701	-0.00112701	-0.00112701	137
0.093	0.00393178	0.00393178	0.00393178	0.00393178	129
0.094	0.00386441	0.00386441	0.00386441	0.00386441	118
0.095	0.00137687	0.00137687	0.00137687	0.00137687	147
0.096	0.00225294	0.00225294	0.00225294	0.00225294	136
0.097	0.00222675	0.00222675	0.00222675	0.00222675	157
0.098	0.00541587	0.00541587	0.00541587	0.00541587	126
0.099	-0.00044	-0.00044	-0.00044	-0.00044	120
0.1	0.00118	0.00118	0.00118	0.00118	120
0.101	0.00369831	0.00369831	0.00369831	0.00369831	118
0.102	-0.00157624	-0.00157624	-0.00157624	-0.00157624	101
0.103	0.000939683	0.000939683	0.000939683	0.000939683	126
0.104	-0.00320364	-0.00320364	-0.00320364	-0.00320364	110
0.105	-0.000182524	-0.000182524	-0.000182524	-0.000182524	103
0.106	-0.00173455	-0.00173455	-0.00173455	-0.00173455	110
0.107	0.00373846	0.00373846	0.00373846	0.00373846	130
0.108	0.00116239	0.00116239	0.00116239	0.00116239	117
0.109	0.0056576	0.0056576	0.0056576	0.0056576	125
0.11	0.0060155	0.0060155	0.0060155	0.0060155	129
0.111	0.00344274	0.00344274	0.00344274	0.00344274	117
0.112	0.00350769	0.00350769	0.00350769	0.00350769	130
0.113	0.00461333	0.00461333	0.00461333	0.00461333	150
0.114	-0.00049697	-0.00049697	-0.00049697	-0.00049697	165
0.115	-7.07317e-05	-7.07317e-05	-7.07317e-05	-7.07317e-05	164
0.116	0.00135425	0.00135425	0.00135425	0.00135425	153
0.117	0.000576119	0.000576119	0.000576119	0.000576119	134
0.118	-0.00198592	-0.00198592	-0.00198592	-0.00198592	142
0.119	-0.00198841	-0.00198841	-0.00198841	-0.00198841	138
0.12	-0.000336986	-0.000336986	-0.000336986	-0.000336986	146
0.121	0.00377479	0.00377479	0.00377479	0.00377479	119
0.122	0.00161697	0.00161697	0.00161697	0.00161697	165
0.123	0.000135897	0.000135897	0.000135897	0.000135897	156
0.124	-0.00124848	-0.00124848	-0.00124848	-0.00124848	132
0.125	-0.000667606	-0.000667606	-0.000667606	-0.000667606	142
0.126	0.000103497	0.000103497	0.000103497	0.000103497	143
0.127	0.00154	0.00154	0.00154	0.00154	120
0.128	0.00470442	0.00470442	0.00470442	0.00470442	113
0.129	0.00094386	0.00094386	0.00094386	0.00094386	114
0.13	-0.000264789	-0.000264789	-0.000264789	-0.000264789	142
0.131	0.00273481	0.00273481	0.00273481	0.00273481	135
0.132	0.00248153	0.00248153	0.00248153	0.00248153	157
0.133	0.00258519	0.00258519	0.00258519	0.00258519	162
0.134	-0.00203291	-0.00203291	-0.00203291	-0.00203291	158
0.135	0.002575	0.002575	0.002575	0.002575	128
0.136	0.00188571	0.00188571	0.00188571	0.00188571	154
0.137	0.00066802	0.00066802	0.00066802	0.00066802	197
0.138	0.00159441	0.00159441	0.00159441	0.00159441	143
0.139	0.00142529	0.00142529	0.00142529	0.00142529	174
0.14	-6.08187e-05	-6.08187e-05	-6.08187e-05	-6.08187e-05	171
0.141	-0.000791367	-0.000791367	-0.000791367	-0.000791367	139
0.142	0.00267438	0.00267438	0.00267438	0.00267438	121
0.143	0.0048	0.0048	0.0048	0.0048	132
0.144	0.000537063	0.000537063	0.000537063	0.000537063	143
0.145	-0.000183333	-0.000183333	-0.000183333	-0.000183333	144
0.146	0.00164789	0.00164789	0.00164789	0.00164789	142
0.147	-0.000733728	-0.000733728	-0.000733728	-0.000733728	169
0.148	-0.00117368	-0.00117368	-0.00117368	-0.00117368	152
0.149	-0.001105	-0.001105	-0.001105	-0.001105	160
0.15	0.000412403	0.000412403	0.000412403	0.000412403	129
0.151	0.00190199	0.00190199	0.00190199	0.00190199	151
0.152	0.00255211	0.00255211	0.00255211	0.00255211	142
0.153	-0.000191781	-0.000191781	-0.000191781	-0.000191781	146
0.154	-0.000157333	-0.000157333	-0.000157333	-0.000157333	150
0.155	-0.0019741	-0.0019741	-0.0019741	-0.0019741	139
0.156	-0.00152441	-0.00152441	-0.00152441	-0.00152441	127
0.157	0.00402368	0.00402368	0.00402368	0.00402368	152
0.158	-0.00127752	-0.00127752	-0.00127752	-0.00127752	129
0.159	0.00211765	0.00211765	0.00211765	0.00211765	119
0.16	0.000964179	0.000964179	0.000964179	0.000964179	134
0.161	0.000314667	0.000314667	0.000314667	0.000314667	150
0.162	0.00143235	0.00143235	0.00143235	0.00143235	136
0.163	0.00221918	0.00221918	0.00221918	0.00221918	146
0.164	0.00356712	0.00356712	0.00356712	0.00356712	146
0.165	0.00234516	0.00234516	0.00234516	0.00234516	124
0.166	0.00218788	0.00218788	0.00218788	0.00218788	132
0.167	0.00120863	0.00120863	0.00120863	0.00120863	139
0.168	0.000748299	0.000748299	0.000748299	0.000748299	147
0.169	0.0032765	0.0032765	0.0032765	0.0032765	183
0.17	0.00203662	0.00203662	0.00203662	0.00203662	142
0.171	0.00137895	0.00137895	0.00137895	0.00137895	152
0.172	-0.000549333	-0.000549333	-0.000549333	-0.000549333	150
0.173	0.000946108	0.000946108	0.000946108	0.000946108	167
0.174	-0.000523256	-0.000523256	-0.000523256	-0.000523256	172
0.175	0.0015972	0.0015972	0.0015972	0.0015972	143
0.176	0.000188618	0.000188618	0.000188618	0.000188618	123
0.177	0.00125352	0.00125352	0.00125352	0.00125352	142
0.178	-0.00151678	-0.00151678	-0.00151678	-0.00151678	149
0.179	-0.000117808	-0.000117808	-0.000117808	-0.000117808	146
0.18	-0.000252308	-0.000252308	-0.000252308	-0.000252308	130
0.181	0.000951181	0.000951181	0.000951181	0.000951181	127
0.182	0.000271141	0.000271141	0.000271141	0.000271141	149
0.183	0.00194286	0.00194286	0.00194286	0.00194286	98
0.184	0.00571071	0.00571071	0.00571071	0.00571071	112
0.185	0.00107563	0.00107563	0.00107563	0.00107563	119
0.186	-0.00122903	-0.00122903	-0.00122903	-0.00122903	124
0.187	0.00142857	0.00142857	0.00142857	0.00142857	126
0.188	0.0041211	0.0041211	0.0041211	0.0041211	109
0.189	-0.00166452	-0.00166452	-0.00166452	-0.00166452	124
0.19	0.000644295	0.000644295	0.000644295	0.000644295	149
0.191	4.68966e-05	4.68966e-05	4.68966e-05	4.68966e-05	145
0.192	0.000109589	0.000109589	0.000109589	0.000109589	146
0.193	0.00467179	0.00467179	0.00467179	0.00467179	156
0.194	0.00256894	0.00256894	0.00256894	0.00256894	161
0.195	0.000362914	0.000362914	0.000362914	0.000362914	151
0.196	-0.000366897	-0.000366897	-0.000366897	-0.000366897	145
0.197	0.00162338	0.00162338	0.00162338	0.00162338	154
0.198	0.00115455	0.00115455	0.00115455	0.00115455	132
0.199	0.000828387	0.000828387	0.000828387	0.000828387	155
0.2	0.00146667	0.00146667	0.00146667	0.00146667	114
0.201	-0.0014365	-0.0014365	-0.0014365	-0.0014365	137
0.202	-0.00448511	-0.00448511	-0.00448511	-0.00448511	141
0.203	0.000144928	0.000144928	0.000144928	0.000144928	138
0.204	0.000214365	0.000214365	0.000214365	0.000214365	181
0.205	-0.00165412	-0.00165412	-0.00165412	-0.00165412	170
0.206	-0.000786667	-0.000786667	-0.000786667	-0.000786667	180
0.207	0.00115556	0.00115556	0.00115556	0.00115556	171
0.208	0.00174933	0.00174933	0.00174933	0.00174933	150
0.209	-0.00219518	-0.00219518	-0.00219518	-0.00219518	166
0.21	-0.00134479	-0.00134479	-0.00134479	-0.00134479	163
0.211	0.00117353	0.00117353	0.00117353	0.00117353	136
0.212	-6.89655e-05	-6.89655e-05	-6.89655e-05	-6.89655e-05	174
0.213	0.000510145	0.000510145	0.000510145	0.000510145	138
0.214	0.00236414	0.00236414	0.00236414	0.00236414	145
0.215	-0.00128148	-0.00128148	-0.00128148	-0.00128148	162
0.216	0.00101224	0.00101224	0.00101224	0.00101224	147
0.217	0.00045974	0.00045974	0.00045974	0.00045974	154
0.218	0.00109508	0.00109508	0.00109508	0.00109508	183
0.219	0.00254798	0.00254798	0.00254798	0.00254798	173
0.22	0.00161491	0.00161491	0.00161491	0.00161491	161
0.221	0.00162353	0.00162353	0.00162353	0.00162353	136
0.222	0.00195676	0.00195676	0.00195676	0.00195676	148
0.223	0.00226928	0.00226928	0.00226928	0.00226928	153
0.224	-0.0016	-0.0016	-0.0016	-0.0016	141
0.225	-0.00215775	-0.00215775	-0.00215775	-0.00215775	142
0.226	-0.000851908	-0.000851908	-0.000851908	-0.000851908	131
0.227	-0.00231181	-0.00231181	-0.00231181	-0.00231181	127
0.228	-0.00216774	-0.00216774	-0.00216774	-0.00216774	124
0.229	-0.000301695	-0.000301695	-0.000301695	-0.000301695	118
0.23	-0.00321527	-0.00321527	-0.00321527	-0.00321527	131
0.231	-0.000281481	-0.000281481	-0.000281481	-0.000281481	135
0.232	-0.00294795	-0.00294795	-0.00294795	-0.00294795	146
0.233	-0.00049816	-0.00049816	-0.00049816	-0.00049816	163
0.234	0.00167947	0.00167947	0.00167947	0.00167947	151
0.235	0.00183492	0.00183492	0.00183492	0.00183492	126
0.236	3.72813e-19	3.72813e-19	3.72813e-19	3.72813e-19	114
0.237	-0.00202617	-0.00202617	-0.00202617	-0.00202617	107
0.238	9.30233e-05	9.30233e-05	9.30233e-05	9.30233e-05	129
0.239	-0.000559259	-0.000559259	-0.000559259	-0.000559259	108
0.24	6.33333e-05	6.33333e-05	6.33333e-05	6.33333e-05	120
0.241	-0.000247222	-0.000247222	-0.000247222	-0.000247222	144
0.242	0.000892308	0.000892308	0.000892308	0.000892308	130
0.243	0.000868493	0.000868493	0.000868493	0.000868493	146
0.244	-0.000583158	-0.000583158	-0.000583158	-0.000583158	190
0.245	-0.00223614	-0.00223614	-0.00223614	-0.00223614	166
0.246	-0.00245843	-0.00245843	-0.00245843	-0.00245843	178
0.247	9.12281e-05	9.12281e-05	9.12281e-05	9.12281e-05	171
0.248	-0.00113383	-0.00113383	-0.00113383	-0.00113383	133
0.249	6.75676e-05	6.75676e-05	6.75676e-05	6.75676e-05	148
0.25	-0.00295946	-0.00295946	-0.00295946	-0.00295946	148
0.251	-0.0012675	-0.0012675	-0.0012675	-0.0012675	160
0.252	-0.00143511	-0.00143511	-0.00143511	-0.00143511	131
0.253	0.00042963	0.00042963	0.00042963	0.00042963	135
0.254	-8.34783e-05	-8.34783e-05	-8.34783e-05	-8.34783e-05	115
0.255	-0.0023	-0.0023	-0.0023	-0.0023	152
0.256	-0.0007264	-0.0007264	-0.0007264	-0.0007264	125
0.257	0.00141037	0.00141037	0.00141037	0.00141037	135
0.258	0.000927152	0.000927152	0.000927152	0.000927152	151
0.259	0.00175597	0.00175597	0.00175597	0.00175597	159
0.26	0.00111655	0.00111655	0.00111655	0.00111655	139
0.261	0.00108767	0.00108767	0.00108767	0.00108767	146
0.262	0.000682051	0.000682051	0.000682051	0.000682051	156
0.263	0.000640523	0.000640523	0.000640523	0.000640523	153
0.264	-0.000856	-0.000856	-0.000856	-0.000856	150
0.265	-0.00114699	-0.00114699	-0.00114699	-0.00114699	166
0.266	-0.000831884	-0.000831884	-0.000831884	-0.000831884	138
0.267	0.00113333	0.00113333	0.00113333	0.00113333	168
0.268	0.000188957	0.000188957	0.000188957	0.000188957	163
0.269	-0.000296	-0.000296	-0.000296	-0.000296	150
0.27	0.000205587	0.000205587	0.000205587	0.000205587	179
0.271	0.00357943	0.00357943	0.00357943	0.00357943	175
0.272	-0.00177108	-0.00177108	-0.00177108	-0.00177108	166
0.273	0.0023025	0.0023025	0.0023025	0.0023025	160
0.274	0.00301667	0.00301667	0.00301667	0.00301667	144
0.275	0.0033194	0.0033194	0.0033194	0.0033194	134
0.276	-0.00144615	-0.00144615	-0.00144615	-0.00144615	143
0.277	0.00108205	0.00108205	0.00108205	0.00108205	156
0.278	0.000683444	0.000683444	0.000683444	0.000683444	151
0.279	0.000368212	0.000368212	0.000368212	0.000368212	151
0.28	0.00208112	0.00208112	0.00208112	0.00208112	143
0.281	0.00105867	0.00105867	0.00105867	0.00105867	150
0.282	0.00140278	0.00140278	0.00140278	0.00140278	144
0.283	0.00102286	0.00102286	0.00102286	0.00102286	140
0.284	0.00169589	0.00169589	0.00169589	0.00169589	146
0.285	0.00264962	0.00264962	0.00264962	0.00264962	133
0.286	0.00137857	0.00137857	0.00137857	0.00137857	168
0.287	0.00520541	0.00520541	0.00520541	0.00520541	148
0.288	0.00485891	0.00485891	0.00485891	0.00485891	129
0.289	-0.00161159	-0.00161159	-0.00161159	-0.00161159	138
0.29	0.00410543	0.00410543	0.00410543	0.00410543	129
0.291	-0.00226462	-0.00226462	-0.00226462	-0.00226462	130
0.292	0.00128805	0.00128805	0.00128805	0.00128805	159
0.293	0.0013457	0.0013457	0.0013457	0.0013457	151
0.294	0.0016916	0.0016916	0.0016916	0.0016916	131
0.295	-0.0012871	-0.0012871	-0.0012871	-0.0012871	124
0.296	0.00158333	0.00158333	0.00158333	0.00158333	144
0.297	0.00312698	0.00312698	0.00312698	0.00312698	126
0.298	0.00520755	0.00520755	0.00520755	0.00520755	106
0.299	0.00283279	0.00283279	0.00283279	0.00283279	122
0.3	0.00350323	0.00350323	0.00350323	0.00350323	124
0.301	0.0016	0.0016	0.0016	0.0016	127
0.302	0.000968153	0.000968153	0.000968153	0.000968153	157
0.303	0.000165766	0.000165766	0.000165766	0.000165766	111
0.304	0.00571746	0.00571746	0.00571746	0.00571746	126
0.305	0.00145276	0.00145276	0.00145276	0.00145276	163
0.306	0.000928125	0.000928125	0.000928125	0.000928125	128
0.307	0.00202647	0.00202647	0.00202647	0.00202647	136
0.308	0.000370186	0.000370186	0.000370186	0.000370186	161
0.309	-0.000777143	-0.000777143	-0.000777143	-0.000777143	140
0.31	-8.69565e-05	-8.69565e-05	-8.69565e-05	-8.69565e-05	138
0.311	-0.00201765	-0.00201765	-0.00201765	-0.00201765	136
0.312	0.000485294	0.000485294	0.000485294	0.000485294	136
0.313	1.47059e-05	1.47059e-05	1.47059e-05	1.47059e-05	136
0.314	-0.000256757	-0.000256757	-0.000256757	-0.000256757	148
0.315	0.00176378	0.00176378	0.00176378	0.00176378	127
0.316	-0.00114729	-0.00114729	-0.00114729	-0.00114729	129
0.317	-0.00172537	-0.00172537	-0.00172537	-0.00172537	134
0.318	-0.00106053	-0.00106053	-0.00106053	-0.00106053	152
0.319	-0.000276923	-0.000276923	-0.000276923	-0.000276923	156
0.32	-0.000125874	-0.000125874	-0.000125874	-0.000125874	143
0.321	0.00276547	0.00276547	0.00276547	0.00276547	139
0.322	0.00122975	0.00122975	0.00122975	0.00122975	121
0.323	0.00296571	0.00296571	0.00296571	0.00296571	140
0.324	0.00334118	0.00334118	0.00334118	0.00334118	187
0.325	0.00402727	0.00402727	0.00402727	0.00402727	176
0.326	0.00465732	0.00465732	0.00465732	0.00465732	157
0.327	0.00630464	0.00630464	0.00630464	0.00630464	151
0.328	0.00276	0.00276	0.00276	0.00276	150
0.329	0.00354483	0.00354483	0.00354483	0.00354483	145
0.33	0.00178993	0.00178993	0.00178993	0.00178993	139
0.331	0.000366412	0.000366412	0.000366412	0.000366412	131
0.332	0.000747826	0.000747826	0.000747826	0.000747826	138
0.333	0.00249143	0.00249143	0.00249143	0.00249143	140
0.334	0.00156387	0.00156387	0.00156387	0.00156387	155
0.335	-0.00166275	-0.00166275	-0.00166275	-0.00166275	153
0.336	-0.000751515	-0.000751515	-0.000751515	-0.000751515	132
0.337	-0.000649057	-0.000649057	-0.000649057	-0.000649057	159
0.338	-0.003575	-0.003575	-0.003575	-0.003575	128
0.339	-0.00192409	-0.00192409	-0.00192409	-0.00192409	137
0.34	-0.00282238	-0.00282238	-0.00282238	-0.00282238	143
0.341	-0.00402609	-0.00402609	-0.00402609	-0.00402609	138
0.342	0.000790769	0.000790769	0.000790769	0.000790769	130
0.343	0.00404317	0.00404317	0.00404317	0.00404317	139
0.344	0.000465041	0.000465041	0.000465041	0.000465041	123
0.345	-0.000463158	-0.000463158	-0.000463158	-0.000463158	114
0.346	-0.00134953	-0.00134953	-0.00134953	-0.00134953	107
0.347	-0.000886957	-0.000886957	-0.000886957	-0.000886957	115
0.348	0.000201739	0.000201739	0.000201739	0.000201739	115
0.349	-0.000214876	-0.000214876	-0.000214876	-0.000214876	121
0.35	0.000616901	0.000616901	0.000616901	0.000616901	142
0.351	-0.00151724	-0.00151724	-0.00151724	-0.00151724	116
0.352	0.0031084	0.0031084	0.0031084	0.0031084	131
0.353	0.000103937	0.000103937	0.000103937	0.000103937	127
0.354	-0.000631429	-0.000631429	-0.000631429	-0.000631429	140
0.355	0.00325191	0.00325191	0.00325191	0.00325191	131
0.356	0.00165528	0.00165528	0.00165528	0.00165528	123
0.357	0.00098963	0.00098963	0.00098963	0.00098963	135
0.358	0.00129204	0.00129204	0.00129204	0.00129204	113
0.359	0.00197838	0.00197838	0.00197838	0.00197838	148
0.36	0.00664918	0.00664918	0.00664918	0.00664918	122
0.361	0.00350847	0.00350847	0.00350847	0.00350847	118
0.362	-0.00150968	-0.00150968	-0.00150968	-0.00150968	124
0.363	-0.00216599	-0.00216599	-0.00216599	-0.00216599	147
0.364	0.00179835	0.00179835	0.00179835	0.00179835	121
0.365	0.0007936	0.0007936	0.0007936	0.0007936	125
0.366	0.00151	0.00151	0.00151	0.00151	120
0.367	-0.000245045	-0.000245045	-0.000245045	-0.000245045	111
0.368	-0.000483871	-0.000483871	-0.000483871	-0.000483871	124
0.369	-0.00141395	-0.00141395	-0.00141395	-0.00141395	129
0.37	0.000216514	0.000216514	0.000216514	0.000216514	109
0.371	-0.00198033	-0.00198033	-0.00198033	-0.00198033	122
0.372	-0.0016125	-0.0016125	-0.0016125	-0.0016125	128
0.373	0.00121062	0.00121062	0.00121062	0.00121062	113
0.374	-0.00174422	-0.00174422	-0.00174422	-0.00174422	147
0.375	0.000132283	0.000132283	0.000132283	0.000132283	127
0.376	-0.000737984	-0.000737984	-0.000737984	-0.000737984	129
0.377	-0.00178344	-0.00178344	-0.00178344	-0.00178344	157
0.378	0.000508642	0.000508642	0.000508642	0.000508642	162
0.379	0.00276273	0.00276273	0.00276273	0.00276273	161
0.38	0.000956391	0.000956391	0.000956391	0.000956391	133
0.381	0.0001472	0.0001472	0.0001472	0.0001472	125
0.382	0.0018169	0.0018169	0.0018169	0.0018169	142
0.383	-0.00025	-0.00025	-0.00025	-0.00025	128
0.384	0.00136134	0.00136134	0.00136134	0.00136134	119
0.385	0.00117664	0.00117664	0.00117664	0.00117664	137
0.386	-3.66667e-05	-3.66667e-05	-3.66667e-05	-3.66667e-05	120
0.387	-0.00105789	-0.00105789	-0.00105789	-0.00105789	152
0.388	-0.00122597	-0.00122597	-0.00122597	-0.00122597	154
0.389	-0.00234203	-0.00234203	-0.00234203	-0.00234203	138
0.39	-0.00177879	-0.00177879	-0.00177879	-0.00177879	132
0.391	-0.00188333	-0.00188333	-0.00188333	-0.00188333	120
0.392	-0.00236875	-0.00236875	-0.00236875	-0.00236875	128
0.393	-0.000659829	-0.000659829	-0.000659829	-0.000659829	117
0.394	-0.00171429	-0.00171429	-0.00171429	-0.00171429	119
0.395	-0.00187368	-0.00187368	-0.00187368	-0.00187368	133
0.396	9.13386e-05	9.13386e-05	9.13386e-05	9.13386e-05	127
0.397	-0.00143051	-0.00143051	-0.00143051	-0.00143051	118
0.398	0.000875862	0.000875862	0.000875862	0.000875862	116
0.399	0.000437288	0.000437288	0.000437288	0.000437288	118
0.4	0.00015	0.00015	0.00015	0.00015	112
0.401	0.00172075	0.00172075	0.00172075	0.00172075	106
0.402	-0.00205981	-0.00205981	-0.00205981	-0.00205981	107
0.403	0.00301154	0.00301154	0.00301154	0.00301154	104
0.404	0.000796396	0.000796396	0.000796396	0.000796396	111
0.405	-0.00166869	-0.00166869	-0.00166869	-0.00166869	99
0.406	0.00143717	0.00143717	0.00143717	0.00143717	113
0.407	0.000981022	0.000981022	0.000981022	0.000981022	137
0.408	0.00116207	0.00116207	0.00116207	0.00116207	116
0.409	0.00146667	0.00146667	0.00146667	0.00146667	114
0.41	-0.000647191	-0.000647191	-0.000647191	-0.000647191	89
0.411	-0.0001216	-0.0001216	-0.0001216	-0.0001216	125
0.412	-0.000904615	-0.000904615	-0.000904615	-0.000904615	130
0.413	-0.00350924	-0.00350924	-0.00350924	-0.00350924	119
0.414	-0.00278431	-0.00278431	-0.00278431	-0.00278431	102
0.415	-0.000783051	-0.000783051	-0.000783051	-0.000783051	118
0.416	-4.09449e-05	-4.09449e-05	-4.09449e-05	-4.09449e-05	127
0.417	0.000972263	0.000972263	0.000972263	0.000972263	137
0.418	0.00316463	0.00316463	0.00316463	0.00316463	147
0.419	0.00150769	0.00150769	0.00150769	0.00150769	130
0.42	0.00185248	0.00185248	0.00185248	0.00185248	141
0.421	0.000793277	0.000793277	0.000793277	0.000793277	119
0.422	0.00621493	0.00621493	0.00621493	0.00621493	134
0.423	0.00163101	0.00163101	0.00163101	0.00163101	129
0.424	0.00185612	0.00185612	0.00185612	0.00185612	139
0.425	0.00147087	0.00147087	0.00147087	0.00147087	127
0.426	-0.0015102	-0.0015102	-0.0015102	-0.0015102	147
0.427	0.000412598	0.000412598	0.000412598	0.000412598	127
0.428	-0.00116207	-0.00116207	-0.00116207	-0.00116207	116
0.429	0.00155333	0.00155333	0.00155333	0.00155333	120
0.43	-0.0012198	-0.0012198	-0.0012198	-0.0012198	101
0.431	-0.00063125	-0.00063125	-0.00063125	-0.00063125	128
0.432	-0.00049697	-0.00049697	-0.00049697	-0.00049697	99
0.433	-0.00121852	-0.00121852	-0.00121852	-0.00121852	108
0.434	0.00216585	0.00216585	0.00216585	0.00216585	123
0.435	0.00251092	0.00251092	0.00251092	0.00251092	119
0.436	0.00284959	0.00284959	0.00284959	0.00284959	121
0.437	0.0015375	0.0015375	0.0015375	0.0015375	128
0.438	0.0035619	0.0035619	0.0035619	0.0035619	126
0.439	0.00262951	0.00262951	0.00262951	0.00262951	122
0.44	-0.0032782	-0.0032782	-0.0032782	-0.0032782	133
0.441	-0.00344662	-0.00344662	-0.00344662	-0.00344662	133
0.442	-0.00117241	-0.00117241	-0.00117241	-0.00117241	145
0.443	-0.00335312	-0.00335312	-0.00335312	-0.00335312	128
0.444	-0.000115942	-0.000115942	-0.000115942	-0.000115942	138
0.445	0.00245203	0.00245203	0.00245203	0.00245203	123
0.446	-0.00252283	-0.00252283	-0.00252283	-0.00252283	127
0.447	-6.4e-05	-6.4e-05	-6.4e-05	-6.4e-05	125
0.448	-0.00105806	-0.00105806	-0.00105806	-0.00105806	124
0.449	0.000326241	0.000326241	0.000326241	0.000326241	141
0.45	0.00180548	0.00180548	0.00180548	0.00180548	146
0.451	-0.00131692	-0.00131692	-0.00131692	-0.00131692	130
0.452	-0.000245614	-0.000245614	-0.000245614	-0.000245614	114
0.453	-0.00169612	-0.00169612	-0.00169612	-0.00169612	129
0.454	-0.000221053	-0.000221053	-0.000221053	-0.000221053	114
0.455	0.00138909	0.00138909	0.00138909	0.00138909	110
0.456	0.00248403	0.00248403	0.00248403	0.00248403	119
0.457	-0.000814035	-0.000814035	-0.000814035	-0.000814035	114
0.458	0.000499048	0.000499048	0.000499048	0.000499048	105
0.459	0.00025614	0.00025614	0.00025614	0.00025614	114
0.46	0.00023125	0.00023125	0.00023125	0.00023125	128
0.461	0.000415625	0.000415625	0.000415625	0.000415625	128
0.462	0.000339286	0.000339286	0.000339286	0.000339286	112
0.463	0.00363051	0.00363051	0.00363051	0.00363051	118
0.464	0.000118644	0.000118644	0.000118644	0.000118644	118
0.465	0.00265512	0.00265512	0.00265512	0.00265512	127
0.466	0.00281121	0.00281121	0.00281121	0.00281121	107
0.467	0.00031453	0.00031453	0.00031453	0.00031453	117
0.468	0.000265649	0.000265649	0.000265649	0.000265649	131
0.469	-0.00205891	-0.00205891	-0.00205891	-0.00205891	129
0.47	-0.00237465	-0.00237465	-0.00237465	-0.00237465	142
0.471	0.000764706	0.000764706	0.000764706	0.000764706	136
0.472	0.0011904	0.0011904	0.0011904	0.0011904	125
0.473	-0.000856198	-0.000856198	-0.000856198	-0.000856198	121
0.474	0.00029703	0.00029703	0.00029703	0.00029703	101
0.475	0.00265038	0.00265038	0.00265038	0.00265038	131
0.476	0.0013303	0.0013303	0.0013303	0.0013303	132
0.477	0.00132941	0.00132941	0.00132941	0.00132941	136
0.478	0.00354375	0.00354375	0.00354375	0.00354375	128
0.479	0.000654545	0.000654545	0.000654545	0.000654545	143
0.48	0.00355906	0.00355906	0.00355906	0.00355906	127
0.481	-1.61074e-05	-1.61074e-05	-1.61074e-05	-1.61074e-05	149
0.482	0.00350746	0.00350746	0.00350746	0.00350746	134
0.483	0.00179412	0.00179412	0.00179412	0.00179412	136
0.484	0.00152593	0.00152593	0.00152593	0.00152593	135
0.485	-0.00254828	-0.00254828	-0.00254828	-0.00254828	116
0.486	-0.00416637	-0.00416637	-0.00416637	-0.00416637	113
0.487	0.000649541	0.000649541	0.000649541	0.000649541	109
0.488	0.00115873	0.00115873	0.00115873	0.00115873	126
0.489	0.00243964	0.00243964	0.00243964	0.00243964	111
0.49	0.00045042	0.00045042	0.00045042	0.00045042	119
0.491	0.00289714	0.00289714	0.00289714	0.00289714	140
0.492	0.00506757	0.00506757	0.00506757	0.00506757	148
0.493	0.00379108	0.00379108	0.00379108	0.00379108	157
0.494	0.00391111	0.00391111	0.00391111	0.00391111	135
0.495	0.000723967	0.000723967	0.000723967	0.000723967	121
0.496	0.000971034	0.000971034	0.000971034	0.000971034	145
0.497	0.0021617	0.0021617	0.0021617	0.0021617	141
0.498	0.000891228	0.000891228	0.000891228	0.000891228	114
0.499	-0.000862016	-0.000862016	-0.000862016	-0.000862016	129
0.5	-0.00100656	-0.00100656	-0.00100656	-0.00100656	122
0.501	8.51064e-06	8.51064e-06	8.51064e-06	8.51064e-06	141
0.502	0.000318797	0.000318797	0.000318797	0.000318797	133
0.503	0.00315556	0.00315556	0.00315556	0.00315556	135
0.504	0.00334915	0.00334915	0.00334915	0.00334915	118
0.505	0.00128421	0.00128421	0.00128421	0.00128421	114
0.506	-0.000497479	-0.000497479	-0.000497479	-0.000497479	119
0.507	-0.000363636	-0.000363636	-0.000363636	-0.000363636	132
0.508	2.17054e-05	2.17054e-05	2.17054e-05	2.17054e-05	129
0.509	-0.00114098	-0.00114098	-0.00114098	-0.00114098	122
0.51	-0.000285714	-0.000285714	-0.000285714	-0.000285714	126
0.511	-0.00253423	-0.00253423	-0.00253423	-0.00253423	149
0.512	-0.000885294	-0.000885294	-0.000885294	-0.000885294	136
0.513	-0.000623622	-0.000623622	-0.000623622	-0.000623622	127
0.514	-0.000817266	-0.000817266	-0.000817266	-0.000817266	139
0.515	-0.000135172	-0.000135172	-0.000135172	-0.000135172	145
0.516	0.000536296	0.000536296	0.000536296	0.000536296	135
0.517	0.000460377	0.000460377	0.000460377	0.000460377	159
0.518	-0.000734752	-0.000734752	-0.000734752	-0.000734752	141
0.519	-0.000450667	-0.000450667	-0.000450667	-0.000450667	150
0.52	-0.0010271	-0.0010271	-0.0010271	-0.0010271	155
0.521	-0.00305938	-0.00305938	-0.00305938	-0.00305938	128
0.522	0.000239474	0.000239474	0.000239474	0.000239474	152
0.523	0.000852055	0.000852055	0.000852055	0.000852055	146
0.524	-0.00159708	-0.00159708	-0.00159708	-0.00159708	137
0.525	-0.00191405	-0.00191405	-0.00191405	-0.00191405	121
0.526	-0.0002784	-0.0002784	-0.0002784	-0.0002784	125
0.527	-0.000608264	-0.000608264	-0.000608264	-0.000608264	121
0.528	0.00160351	0.00160351	0.00160351	0.00160351	114
0.529	-0.00194521	-0.00194521	-0.00194521	-0.00194521	146
0.53	-0.00190229	-0.00190229	-0.00190229	-0.00190229	131
0.531	0.00105312	0.00105312	0.00105312	0.00105312	128
0.532	0.000363077	0.000363077	0.000363077	0.000363077	130
0.533	0.00157217	0.00157217	0.00157217	0.00157217	115
0.534	-0.000453333	-0.000453333	-0.000453333	-0.000453333	120
0.535	-0.00236589	-0.00236589	-0.00236589	-0.00236589	129
0.536	-0.000991892	-0.000991892	-0.000991892	-0.000991892	148
0.537	-0.00058626	-0.00058626	-0.00058626	-0.00058626	131
0.538	4.58015e-05	4.58015e-05	4.58015e-05	4.58015e-05	131
0.539	-0.000229851	-0.000229851	-0.000229851	-0.000229851	134
0.54	-0.00121493	-0.00121493	-0.00121493	-0.00121493	134
0.541	-0.00145507	-0.00145507	-0.00145507	-0.00145507	138
0.542	-0.00107445	-0.00107445	-0.00107445	-0.00107445	137
0.543	-0.000403774	-0.000403774	-0.000403774	-0.000403774	106
0.544	-0.000648739	-0.000648739	-0.000648739	-0.000648739	119
0.545	0.000432432	0.000432432	0.000432432	0.000432432	111
0.546	0.00238319	0.00238319	0.00238319	0.00238319	119
0.547	0.000122034	0.000122034	0.000122034	0.000122034	118
0.548	0.00166087	0.00166087	0.00166087	0.00166087	138
0.549	0.00185641	0.00185641	0.00185641	0.00185641	117
0.55	0.000657143	0.000657143	0.000657143	0.000657143	126
0.551	2.72727e-05	2.72727e-05	2.72727e-05	2.72727e-05	176
0.552	0.00332761	0.00332761	0.00332761	0.00332761	163
0.553	0.00241579	0.00241579	0.00241579	0.00241579	152
0.554	0.00132143	0.00132143	0.00132143	0.00132143	168
0.555	0.00355278	0.00355278	0.00355278	0.00355278	144
0.556	0.000419048	0.000419048	0.000419048	0.000419048	126
0.557	0.00124375	0.00124375	0.00124375	0.00124375	128
0.558	0.00167218	0.00167218	0.00167218	0.00167218	133
0.559	0.00100775	0.00100775	0.00100775	0.00100775	129
0.56	0.00267899	0.00267899	0.00267899	0.00267899	119
0.561	-0.000850704	-0.000850704	-0.000850704	-0.000850704	142
0.562	-0.00123836	-0.00123836	-0.00123836	-0.00123836	146
0.563	-0.000524528	-0.000524528	-0.000524528	-0.000524528	106
0.564	-0.00382	-0.00382	-0.00382	-0.00382	120
0.565	-0.00386316	-0.00386316	-0.00386316	-0.00386316	114
0.566	-0.00181034	-0.00181034	-0.00181034	-0.00181034	116
0.567	-0.0033303	-0.0033303	-0.0033303	-0.0033303	132
0.568	-0.00129063	-0.00129063	-0.00129063	-0.00129063	128
0.569	-0.000548148	-0.000548148	-0.000548148	-0.000548148	135
0.57	0.000471724	0.000471724	0.000471724	0.000471724	145
0.571	0.000100699	0.000100699	0.000100699	0.000100699	143
0.572	-0.000406299	-0.000406299	-0.000406299	-0.000406299	127
0.573	0.00148299	0.00148299	0.00148299	0.00148299	147
0.574	-0.00348438	-0.00348438	-0.00348438	-0.00348438	128
0.575	-0.00471773	-0.00471773	-0.00471773	-0.00471773	141
0.576	-0.00254483	-0.00254483	-0.00254483	-0.00254483	116
0.577	-0.00527525	-0.00527525	-0.00527525	-0.00527525	101
0.578	-0.000856716	-0.000856716	-0.000856716	-0.000856716	134
0.579	0.00146992	0.00146992	0.00146992	0.00146992	123
0.58	0.00177097	0.00177097	0.00177097	0.00177097	124
0.581	-0.00128364	-0.00128364	-0.00128364	-0.00128364	110
0.582	-0.000257851	-0.000257851	-0.000257851	-0.000257851	121
0.583	0.00058018	0.00058018	0.00058018	0.00058018	111
0.584	0.000110714	0.000110714	0.000110714	0.000110714	112
0.585	0.000905109	0.000905109	0.000905109	0.000905109	137
0.586	-0.000598473	-0.000598473	-0.000598473	-0.000598473	131
0.587	-0.000406154	-0.000406154	-0.000406154	-0.000406154	130
0.588	-0.0019697	-0.0019697	-0.0019697	-0.0019697	132
0.589	0.000329204	0.000329204	0.000329204	0.000329204	113
0.59	-0.00101239	-0.00101239	-0.00101239	-0.00101239	113
0.591	-0.00124583	-0.00124583	-0.00124583	-0.00124583	96
0.592	0.00143415	0.00143415	0.00143415	0.00143415	123
0.593	0.000438938	0.000438938	0.000438938	0.000438938	113
0.594	0.000137313	0.000137313	0.000137313	0.000137313	134
0.595	-0.00128923	-0.00128923	-0.00128923	-0.00128923	130
0.596	-0.00115	-0.00115	-0.00115	-0.00115	128
0.597	-9.0411e-05	-9.0411e-05	-9.0411e-05	-9.0411e-05	146
0.598	-0.00161143	-0.00161143	-0.00161143	-0.00161143	140
0.599	-0.00100171	-0.00100171	-0.00100171	-0.00100171	117
0.6	-0.00205241	-0.00205241	-0.00205241	-0.00205241	145
0.601	-0.00369922	-0.00369922	-0.00369922	-0.00369922	129
0.602	0.00078961	0.00078961	0.00078961	0.00078961	154
0.603	-0.0014208	-0.0014208	-0.0014208	-0.0014208	125
0.604	0.0011964	0.0011964	0.0011964	0.0011964	111
0.605	-0.000991837	-0.000991837	-0.000991837	-0.000991837	98
0.606	-0.000736364	-0.000736364	-0.000736364	-0.000736364	132
0.607	-0.000993443	-0.000993443	-0.000993443	-0.000993443	122
0.608	-0.0015232	-0.0015232	-0.0015232	-0.0015232	125
0.609	-0.00231549	-0.00231549	-0.00231549	-0.00231549	142
0.61	-0.00168276	-0.00168276	-0.00168276	-0.00168276	145
0.611	-0.000496124	-0.000496124	-0.000496124	-0.000496124	129
0.612	-0.000750769	-0.000750769	-0.000750769	-0.000750769	130
0.613	0.00150078	0.00150078	0.00150078	0.00150078	129
0.614	-0.00146277	-0.00146277	-0.00146277	-0.00146277	137
0.615	-2.73973e-05	-2.73973e-05	-2.73973e-05	-2.73973e-05	146
0.616	-0.0015225	-0.0015225	-0.0015225	-0.0015225	160
0.617	-0.00130571	-0.00130571	-0.00130571	-0.00130571	140
0.618	-0.000663354	-0.000663354	-0.000663354	-0.000663354	161
0.619	-0.00104615	-0.00104615	-0.00104615	-0.00104615	143
0.62	-0.000967647	-0.000967647	-0.000967647	-0.000967647	136
0.621	-0.0016416	-0.0016416	-0.0016416	-0.0016416	125
0.622	-0.00181067	-0.00181067	-0.00181067	-0.00181067	150
0.623	-0.00206984	-0.00206984	-0.00206984	-0.00206984	126
0.624	-0.00266216	-0.00266216	-0.00266216	-0.00266216	148
0.625	-0.00121681	-0.00121681	-0.00121681	-0.00121681	119
0.626	-0.00348444	-0.00348444	-0.00348444	-0.00348444	135
0.627	-7.54098e-05	-7.54098e-05	-7.54098e-05	-7.54098e-05	122
0.628	-0.000536508	-0.000536508	-0.000536508	-0.000536508	126
0.629	8.59813e-05	8.59813e-05	8.59813e-05	8.59813e-05	107
0.63	6.4e-05	6.4e-05	6.4e-05	6.4e-05	100
0.631	0.00229831	0.00229831	0.00229831	0.00229831	118
0.632	0.00250526	0.00250526	0.00250526	0.00250526	133
0.633	-0.000628571	-0.000628571	-0.000628571	-0.000628571	126
0.634	0.00125203	0.00125203	0.00125203	0.00125203	123
0.635	0.00103111	0.00103111	0.00103111	0.00103111	135
0.636	0.00161951	0.00161951	0.00161951	0.00161951	164
0.637	0.00185778	0.00185778	0.00185778	0.00185778	135
0.638	0.000222581	0.000222581	0.000222581	0.000222581	124
0.639	0.00278571	0.00278571	0.00278571	0.00278571	112
0.64	-0.00138978	-0.00138978	-0.00138978	-0.00138978	137
0.641	-0.00165496	-0.00165496	-0.00165496	-0.00165496	131
0.642	0.000122314	0.000122314	0.000122314	0.000122314	121
0.643	0.00167647	0.00167647	0.00167647	0.00167647	136
0.644	0.00385621	0.00385621	0.00385621	0.00385621	153
0.645	0.00218919	0.00218919	0.00218919	0.00218919	148
0.646	0.00256327	0.00256327	0.00256327	0.00256327	147
0.647	0.000286567	0.000286567	0.000286567	0.000286567	134
0.648	0.00289714	0.00289714	0.00289714	0.00289714	140
0.649	0.00128447	0.00128447	0.00128447	0.00128447	161
0.65	0.00255873	0.00255873	0.00255873	0.00255873	126
0.651	0.0033312	0.0033312	0.0033312	0.0033312	125
0.652	7.11111e-05	7.11111e-05	7.11111e-05	7.11111e-05	135
0.653	0.00127213	0.00127213	0.00127213	0.00127213	122
0.654	0.00247304	0.00247304	0.00247304	0.00247304	115
0.655	0.00300741	0.00300741	0.00300741	0.00300741	108
0.656	-0.000464865	-0.000464865	-0.000464865	-0.000464865	111
0.657	8.20513e-05	8.20513e-05	8.20513e-05	8.20513e-05	117
0.658	-0.000144218	-0.000144218	-0.000144218	-0.000144218	147
0.659	-0.00103407	-0.00103407	-0.00103407	-0.00103407	135
0.66	0.00312105	0.00312105	0.00312105	0.00312105	152
0.661	-0.000816667	-0.000816667	-0.000816667	-0.000816667	144
0.662	-0.00348235	-0.00348235	-0.00348235	-0.00348235	119
0.663	-0.000765354	-0.000765354	-0.000765354	-0.000765354	127
0.664	-0.00233885	-0.00233885	-0.00233885	-0.00233885	157
0.665	-0.00282293	-0.00282293	-0.00282293	-0.00282293	157
0.666	-7.79221e-05	-7.79221e-05	-7.79221e-05	-7.79221e-05	154
0.667	-0.000533333	-0.000533333	-0.000533333	-0.000533333	153
0.668	-0.00345067	-0.00345067	-0.00345067	-0.00345067	150
0.669	-0.00135588	-0.00135588	-0.00135588	-0.00135588	136
0.67	-0.0045632	-0.0045632	-0.0045632	-0.0045632	125
0.671	-0.000295935	-0.000295935	-0.000295935	-0.000295935	123
0.672	-6.55367e-05	-6.55367e-05	-6.55367e-05	-6.55367e-05	177
0.673	0.00278082	0.00278082	0.00278082	0.00278082	146
0.674	0.00263307	0.00263307	0.00263307	0.00263307	127
0.675	0.00297297	0.00297297	0.00297297	0.00297297	148
0.676	0.000607018	0.000607018	0.000607018	0.000607018	114
0.677	-0.00320708	-0.00320708	-0.00320708	-0.00320708	113
0.678	0.00226269	0.00226269	0.00226269	0.00226269	134
0.679	0.00205217	0.00205217	0.00205217	0.00205217	138
0.68	0.000402985	0.000402985	0.000402985	0.000402985	134
0.681	0.000522222	0.000522222	0.000522222	0.000522222	108
0.682	0.00224779	0.00224779	0.00224779	0.00224779	113
0.683	-0.000416667	-0.000416667	-0.000416667	-0.000416667	120
0.684	0.000233043	0.000233043	0.000233043	0.000233043	115
0.685	-0.00010566	-0.00010566	-0.00010566	-0.00010566	159
0.686	0.00206765	0.00206765	0.00206765	0.00206765	136
0.687	0.00198611	0.00198611	0.00198611	0.00198611	144
0.688	0.000765957	0.000765957	0.000765957	0.000765957	141
0.689	-0.000497222	-0.000497222	-0.000497222	-0.000497222	144
0.69	0.000330612	0.000330612	0.000330612	0.000330612	98
0.691	0.000661972	0.000661972	0.000661972	0.000661972	142
0.692	-0.000568116	-0.000568116	-0.000568116	-0.000568116	138
0.693	0.00239416	0.00239416	0.00239416	0.00239416	137
0.694	0.00171152	0.00171152	0.00171152	0.00171152	165
0.695	0.00143429	0.00143429	0.00143429	0.00143429	140
0.696	-0.000300775	-0.000300775	-0.000300775	-0.000300775	129
0.697	-0.000423188	-0.000423188	-0.000423188	-0.000423188	138
0.698	-0.000537313	-0.000537313	-0.000537313	-0.000537313	134
0.699	-0.00164167	-0.00164167	-0.00164167	-0.00164167	144
0.7	-0.000725828	-0.000725828	-0.000725828	-0.000725828	151
0.701	0.00184348	0.00184348	0.00184348	0.00184348	161
0.702	-0.000733333	-0.000733333	-0.000733333	-0.000733333	138
0.703	0.00060155	0.00060155	0.00060155	0.00060155	129
0.704	-0.00036129	-0.00036129	-0.00036129	-0.00036129	124
0.705	-4.40367e-05	-4.40367e-05	-4.40367e-05	-4.40367e-05	109
0.706	-0.00111597	-0.00111597	-0.00111597	-0.00111597	119
0.707	-0.000946341	-0.000946341	-0.000946341	-0.000946341	123
0.708	-0.00149487	-0.00149487	-0.00149487	-0.00149487	156
0.709	0.00206718	0.00206718	0.00206718	0.00206718	131
0.71	-0.000898824	-0.000898824	-0.000898824	-0.000898824	170
0.711	-0.000878322	-0.000878322	-0.000878322	-0.000878322	143
0.712	0.00175278	0.00175278	0.00175278	0.00175278	144
0.713	-0.000332353	-0.000332353	-0.000332353	-0.000332353	136
0.714	0.00123333	0.00123333	0.00123333	0.00123333	144
0.715	0.00221143	0.00221143	0.00221143	0.00221143	140
0.716	-0.00121168	-0.00121168	-0.00121168	-0.00121168	137
0.717	0.0004	0.0004	0.0004	0.0004	123
0.718	-0.000324409	-0.000324409	-0.000324409	-0.000324409	127
0.719	-0.000898013	-0.000898013	-0.000898013	-0.000898013	151
0.72	0.0037536	0.0037536	0.0037536	0.0037536	125
0.721	0.00495664	0.00495664	0.00495664	0.00495664	143
0.722	5.47009e-05	5.47009e-05	5.47009e-05	5.47009e-05	117
0.723	-0.000297744	-0.000297744	-0.000297744	-0.000297744	133
0.724	0.000808955	0.000808955	0.000808955	0.000808955	134
0.725	0.00239615	0.00239615	0.00239615	0.00239615	104
0.726	0.00297097	0.00297097	0.00297097	0.00297097	124
0.727	-0.0001696	-0.0001696	-0.0001696	-0.0001696	125
0.728	0.00299843	0.00299843	0.00299843	0.00299843	127
0.729	0.00116389	0.00116389	0.00116389	0.00116389	144
0.73	0.00155294	0.00155294	0.00155294	0.00155294	136
0.731	0.00066129	0.00066129	0.00066129	0.00066129	124
0.732	0.00131525	0.00131525	0.00131525	0.00131525	118
0.733	0.000246358	0.000246358	0.000246358	0.000246358	151
0.734	0.00121368	0.00121368	0.00121368	0.00121368	117
0.735	0.0037088	0.0037088	0.0037088	0.0037088	125
0.736	0.00688857	0.00688857	0.00688857	0.00688857	140
0.737	0.000676667	0.000676667	0.000676667	0.000676667	120
0.738	0.0005664	0.0005664	0.0005664	0.0005664	125
0.739	0.00143143	0.00143143	0.00143143	0.00143143	140
0.74	0.000841558	0.000841558	0.000841558	0.000841558	154
0.741	0.00108758	0.00108758	0.00108758	0.00108758	153
0.742	0.000108197	0.000108197	0.000108197	0.000108197	122
0.743	0.00116387	0.00116387	0.00116387	0.00116387	155
0.744	0.000291667	0.000291667	0.000291667	0.000291667	144
0.745	0.000915556	0.000915556	0.000915556	0.000915556	135
0.746	-0.00168649	-0.00168649	-0.00168649	-0.00168649	148
0.747	-0.00183582	-0.00183582	-0.00183582	-0.00183582	134
0.748	-0.00134333	-0.00134333	-0.00134333	-0.00134333	120
0.749	-0.00132836	-0.00132836	-0.00132836	-0.00132836	134
0.75	-0.00197429	-0.00197429	-0.00197429	-0.00197429	140
0.751	-0.00218272	-0.00218272	-0.00218272	-0.00218272	162
0.752	-0.000341401	-0.000341401	-0.000341401	-0.000341401	157
0.753	-0.00228414	-0.00228414	-0.00228414	-0.00228414	145
0.754	-0.0012575	-0.0012575	-0.0012575	-0.0012575	160
0.755	-0.000739623	-0.000739623	-0.000739623	-0.000739623	159
0.756	0.000263704	0.000263704	0.000263704	0.000263704	135
0.757	0.00189818	0.00189818	0.00189818	0.00189818	165
0.758	0.000194203	0.000194203	0.000194203	0.000194203	138
0.759	-0.000703448	-0.000703448	-0.000703448	-0.000703448	145
0.76	-0.001992	-0.001992	-0.001992	-0.001992	150
0.761	0.00151549	0.00151549	0.00151549	0.00151549	142
0.762	0.00257718	0.00257718	0.00257718	0.00257718	149
0.763	0.00222059	0.00222059	0.00222059	0.00222059	136
0.764	0.00127792	0.00127792	0.00127792	0.00127792	154
0.765	0.000341722	0.000341722	0.000341722	0.000341722	151
0.766	0.00219847	0.00219847	0.00219847	0.00219847	131
0.767	0.00175143	0.00175143	0.00175143	0.00175143	140
0.768	0.000595745	0.000595745	0.000595745	0.000595745	141
0.769	-0.000870588	-0.000870588	-0.000870588	-0.000870588	136
0.77	-0.000135338	-0.000135338	-0.000135338	-0.000135338	133
0.771	-0.000225954	-0.000225954	-0.000225954	-0.000225954	131
0.772	-0.00182595	-0.00182595	-0.00182595	-0.00182595	131
0.773	-0.000492958	-0.000492958	-0.000492958	-0.000492958	142
0.774	-0.00159111	-0.00159111	-0.00159111	-0.00159111	135
0.775	-2.85714e-05	-2.85714e-05	-2.85714e-05	-2.85714e-05	168
0.776	-0.00156312	-0.00156312	-0.00156312	-0.00156312	141
0.777	0.000506329	0.000506329	0.000506329	0.000506329	158
0.778	0.00174627	0.00174627	0.00174627	0.00174627	134
0.779	0.000408392	0.000408392	0.000408392	0.000408392	143
0.78	2.8777e-06	2.8777e-06	2.8777e-06	2.8777e-06	139
0.781	0.00146457	0.00146457	0.00146457	0.00146457	127
0.782	-0.000747059	-0.000747059	-0.000747059	-0.000747059	136
0.783	-0.00153821	-0.00153821	-0.00153821	-0.00153821	123
0.784	-0.000984615	-0.000984615	-0.000984615	-0.000984615	143
0.785	0.00126857	0.00126857	0.00126857	0.00126857	140
0.786	2.63158e-06	2.63158e-06	2.63158e-06	2.63158e-06	152
0.787	0.00200672	0.00200672	0.00200672	0.00200672	119
0.788	0.00061982	0.00061982	0.00061982	0.00061982	111
0.789	0.000513889	0.000513889	0.000513889	0.000513889	144
0.79	0.00111111	0.00111111	0.00111111	0.00111111	126
0.791	-0.000578125	-0.000578125	-0.000578125	-0.000578125	128
0.792	0.00368116	0.00368116	0.00368116	0.00368116	138
0.793	0.0019395	0.0019395	0.0019395	0.0019395	119
0.794	-0.000716364	-0.000716364	-0.000716364	-0.000716364	110
0.795	0.00155937	0.00155937	0.00155937	0.00155937	128
0.796	0.00268456	0.00268456	0.00268456	0.00268456	149
0.797	-0.000852174	-0.000852174	-0.000852174	-0.000852174	115
0.798	0.000490625	0.000490625	0.000490625	0.000490625	128
0.799	0.000535537	0.000535537	0.000535537	0.000535537	121
0.8	-0.000129032	-0.000129032	-0.000129032	-0.000129032	124
0.801	-0.00226176	-0.00226176	-0.00226176	-0.00226176	136
0.802	-0.0018887	-0.0018887	-0.0018887	-0.0018887	115
0.803	0.00162373	0.00162373	0.00162373	0.00162373	118
0.804	0.000765714	0.000765714	0.000765714	0.000765714	105
0.805	-0.000307914	-0.000307914	-0.000307914	-0.000307914	139
0.806	0.00299298	0.00299298	0.00299298	0.00299298	114
0.807	0.00034	0.00034	0.00034	0.00034	120
0.808	0.000941593	0.000941593	0.000941593	0.000941593	113
0.809	-0.000949593	-0.000949593	-0.000949593	-0.000949593	123
0.81	-0.00177049	-0.00177049	-0.00177049	-0.00177049	122
0.811	-0.00025124	-0.00025124	-0.00025124	-0.00025124	121
0.812	-0.00111141	-0.00111141	-0.00111141	-0.00111141	149
0.813	-0.000405298	-0.000405298	-0.000405298	-0.000405298	151
0.814	0.00011831	0.00011831	0.00011831	0.00011831	142
0.815	0.00031831	0.00031831	0.00031831	0.00031831	142
0.816	0.000948966	0.000948966	0.000948966	0.000948966	145
0.817	0.00368435	0.00368435	0.00368435	0.00368435	147
0.818	0.00274921	0.00274921	0.00274921	0.00274921	126
0.819	0.000236923	0.000236923	0.000236923	0.000236923	130
0.82	0.00161887	0.00161887	0.00161887	0.00161887	106
0.821	0.00211532	0.00211532	0.00211532	0.00211532	111
0.822	0.00100134	0.00100134	0.00100134	0.00100134	149
0.823	0.00192667	0.00192667	0.00192667	0.00192667	120
0.824	0.000132374	0.000132374	0.000132374	0.000132374	139
0.825	-0.00139259	-0.00139259	-0.00139259	-0.00139259	135
0.826	-0.000221138	-0.000221138	-0.000221138	-0.000221138	123
0.827	-0.000326761	-0.000326761	-0.000326761	-0.000326761	142
0.828	0.000216216	0.000216216	0.000216216	0.000216216	148
0.829	0.00131014	0.00131014	0.00131014	0.00131014	138
0.83	-0.00102903	-0.00102903	-0.00102903	-0.00102903	124
0.831	0.00148889	0.00148889	0.00148889	0.00148889	144
0.832	0.000405882	0.000405882	0.000405882	0.000405882	136
0.833	-0.000252941	-0.000252941	-0.000252941	-0.000252941	136
0.834	-0.00188889	-0.00188889	-0.00188889	-0.00188889	144
0.835	-0.00313333	-0.00313333	-0.00313333	-0.00313333	162
0.836	-0.00149934	-0.00149934	-0.00149934	-0.00149934	151
0.837	-0.00189448	-0.00189448	-0.00189448	-0.00189448	163
0.838	-0.0007072	-0.0007072	-0.0007072	-0.0007072	125
0.839	0.000439695	0.000439695	0.000439695	0.000439695	131
0.84	0.000502013	0.000502013	0.000502013	0.000502013	149
0.841	0.000609174	0.000609174	0.000609174	0.000609174	109
0.842	-0.0007625	-0.0007625	-0.0007625	-0.0007625	128
0.843	-0.000517333	-0.000517333	-0.000517333	-0.000517333	150
0.844	-0.000370248	-0.000370248	-0.000370248	-0.000370248	121
0.845	-0.00193488	-0.00193488	-0.00193488	-0.00193488	129
0.846	-0.00158841	-0.00158841	-0.00158841	-0.00158841	138
0.847	1.645e-19	1.645e-19	1.645e-19	1.645e-19	145
0.848	0.000316522	0.000316522	0.000316522	0.000316522	115
0.849	1.80451e-05	1.80451e-05	1.80451e-05	1.80451e-05	133
0.85	-0.00161527	-0.00161527	-0.00161527	-0.00161527	131
0.851	-0.000561468	-0.000561468	-0.000561468	-0.000561468	109
0.852	0.000453333	0.000453333	0.000453333	0.000453333	105
0.853	-0.000352137	-0.000352137	-0.000352137	-0.000352137	117
0.854	-0.00102222	-0.00102222	-0.00102222	-0.00102222	144
0.855	-0.00026	-0.00026	-0.00026	-0.00026	140
0.856	-0.0002475	-0.0002475	-0.0002475	-0.0002475	160
0.857	-0.00129362	-0.00129362	-0.00129362	-0.00129362	141
0.858	0.0012125	0.0012125	0.0012125	0.0012125	128
0.859	-0.00101656	-0.00101656	-0.00101656	-0.00101656	157
0.86	0.00184336	0.00184336	0.00184336	0.00184336	143
0.861	-0.00127222	-0.00127222	-0.00127222	-0.00127222	144
0.862	-0.00167838	-0.00167838	-0.00167838	-0.00167838	148
0.863	-0.000629457	-0.000629457	-0.000629457	-0.000629457	129
0.864	-0.000686567	-0.000686567	-0.000686567	-0.000686567	134
0.865	0.000123944	0.000123944	0.000123944	0.000123944	142
0.866	-0.000190588	-0.000190588	-0.000190588	-0.000190588	170
0.867	0.000890625	0.000890625	0.000890625	0.000890625	128
0.868	0.00108725	0.00108725	0.00108725	0.00108725	149
0.869	0.00125882	0.00125882	0.00125882	0.00125882	136
0.87	-0.00106549	-0.00106549	-0.00106549	-0.00106549	113
0.871	0.00360276	0.00360276	0.00360276	0.00360276	145
0.872	0.000546667	0.000546667	0.000546667	0.000546667	120
0.873	0.000869565	0.000869565	0.000869565	0.000869565	138
0.874	-0.000851515	-0.000851515	-0.000851515	-0.000851515	132
0.875	-0.000591304	-0.000591304	-0.000591304	-0.000591304	138
0.876	0.000209524	0.000209524	0.000209524	0.000209524	147
0.877	0.00368392	0.00368392	0.00368392	0.00368392	143
0.878	-0.000953846	-0.000953846	-0.000953846	-0.000953846	130
0.879	0.000781538	0.000781538	0.000781538	0.000781538	130
0.88	-0.000446341	-0.000446341	-0.000446341	-0.000446341	164
0.881	0.000410345	0.000410345	0.000410345	0.000410345	116
0.882	-2.95302e-05	-2.95302e-05	-2.95302e-05	-2.95302e-05	149
0.883	-0.000344928	-0.000344928	-0.000344928	-0.000344928	138
0.884	0.00321176	0.00321176	0.00321176	0.00321176	136
0.885	-8.5906e-05	-8.5906e-05	-8.5906e-05	-8.5906e-05	149
0.886	0.000562963	0.000562963	0.000562963	0.000562963	135
0.887	-0.00255894	-0.00255894	-0.00255894	-0.00255894	151
0.888	-0.001485	-0.001485	-0.001485	-0.001485	160
0.889	-0.000355245	-0.000355245	-0.000355245	-0.000355245	143
0.89	0.000152258	0.000152258	0.000152258	0.000152258	155
0.891	0.000827826	0.000827826	0.000827826	0.000827826	115
0.892	-1.92e-05	-1.92e-05	-1.92e-05	-1.92e-05	125
0.893	0.00201667	0.00201667	0.00201667	0.00201667	120
0.894	-0.000681818	-0.000681818	-0.000681818	-0.000681818	132
0.895	0.00203429	0.00203429	0.00203429	0.00203429	140
0.896	0.000307692	0.000307692	0.000307692	0.000307692	143
0.897	0.000192126	0.000192126	0.000192126	0.000192126	127
0.898	-0.0026019	-0.0026019	-0.0026019	-0.0026019	105
0.899	0.000364228	0.000364228	0.000364228	0.000364228	123
0.9	0.00203294	0.00203294	0.00203294	0.00203294	85
0.901	-0.00195593	-0.00195593	-0.00195593	-0.00195593	118
0.902	9.55224e-05	9.55224e-05	9.55224e-05	9.55224e-05	134
0.903	0.00055942	0.00055942	0.00055942	0.00055942	138
0.904	-0.000256757	-0.000256757	-0.000256757	-0.000256757	148
0.905	-0.000618182	-0.000618182	-0.000618182	-0.000618182	143
0.906	0.00284643	0.00284643	0.00284643	0.00284643	112
0.907	0.000193846	0.000193846	0.000193846	0.000193846	130
0.908	0.000457658	0.000457658	0.000457658	0.000457658	111
0.909	-0.00127213	-0.00127213	-0.00127213	-0.00127213	122
0.91	-0.00122927	-0.00122927	-0.00122927	-0.00122927	123
0.911	0.000242623	0.000242623	0.000242623	0.000242623	122
0.912	0.00107317	0.00107317	0.00107317	0.00107317	123
0.913	0.000296	0.000296	0.000296	0.000296	150
0.914	-0.0018015	-0.0018015	-0.0018015	-0.0018015	133
0.915	-0.00228252	-0.00228252	-0.00228252	-0.00228252	143
0.916	0.000233557	0.000233557	0.000233557	0.000233557	149
0.917	0.000327536	0.000327536	0.000327536	0.000327536	138
0.918	0.000631429	0.000631429	0.000631429	0.000631429	140
0.919	-0.000512593	-0.000512593	-0.000512593	-0.000512593	135
0.92	0.000591111	0.000591111	0.000591111	0.000591111	90
0.921	0.0008	0.0008	0.0008	0.0008	104
0.922	0.00270977	0.00270977	0.00270977	0.00270977	133
0.923	0.00136063	0.00136063	0.00136063	0.00136063	127
0.924	0.00186565	0.00186565	0.00186565	0.00186565	131
0.925	-0.000128696	-0.000128696	-0.000128696	-0.000128696	115
0.926	0.00104496	0.00104496	0.00104496	0.00104496	129
0.927	0.000770093	0.000770093	0.000770093	0.000770093	107
0.928	0.00313898	0.00313898	0.00313898	0.00313898	118
0.929	0.00246869	0.00246869	0.00246869	0.00246869	99
0.93	0.00321224	0.00321224	0.00321224	0.00321224	98
0.931	0.00142737	0.00142737	0.00142737	0.00142737	95
0.932	1.48148e-05	1.48148e-05	1.48148e-05	1.48148e-05	81
0.933	0.00263918	0.00263918	0.00263918	0.00263918	97
0.934	0.00351186	0.00351186	0.00351186	0.00351186	118
0.935	0.00363636	0.00363636	0.00363636	0.00363636	110
0.936	-0.000311864	-0.000311864	-0.000311864	-0.000311864	118
0.937	0.00170333	0.00170333	0.00170333	0.00170333	120
0.938	-0.000603636	-0.000603636	-0.000603636	-0.000603636	110
0.939	-0.00134737	-0.00134737	-0.00134737	-0.00134737	133
0.94	0.00167731	0.00167731	0.00167731	0.00167731	119
0.941	0.000713043	0.000713043	0.000713043	0.000713043	161
0.942	-0.000902326	-0.000902326	-0.000902326	-0.000902326	129
0.943	-0.00254757	-0.00254757	-0.00254757	-0.00254757	103
0.944	-0.000905714	-0.000905714	-0.000905714	-0.000905714	140
0.945	-2.20183e-05	-2.20183e-05	-2.20183e-05	-2.20183e-05	109
0.946	0.000657391	0.000657391	0.000657391	0.000657391	115
0.947	0.0021824	0.0021824	0.0021824	0.0021824	125
0.948	-0.00161356	-0.00161356	-0.00161356	-0.00161356	118
0.949	-0.000410596	-0.000410596	-0.000410596	-0.000410596	151
0.95	-1.54839e-05	-1.54839e-05	-1.54839e-05	-1.54839e-05	155
0.951	-0.000715	-0.000715	-0.000715	-0.000715	160
0.952	-0.000972903	-0.000972903	-0.000972903	-0.000972903	155
0.953	-0.00120896	-0.00120896	-0.00120896	-0.00120896	134
0.954	-0.00168451	-0.00168451	-0.00168451	-0.00168451	142
0.955	-0.00162707	-0.00162707	-0.00162707	-0.00162707	133
0.956	-0.00221667	-0.00221667	-0.00221667	-0.00221667	144
0.957	-0.00265116	-0.00265116	-0.00265116	-0.00265116	129
0.958	-0.00229667	-0.00229667	-0.00229667	-0.00229667	120
0.959	-0.00273613	-0.00273613	-0.00273613	-0.00273613	119
0.96	-0.00167299	-0.00167299	-0.00167299	-0.00167299	137
0.961	-0.00197333	-0.00197333	-0.00197333	-0.00197333	120
0.962	0.00111692	0.00111692	0.00111692	0.00111692	130
0.963	-0.00103407	-0.00103407	-0.00103407	-0.00103407	135
0.964	0.00164516	0.00164516	0.00164516	0.00164516	124
0.965	0.00107246	0.00107246	0.00107246	0.00107246	138
0.966	0.00099	0.00099	0.00099	0.00099	120
0.967	-0.000327273	-0.000327273	-0.000327273	-0.000327273	121
0.968	0.000285271	0.000285271	0.000285271	0.000285271	129
0.969	-0.00163972	-0.00163972	-0.00163972	-0.00163972	141
0.97	-0.00034188	-0.00034188	-0.00034188	-0.00034188	117
0.971	0.00137236	0.00137236	0.00137236	0.00137236	123
0.972	9.92e-05	9.92e-05	9.92e-05	9.92e-05	125
0.973	0.000257692	0.000257692	0.000257692	0.000257692	104
0.974	0.00061037	0.00061037	0.00061037	0.00061037	135
0.975	0.000472973	0.000472973	0.000472973	0.000472973	148
0.976	-0.00127037	-0.00127037	-0.00127037	-0.00127037	108
0.977	9.55224e-05	9.55224e-05	9.55224e-05	9.55224e-05	134
0.978	0.00178929	0.00178929	0.00178929	0.00178929	112
0.979	-0.000157377	-0.000157377	-0.000157377	-0.000157377	122
0.98	-0.00280364	-0.00280364	-0.00280364	-0.00280364	110
0.981	0.0026887	0.0026887	0.0026887	0.0026887	115
0.982	0.000339496	0.000339496	0.000339496	0.000339496	119
0.983	-7.36842e-05	-7.36842e-05	-7.36842e-05	-7.36842e-05	114
0.984	0.000507246	0.000507246	0.000507246	0.000507246	138
0.985	0.0018446	0.0018446	0.0018446	0.0018446	139
0.986	0.000657143	0.000657143	0.000657143	0.000657143	112
0.987	-0.000472258	-0.000472258	-0.000472258	-0.000472258	155
0.988	-0.0013	-0.0013	-0.0013	-0.0013	128
0.989	0.00070303	0.00070303	0.00070303	0.00070303	99
0.99	0.000652459	0.000652459	0.000652459	0.000652459	122
0.991	0.00225455	0.00225455	0.00225455	0.00225455	132
0.992	0.00141277	0.00141277	0.00141277	0.00141277	141
0.993	-0.00173333	-0.00173333	-0.00173333	-0.00173333	129
0.994	0.000934286	0.000934286	0.000934286	0.000934286	140
0.995	0.00182623	0.00182623	0.00182623	0.00182623	122
0.996	-0.00131471	-0.00131471	-0.00131471	-0.00131471	136
0.997	0.000286076	0.000286076	0.000286076	0.000286076	158
0.998	-0.000325581	-0.000325581	-0.000325581	-0.000325581	129
0.999	0.000985621	0.000985621	0.000985621	0.000985621	153
1	-0.000333333	-0.000333333	-0.000333333	-0.000333333	138
