0.001	0.0793259	0.0793259	0.0793259	0.0793259	2291
0.002	0.0754716	0.0754716	0.0754716	0.0754716	1800
0.003	0.0693239	0.0693239	0.0693239	0.0693239	1547
0.004	0.0629461	0.0629461	0.0629461	0.0629461	1391
0.005	0.0560584	0.0560584	0.0560584	0.0560584	1172
0.006	0.0531275	0.0531275	0.0531275	0.0531275	1054
0.007	0.0493056	0.0493056	0.0493056	0.0493056	1053
0.008	0.0462484	0.0462484	0.0462484	0.0462484	966
0.009	0.0453138	0.0453138	0.0453138	0.0453138	984
0.01	0.0400575	0.0400575	0.0400575	0.0400575	946
0.011	0.0362969	0.0362969	0.0362969	0.0362969	838
0.012	0.0369658	0.0369658	0.0369658	0.0369658	842
0.013	0.0377697	0.0377697	0.0377697	0.0377697	785
0.014	0.0364451	0.0364451	0.0364451	0.0364451	780
0.015	0.0349409	0.0349409	0.0349409	0.0349409	789
0.016	0.0329806	0.0329806	0.0329806	0.0329806	824
0.017	0.0309173	0.0309173	0.0309173	0.0309173	784
0.018	0.0302733	0.0302733	0.0302733	0.0302733	764
0.019	0.0270892	0.0270892	0.0270892	0.0270892	751
0.02	0.0281174	0.0281174	0.0281174	0.0281174	736
0.021	0.0264124	0.0264124	0.0264124	0.0264124	742
0.022	0.0270118	0.0270118	0.0270118	0.0270118	729
0.023	0.0221815	0.0221815	0.0221815	0.0221815	769
0.024	0.0233693	0.0233693	0.0233693	0.0233693	704
0.025	0.0221754	0.0221754	0.0221754	0.0221754	675
0.026	0.0250691	0.0250691	0.0250691	0.0250691	721
0.027	0.0252661	0.0252661	0.0252661	0.0252661	708
0.028	0.0237366	0.0237366	0.0237366	0.0237366	659
0.029	0.0208737	0.0208737	0.0208737	0.0208737	689
0.03	0.0198986	0.0198986	0.0198986	0.0198986	706
0.031	0.0219483	0.0219483	0.0219483	0.0219483	704
0.032	0.0220991	0.0220991	0.0220991	0.0220991	650
0.033	0.018298	0.018298	0.018298	0.018298	643
0.034	0.0189973	0.0189973	0.0189973	0.0189973	671
0.035	0.0197304	0.0197304	0.0197304	0.0197304	626
0.036	0.0186019	0.0186019	0.0186019	0.0186019	630
0.037	0.0200471	0.0200471	0.0200471	0.0200471	611
0.038	0.0175199	0.0175199	0.0175199	0.0175199	624
0.039	0.0162617	0.0162617	0.0162617	0.0162617	694
0.04	0.0180452	0.0180452	0.0180452	0.0180452	629
0.041	0.0191928	0.0191928	0.0191928	0.0191928	614
0.042	0.0174799	0.0174799	0.0174799	0.0174799	603
0.043	0.0141563	0.0141563	0.0141563	0.0141563	586
0.044	0.0165621	0.0165621	0.0165621	0.0165621	634
0.045	0.0185535	0.0185535	0.0185535	0.0185535	636
0.046	0.016181	0.016181	0.016181	0.016181	674
0.047	0.0149897	0.0149897	0.0149897	0.0149897	582
0.048	0.012634	0.012634	0.012634	0.012634	600
0.049	0.0143668	0.0143668	0.0143668	0.0143668	614
0.05	0.0126554	0.0126554	0.0126554	0.0126554	603
0.051	0.0132065	0.0132065	0.0132065	0.0132065	611
0.052	0.0123435	0.0123435	0.0123435	0.0123435	595
0.053	0.0125946	0.0125946	0.0125946	0.0125946	596
0.054	0.0137607	0.0137607	0.0137607	0.0137607	605
0.055	0.0127832	0.0127832	0.0127832	0.0127832	618
0.056	0.0119385	0.0119385	0.0119385	0.0119385	637
0.057	0.012753	0.012753	0.012753	0.012753	562
0.058	0.0144129	0.0144129	0.0144129	0.0144129	560
0.059	0.0109144	0.0109144	0.0109144	0.0109144	598
0.06	0.0122288	0.0122288	0.0122288	0.0122288	577
0.061	0.0133394	0.0133394	0.0133394	0.0133394	617
0.062	0.0130967	0.0130967	0.0130967	0.0130967	581
0.063	0.0122632	0.0122632	0.0122632	0.0122632	582
0.064	0.0103691	0.0103691	0.0103691	0.0103691	608
0.065	0.0104964	0.0104964	0.0104964	0.0104964	614
0.066	0.0110818	0.0110818	0.0110818	0.0110818	606
0.067	0.011293	0.011293	0.011293	0.011293	585
0.068	0.0128547	0.0128547	0.0128547	0.0128547	585
0.069	0.00924913	0.00924913	0.00924913	0.00924913	578
0.07	0.0123311	0.0123311	0.0123311	0.0123311	557
0.071	0.0130989	0.0130989	0.0130989	0.0130989	546
0.072	0.0104392	0.0104392	0.0104392	0.0104392	551
0.073	0.00900936	0.00900936	0.00900936	0.00900936	577
0.074	0.0109009	0.0109009	0.0109009	0.0109009	563
0.075	0.00941456	0.00941456	0.00941456	0.00941456	563
0.076	0.0110917	0.0110917	0.0110917	0.0110917	554
0.077	0.0075314	0.0075314	0.0075314	0.0075314	484
0.078	0.00708327	0.00708327	0.00708327	0.00708327	490
0.079	0.00841585	0.00841585	0.00841585	0.00841585	530
0.08	0.00637982	0.00637982	0.00637982	0.00637982	555
0.081	0.00660339	0.00660339	0.00660339	0.00660339	531
0.082	0.00529751	0.00529751	0.00529751	0.00529751	562
0.083	0.00682446	0.00682446	0.00682446	0.00682446	556
0.084	0.00667765	0.00667765	0.00667765	0.00667765	595
0.085	0.00737576	0.00737576	0.00737576	0.00737576	528
0.086	0.00742612	0.00742612	0.00742612	0.00742612	559
0.087	0.00676522	0.00676522	0.00676522	0.00676522	529
0.088	0.00620115	0.00620115	0.00620115	0.00620115	523
0.089	0.00604965	0.00604965	0.00604965	0.00604965	572
0.09	0.00770783	0.00770783	0.00770783	0.00770783	549
0.091	0.00548284	0.00548284	0.00548284	0.00548284	536
0.092	0.00486294	0.00486294	0.00486294	0.00486294	591
0.093	0.00657495	0.00657495	0.00657495	0.00657495	535
0.094	0.00499859	0.00499859	0.00499859	0.00499859	566
0.095	0.0047659	0.0047659	0.0047659	0.0047659	563
0.096	0.00617197	0.00617197	0.00617197	0.00617197	528
0.097	0.00460779	0.00460779	0.00460779	0.00460779	539
0.098	0.00448337	0.00448337	0.00448337	0.00448337	523
0.099	0.00415912	0.00415912	0.00415912	0.00415912	543
0.1	0.00350853	0.00350853	0.00350853	0.00350853	551
0.101	0.00236667	0.00236667	0.00236667	0.00236667	516
0.102	0.00228797	0.00228797	0.00228797	0.00228797	557
0.103	0.00341136	0.00341136	0.00341136	0.00341136	581
0.104	0.00397592	0.00397592	0.00397592	0.00397592	515
0.105	0.00357268	0.00357268	0.00357268	0.00357268	571
0.106	0.00225751	0.00225751	0.00225751	0.00225751	539
0.107	0.0028777	0.0028777	0.0028777	0.0028777	556
0.108	0.00356389	0.00356389	0.00356389	0.00356389	576
0.109	0.00371533	0.00371533	0.00371533	0.00371533	548
0.11	0.0041711	0.0041711	0.0041711	0.0041711	519
0.111	0.00337408	0.00337408	0.00337408	0.00337408	517
0.112	0.00203757	0.00203757	0.00203757	0.00203757	511
0.113	0.00314319	0.00314319	0.00314319	0.00314319	521
0.114	0.00320636	0.00320636	0.00320636	0.00320636	503
0.115	0.0020473	0.0020473	0.0020473	0.0020473	482
0.116	0.000999589	0.000999589	0.000999589	0.000999589	487
0.117	0.00147426	0.00147426	0.00147426	0.00147426	509
0.118	0.00146619	0.00146619	0.00146619	0.00146619	556
0.119	0.00222467	0.00222467	0.00222467	0.00222467	527
0.12	0.00151324	0.00151324	0.00151324	0.00151324	521
0.121	0.000935094	0.000935094	0.000935094	0.000935094	530
0.122	0.00121722	0.00121722	0.00121722	0.00121722	511
0.123	0.00169432	0.00169432	0.00169432	0.00169432	458
0.124	0.00224411	0.00224411	0.00224411	0.00224411	467
0.125	0.00302834	0.00302834	0.00302834	0.00302834	494
0.126	0.00112231	0.00112231	0.00112231	0.00112231	484
0.127	0.00139662	0.00139662	0.00139662	0.00139662	533
0.128	0.00310787	0.00310787	0.00310787	0.00310787	521
0.129	0.00289805	0.00289805	0.00289805	0.00289805	514
0.13	0.00398935	0.00398935	0.00398935	0.00398935	526
0.131	0.00267658	0.00267658	0.00267658	0.00267658	538
0.132	0.00273285	0.00273285	0.00273285	0.00273285	548
0.133	0.00214826	0.00214826	0.00214826	0.00214826	518
0.134	0.00328504	0.00328504	0.00328504	0.00328504	508
0.135	0.00198464	0.00198464	0.00198464	0.00198464	521
0.136	0.00210497	0.00210497	0.00210497	0.00210497	503
0.137	0.000980113	0.000980113	0.000980113	0.000980113	533
0.138	0.00403341	0.00403341	0.00403341	0.00403341	443
0.139	0.00323206	0.00323206	0.00323206	0.00323206	499
0.14	0.000686066	0.000686066	0.000686066	0.000686066	488
0.141	-9.2549e-05	-9.2549e-05	-9.2549e-05	-9.2549e-05	510
0.142	0.00185127	0.00185127	0.00185127	0.00185127	511
0.143	-0.00012043	-0.00012043	-0.00012043	-0.00012043	465
0.144	0.00062515	0.00062515	0.00062515	0.00062515	501
0.145	0.000152047	0.000152047	0.000152047	0.000152047	513
0.146	0.00165553	0.00165553	0.00165553	0.00165553	497
0.147	-0.000212576	-0.000212576	-0.000212576	-0.000212576	493
0.148	0.000692857	0.000692857	0.000692857	0.000692857	504
0.149	0.000324948	0.000324948	0.000324948	0.000324948	485
0.15	0.000382759	0.000382759	0.000382759	0.000382759	464
0.151	0.000206349	0.000206349	0.000206349	0.000206349	504
0.152	0.00019386	0.00019386	0.00019386	0.00019386	456
0.153	-0.00219915	-0.00219915	-0.00219915	-0.00219915	472
0.154	-0.0015019	-0.0015019	-0.0015019	-0.0015019	526
0.155	0.000973016	0.000973016	0.000973016	0.000973016	504
0.156	0.00216346	0.00216346	0.00216346	0.00216346	509
0.157	0.00154982	0.00154982	0.00154982	0.00154982	542
0.158	0.00174345	0.00174345	0.00174345	0.00174345	527
0.159	0.000989771	0.000989771	0.000989771	0.000989771	567
0.16	0.0012146	0.0012146	0.0012146	0.0012146	548
0.161	0.000902144	0.000902144	0.000902144	0.000902144	513
0.162	0.00100945	0.00100945	0.00100945	0.00100945	529
0.163	0.000897354	0.000897354	0.000897354	0.000897354	567
0.164	0.000338943	0.000338943	0.000338943	0.000338943	511
0.165	-0.0007074	-0.0007074	-0.0007074	-0.0007074	527
0.166	0.000595712	0.000595712	0.000595712	0.000595712	513
0.167	-0.00070717	-0.00070717	-0.00070717	-0.00070717	530
0.168	0.000694949	0.000694949	0.000694949	0.000694949	495
0.169	0.000410832	0.000410832	0.000410832	0.000410832	517
0.17	-0.000791738	-0.000791738	-0.000791738	-0.000791738	581
0.171	0.000832653	0.000832653	0.000832653	0.000832653	539
0.172	0.000459441	0.000459441	0.000459441	0.000459441	572
0.173	-0.000352399	-0.000352399	-0.000352399	-0.000352399	521
0.174	-0.000356886	-0.000356886	-0.000356886	-0.000356886	501
0.175	-0.000227879	-0.000227879	-0.000227879	-0.000227879	495
0.176	-4.79087e-05	-4.79087e-05	-4.79087e-05	-4.79087e-05	526
0.177	0.000768279	0.000768279	0.000768279	0.000768279	517
0.178	0.000400766	0.000400766	0.000400766	0.000400766	522
0.179	-0.000685602	-0.000685602	-0.000685602	-0.000685602	507
0.18	0.000383365	0.000383365	0.000383365	0.000383365	529
0.181	0.00110041	0.00110041	0.00110041	0.00110041	482
0.182	-0.000569767	-0.000569767	-0.000569767	-0.000569767	516
0.183	0.000421302	0.000421302	0.000421302	0.000421302	507
0.184	0.000674029	0.000674029	0.000674029	0.000674029	489
0.185	0.00112163	0.00112163	0.00112163	0.00112163	490
0.186	-0.000202439	-0.000202439	-0.000202439	-0.000202439	492
0.187	0.000457851	0.000457851	0.000457851	0.000457851	484
0.188	8.7767e-05	8.7767e-05	8.7767e-05	8.7767e-05	515
0.189	0.000324324	0.000324324	0.000324324	0.000324324	481
0.19	-0.00130853	-0.00130853	-0.00130853	-0.00130853	516
0.191	-0.000989683	-0.000989683	-0.000989683	-0.000989683	504
0.192	0.000304348	0.000304348	0.000304348	0.000304348	460
0.193	-0.000294949	-0.000294949	-0.000294949	-0.000294949	495
0.194	0.000854438	0.000854438	0.000854438	0.000854438	507
0.195	-0.00152481	-0.00152481	-0.00152481	-0.00152481	532
0.196	0.000472946	0.000472946	0.000472946	0.000472946	499
0.197	-0.00143183	-0.00143183	-0.00143183	-0.00143183	509
0.198	0.00136508	0.00136508	0.00136508	0.00136508	504
0.199	-0.000435031	-0.000435031	-0.000435031	-0.000435031	491
0.2	0.000768612	0.000768612	0.000768612	0.000768612	497
0.201	-0.000612766	-0.000612766	-0.000612766	-0.000612766	517
0.202	-0.00014004	-0.00014004	-0.00014004	-0.00014004	497
0.203	0.000241055	0.000241055	0.000241055	0.000241055	531
0.204	0.000138843	0.000138843	0.000138843	0.000138843	484
0.205	4.05253e-05	4.05253e-05	4.05253e-05	4.05253e-05	533
0.206	0.000239669	0.000239669	0.000239669	0.000239669	484
0.207	7.66284e-05	7.66284e-05	7.66284e-05	7.66284e-05	522
0.208	0.0010586	0.0010586	0.0010586	0.0010586	529
0.209	0.00256617	0.00256617	0.00256617	0.00256617	532
0.21	0.000839264	0.000839264	0.000839264	0.000839264	489
0.211	0.000228679	0.000228679	0.000228679	0.000228679	530
0.212	0.000483499	0.000483499	0.000483499	0.000483499	503
0.213	0.000414201	0.000414201	0.000414201	0.000414201	507
0.214	0.000534615	0.000534615	0.000534615	0.000534615	520
0.215	-0.000280835	-0.000280835	-0.000280835	-0.000280835	527
0.216	0.000672	0.000672	0.000672	0.000672	525
0.217	0.00124647	0.00124647	0.00124647	0.00124647	482
0.218	0.000751542	0.000751542	0.000751542	0.000751542	454
0.219	-0.000176316	-0.000176316	-0.000176316	-0.000176316	456
0.22	-4.1841e-05	-4.1841e-05	-4.1841e-05	-4.1841e-05	478
0.221	-0.000643089	-0.000643089	-0.000643089	-0.000643089	492
0.222	0.000578271	0.000578271	0.000578271	0.000578271	451
0.223	-0.0007912	-0.0007912	-0.0007912	-0.0007912	500
0.224	0.000454008	0.000454008	0.000454008	0.000454008	474
0.225	0.000389765	0.000389765	0.000389765	0.000389765	469
0.226	0.000516923	0.000516923	0.000516923	0.000516923	455
0.227	0.0004208	0.0004208	0.0004208	0.0004208	500
0.228	0.00175828	0.00175828	0.00175828	0.00175828	465
0.229	0.00128261	0.00128261	0.00128261	0.00128261	460
0.23	0.0011101	0.0011101	0.0011101	0.0011101	485
0.231	0.00196709	0.00196709	0.00196709	0.00196709	474
0.232	0.0015326	0.0015326	0.0015326	0.0015326	457
0.233	0.00124201	0.00124201	0.00124201	0.00124201	457
0.234	0.000642324	0.000642324	0.000642324	0.000642324	482
0.235	0.00159451	0.00159451	0.00159451	0.00159451	510
0.236	-0.000283077	-0.000283077	-0.000283077	-0.000283077	520
0.237	0.000647232	0.000647232	0.000647232	0.000647232	542
0.238	-0.000680922	-0.000680922	-0.000680922	-0.000680922	477
0.239	0.000467594	0.000467594	0.000467594	0.000467594	503
0.24	-0.000322822	-0.000322822	-0.000322822	-0.000322822	482
0.241	-1.40659e-05	-1.40659e-05	-1.40659e-05	-1.40659e-05	455
0.242	0.000189339	0.000189339	0.000189339	0.000189339	469
0.243	0.0011992	0.0011992	0.0011992	0.0011992	501
0.244	4.23729e-05	4.23729e-05	4.23729e-05	4.23729e-05	472
0.245	0.00112234	0.00112234	0.00112234	0.00112234	479
0.246	0.00138487	0.00138487	0.00138487	0.00138487	476
0.247	-0.000243922	-0.000243922	-0.000243922	-0.000243922	510
0.248	0.00081129	0.00081129	0.00081129	0.00081129	496
0.249	0.00180294	0.00180294	0.00180294	0.00180294	477
0.25	0.00147609	0.00147609	0.00147609	0.00147609	481
0.251	0.00124278	0.00124278	0.00124278	0.00124278	533
0.252	0.000821094	0.000821094	0.000821094	0.000821094	512
0.253	0.00097619	0.00097619	0.00097619	0.00097619	504
0.254	0.0014505	0.0014505	0.0014505	0.0014505	503
0.255	0.000641569	0.000641569	0.000641569	0.000641569	510
0.256	0.000179206	0.000179206	0.000179206	0.000179206	529
0.257	3.31984e-05	3.31984e-05	3.31984e-05	3.31984e-05	494
0.258	-0.0003625	-0.0003625	-0.0003625	-0.0003625	544
0.259	0.0011691	0.0011691	0.0011691	0.0011691	479
0.26	0.000104839	0.000104839	0.000104839	0.000104839	496
0.261	0.000505263	0.000505263	0.000505263	0.000505263	475
0.262	8.9225e-05	8.9225e-05	8.9225e-05	8.9225e-05	529
0.263	-0.00051581	-0.00051581	-0.00051581	-0.00051581	525
0.264	0.000363433	0.000363433	0.000363433	0.000363433	536
0.265	-0.000655422	-0.000655422	-0.000655422	-0.000655422	498
0.266	-0.000587184	-0.000587184	-0.000587184	-0.000587184	515
0.267	7.88845e-05	7.88845e-05	7.88845e-05	7.88845e-05	502
0.268	0.00220372	0.00220372	0.00220372	0.00220372	538
0.269	0.00045726	0.00045726	0.00045726	0.00045726	489
0.27	-0.00139052	-0.00139052	-0.00139052	-0.00139052	464
0.271	-0.000512475	-0.000512475	-0.000512475	-0.000512475	505
0.272	0.000672797	0.000672797	0.000672797	0.000672797	522
0.273	-0.000945968	-0.000945968	-0.000945968	-0.000945968	496
0.274	0.000556357	0.000556357	0.000556357	0.000556357	527
0.275	0.00261576	0.00261576	0.00261576	0.00261576	495
0.276	0.00229801	0.00229801	0.00229801	0.00229801	502
0.277	0.0013552	0.0013552	0.0013552	0.0013552	500
0.278	0.00239125	0.00239125	0.00239125	0.00239125	503
0.279	0.000540471	0.000540471	0.000540471	0.000540471	467
0.28	0.00127012	0.00127012	0.00127012	0.00127012	502
0.281	0.00181445	0.00181445	0.00181445	0.00181445	526
0.282	0.000758462	0.000758462	0.000758462	0.000758462	520
0.283	0.000700193	0.000700193	0.000700193	0.000700193	517
0.284	0.000454135	0.000454135	0.000454135	0.000454135	532
0.285	0.00115058	0.00115058	0.00115058	0.00115058	518
0.286	-0.000540239	-0.000540239	-0.000540239	-0.000540239	502
0.287	0.000404545	0.000404545	0.000404545	0.000404545	528
0.288	-0.00124132	-0.00124132	-0.00124132	-0.00124132	484
0.289	9.60289e-05	9.60289e-05	9.60289e-05	9.60289e-05	554
0.29	-0.000839437	-0.000839437	-0.000839437	-0.000839437	497
0.291	-0.000467433	-0.000467433	-0.000467433	-0.000467433	522
0.292	-0.000739924	-0.000739924	-0.000739924	-0.000739924	526
0.293	0.000346714	0.000346714	0.000346714	0.000346714	563
0.294	-0.000105477	-0.000105477	-0.000105477	-0.000105477	493
0.295	-0.000359677	-0.000359677	-0.000359677	-0.000359677	496
0.296	-0.00142278	-0.00142278	-0.00142278	-0.00142278	474
0.297	-0.000808811	-0.000808811	-0.000808811	-0.000808811	454
0.298	-0.00152174	-0.00152174	-0.00152174	-0.00152174	460
0.299	-0.002	-0.002	-0.002	-0.002	515
0.3	-0.00070324	-0.00070324	-0.00070324	-0.00070324	463
0.301	-0.0005312	-0.0005312	-0.0005312	-0.0005312	500
0.302	-0.000706939	-0.000706939	-0.000706939	-0.000706939	490
0.303	-0.00113987	-0.00113987	-0.00113987	-0.00113987	459
0.304	-0.000193492	-0.000193492	-0.000193492	-0.000193492	461
0.305	-0.000926733	-0.000926733	-0.000926733	-0.000926733	505
0.306	-0.000926572	-0.000926572	-0.000926572	-0.000926572	493
0.307	-0.00107966	-0.00107966	-0.00107966	-0.00107966	472
0.308	-1.39738e-05	-1.39738e-05	-1.39738e-05	-1.39738e-05	458
0.309	0.000251822	0.000251822	0.000251822	0.000251822	494
0.31	-0.00025303	-0.00025303	-0.00025303	-0.00025303	528
0.311	-0.000995556	-0.000995556	-0.000995556	-0.000995556	495
0.312	0.0001248	0.0001248	0.0001248	0.0001248	500
0.313	-0.00037316	-0.00037316	-0.00037316	-0.00037316	462
0.314	-0.00111227	-0.00111227	-0.00111227	-0.00111227	497
0.315	-0.000712971	-0.000712971	-0.000712971	-0.000712971	478
0.316	-0.000725602	-0.000725602	-0.000725602	-0.000725602	457
0.317	0.00156364	0.00156364	0.00156364	0.00156364	462
0.318	-0.000144643	-0.000144643	-0.000144643	-0.000144643	448
0.319	-0.00131962	-0.00131962	-0.00131962	-0.00131962	418
0.32	-0.00168719	-0.00168719	-0.00168719	-0.00168719	445
0.321	0.0006352	0.0006352	0.0006352	0.0006352	500
0.322	0.000740444	0.000740444	0.000740444	0.000740444	450
0.323	0.000580159	0.000580159	0.000580159	0.000580159	504
0.324	3.28358e-05	3.28358e-05	3.28358e-05	3.28358e-05	536
0.325	-0.000448606	-0.000448606	-0.000448606	-0.000448606	502
0.326	0.00119255	0.00119255	0.00119255	0.00119255	483
0.327	0.00157445	0.00157445	0.00157445	0.00157445	454
0.328	-6.23256e-05	-6.23256e-05	-6.23256e-05	-6.23256e-05	430
0.329	0.000410909	0.000410909	0.000410909	0.000410909	440
0.33	0.000933333	0.000933333	0.000933333	0.000933333	477
0.331	-0.000222745	-0.000222745	-0.000222745	-0.000222745	510
0.332	-6.06061e-06	-6.06061e-06	-6.06061e-06	-6.06061e-06	528
0.333	-0.00064794	-0.00064794	-0.00064794	-0.00064794	534
0.334	-0.000153086	-0.000153086	-0.000153086	-0.000153086	486
0.335	-0.0011523	-0.0011523	-0.0011523	-0.0011523	478
0.336	-0.000567742	-0.000567742	-0.000567742	-0.000567742	496
0.337	0.000924851	0.000924851	0.000924851	0.000924851	503
0.338	-0.000275519	-0.000275519	-0.000275519	-0.000275519	482
0.339	-2.29249e-05	-2.29249e-05	-2.29249e-05	-2.29249e-05	506
0.34	0.00174327	0.00174327	0.00174327	0.00174327	483
0.341	-0.000509623	-0.000509623	-0.000509623	-0.000509623	478
0.342	-0.000971308	-0.000971308	-0.000971308	-0.000971308	474
0.343	-0.00118836	-0.00118836	-0.00118836	-0.00118836	481
0.344	0.000187002	0.000187002	0.000187002	0.000187002	477
0.345	0.000800794	0.000800794	0.000800794	0.000800794	504
0.346	0.000267782	0.000267782	0.000267782	0.000267782	478
0.347	0.000263655	0.000263655	0.000263655	0.000263655	487
0.348	-0.000921263	-0.000921263	-0.000921263	-0.000921263	475
0.349	6.71642e-06	6.71642e-06	6.71642e-06	6.71642e-06	536
0.35	0.000144466	0.000144466	0.000144466	0.000144466	515
0.351	0.000525991	0.000525991	0.000525991	0.000525991	454
0.352	-0.00122213	-0.00122213	-0.00122213	-0.00122213	470
0.353	-0.000477778	-0.000477778	-0.000477778	-0.000477778	468
0.354	-0.000293996	-0.000293996	-0.000293996	-0.000293996	483
0.355	-0.000772881	-0.000772881	-0.000772881	-0.000772881	531
0.356	-0.000522515	-0.000522515	-0.000522515	-0.000522515	493
0.357	0.00035171	0.00035171	0.00035171	0.00035171	497
0.358	2.56959e-05	2.56959e-05	2.56959e-05	2.56959e-05	467
0.359	6.44401e-05	6.44401e-05	6.44401e-05	6.44401e-05	509
0.36	0.000148413	0.000148413	0.000148413	0.000148413	504
0.361	0.000566469	0.000566469	0.000566469	0.000566469	507
0.362	0.000272	0.000272	0.000272	0.000272	525
0.363	0.000642086	0.000642086	0.000642086	0.000642086	537
0.364	-0.000825255	-0.000825255	-0.000825255	-0.000825255	491
0.365	-1.24771e-05	-1.24771e-05	-1.24771e-05	-1.24771e-05	545
0.366	0.000560792	0.000560792	0.000560792	0.000560792	505
0.367	-0.000295335	-0.000295335	-0.000295335	-0.000295335	493
0.368	-0.000735458	-0.000735458	-0.000735458	-0.000735458	502
0.369	0.000158824	0.000158824	0.000158824	0.000158824	476
0.37	7.09278e-05	7.09278e-05	7.09278e-05	7.09278e-05	485
0.371	0.000172868	0.000172868	0.000172868	0.000172868	516
0.372	-0.00110545	-0.00110545	-0.00110545	-0.00110545	550
0.373	-0.000936134	-0.000936134	-0.000936134	-0.000936134	476
0.374	-0.000813067	-0.000813067	-0.000813067	-0.000813067	551
0.375	-0.000156098	-0.000156098	-0.000156098	-0.000156098	492
0.376	4.28835e-05	4.28835e-05	4.28835e-05	4.28835e-05	541
0.377	0.000228571	0.000228571	0.000228571	0.000228571	483
0.378	-0.000334127	-0.000334127	-0.000334127	-0.000334127	504
0.379	0.00106216	0.00106216	0.00106216	0.00106216	473
0.38	0.00130838	0.00130838	0.00130838	0.00130838	513
0.381	0.000842389	0.000842389	0.000842389	0.000842389	519
0.382	-0.000950388	-0.000950388	-0.000950388	-0.000950388	516
0.383	-0.000175732	-0.000175732	-0.000175732	-0.000175732	478
0.384	0.000471937	0.000471937	0.000471937	0.000471937	506
0.385	8.83721e-05	8.83721e-05	8.83721e-05	8.83721e-05	516
0.386	0.00116162	0.00116162	0.00116162	0.00116162	469
0.387	-0.000147186	-0.000147186	-0.000147186	-0.000147186	462
0.388	-0.00138376	-0.00138376	-0.00138376	-0.00138376	468
0.389	0.000538829	0.000538829	0.000538829	0.000538829	461
0.39	-0.000905645	-0.000905645	-0.000905645	-0.000905645	496
0.391	-0.00128538	-0.00128538	-0.00128538	-0.00128538	506
0.392	0.000543243	0.000543243	0.000543243	0.000543243	444
0.393	-0.000900826	-0.000900826	-0.000900826	-0.000900826	484
0.394	-0.000907759	-0.000907759	-0.000907759	-0.000907759	464
0.395	-9.88048e-05	-9.88048e-05	-9.88048e-05	-9.88048e-05	502
0.396	-0.00138315	-0.00138315	-0.00138315	-0.00138315	463
0.397	-0.000184486	-0.000184486	-0.000184486	-0.000184486	477
0.398	-0.00111304	-0.00111304	-0.00111304	-0.00111304	483
0.399	-0.000375281	-0.000375281	-0.000375281	-0.000375281	534
0.4	-0.000317719	-0.000317719	-0.000317719	-0.000317719	491
0.401	5.22088e-05	5.22088e-05	5.22088e-05	5.22088e-05	498
0.402	0.00191322	0.00191322	0.00191322	0.00191322	484
0.403	-0.000363992	-0.000363992	-0.000363992	-0.000363992	511
0.404	0.000794017	0.000794017	0.000794017	0.000794017	468
0.405	0.00137059	0.00137059	0.00137059	0.00137059	476
0.406	0.00106868	0.00106868	0.00106868	0.00106868	463
0.407	0.000338277	0.000338277	0.000338277	0.000338277	499
0.408	-0.00147108	-0.00147108	-0.00147108	-0.00147108	453
0.409	-0.00037764	-0.00037764	-0.00037764	-0.00037764	483
0.41	-0.000661277	-0.000661277	-0.000661277	-0.000661277	470
0.411	-0.00100499	-0.00100499	-0.00100499	-0.00100499	441
0.412	-0.000614815	-0.000614815	-0.000614815	-0.000614815	432
0.413	-0.00111321	-0.00111321	-0.00111321	-0.00111321	530
0.414	-0.000785062	-0.000785062	-0.000785062	-0.000785062	482
0.415	0.000170213	0.000170213	0.000170213	0.000170213	470
0.416	0.000675269	0.000675269	0.000675269	0.000675269	465
0.417	0.000588679	0.000588679	0.000588679	0.000588679	477
0.418	-0.00111391	-0.00111391	-0.00111391	-0.00111391	460
0.419	0.000233463	0.000233463	0.000233463	0.000233463	514
0.42	0.000571806	0.000571806	0.000571806	0.000571806	454
0.421	-0.000164417	-0.000164417	-0.000164417	-0.000164417	489
0.422	-0.000207207	-0.000207207	-0.000207207	-0.000207207	444
0.423	0.000210846	0.000210846	0.000210846	0.000210846	461
0.424	0.000257258	0.000257258	0.000257258	0.000257258	496
0.425	-7.47899e-05	-7.47899e-05	-7.47899e-05	-7.47899e-05	476
0.426	-0.000217865	-0.000217865	-0.000217865	-0.000217865	459
0.427	0.000568602	0.000568602	0.000568602	0.000568602	465
0.428	0.000637975	0.000637975	0.000637975	0.000637975	474
0.429	0.00125187	0.00125187	0.00125187	0.00125187	455
0.43	0.00095693	0.00095693	0.00095693	0.00095693	469
0.431	0.000818182	0.000818182	0.000818182	0.000818182	484
0.432	0.00128267	0.00128267	0.00128267	0.00128267	450
0.433	0.00162198	0.00162198	0.00162198	0.00162198	455
0.434	-0.000161607	-0.000161607	-0.000161607	-0.000161607	448
0.435	-0.000608889	-0.000608889	-0.000608889	-0.000608889	540
0.436	-0.000264363	-0.000264363	-0.000264363	-0.000264363	463
0.437	0.00017931	0.00017931	0.00017931	0.00017931	464
0.438	-0.000112844	-0.000112844	-0.000112844	-0.000112844	436
0.439	0.00124113	0.00124113	0.00124113	0.00124113	496
0.44	0.0015154	0.0015154	0.0015154	0.0015154	487
0.441	-0.000347899	-0.000347899	-0.000347899	-0.000347899	476
0.442	-0.000339956	-0.000339956	-0.000339956	-0.000339956	453
0.443	0.000759732	0.000759732	0.000759732	0.000759732	447
0.444	0.00116674	0.00116674	0.00116674	0.00116674	469
0.445	0.000339556	0.000339556	0.000339556	0.000339556	450
0.446	0.00194055	0.00194055	0.00194055	0.00194055	471
0.447	-0.000540725	-0.000540725	-0.000540725	-0.000540725	469
0.448	-0.000405172	-0.000405172	-0.000405172	-0.000405172	464
0.449	-0.000736986	-0.000736986	-0.000736986	-0.000736986	438
0.45	-0.00157929	-0.00157929	-0.00157929	-0.00157929	425
0.451	-0.00128879	-0.00128879	-0.00128879	-0.00128879	464
0.452	-0.00147568	-0.00147568	-0.00147568	-0.00147568	444
0.453	-0.000239014	-0.000239014	-0.000239014	-0.000239014	487
0.454	-0.000753813	-0.000753813	-0.000753813	-0.000753813	459
0.455	-0.00132276	-0.00132276	-0.00132276	-0.00132276	492
0.456	0.00036746	0.00036746	0.00036746	0.00036746	504
0.457	0.000395662	0.000395662	0.000395662	0.000395662	461
0.458	0.000455531	0.000455531	0.000455531	0.000455531	461
0.459	-0.00110323	-0.00110323	-0.00110323	-0.00110323	496
0.46	-0.001024	-0.001024	-0.001024	-0.001024	500
0.461	-0.00110165	-0.00110165	-0.00110165	-0.00110165	484
0.462	-0.000317043	-0.000317043	-0.000317043	-0.000317043	487
0.463	-0.00145959	-0.00145959	-0.00145959	-0.00145959	490
0.464	-0.000734809	-0.000734809	-0.000734809	-0.000734809	497
0.465	0.000364729	0.000364729	0.000364729	0.000364729	499
0.466	0.000251313	0.000251313	0.000251313	0.000251313	495
0.467	0.000464819	0.000464819	0.000464819	0.000464819	469
0.468	-8.21429e-05	-8.21429e-05	-8.21429e-05	-8.21429e-05	448
0.469	0.000671335	0.000671335	0.000671335	0.000671335	457
0.47	-0.00114228	-0.00114228	-0.00114228	-0.00114228	492
0.471	-0.00116883	-0.00116883	-0.00116883	-0.00116883	462
0.472	-0.00146608	-0.00146608	-0.00146608	-0.00146608	454
0.473	0.000172581	0.000172581	0.000172581	0.000172581	496
0.474	0.0008103	0.0008103	0.0008103	0.0008103	466
0.475	-0.000789852	-0.000789852	-0.000789852	-0.000789852	473
0.476	-0.000146756	-0.000146756	-0.000146756	-0.000146756	447
0.477	-0.00125145	-0.00125145	-0.00125145	-0.00125145	482
0.478	-0.00140986	-0.00140986	-0.00140986	-0.00140986	507
0.479	-0.00113762	-0.00113762	-0.00113762	-0.00113762	513
0.48	-0.00161217	-0.00161217	-0.00161217	-0.00161217	493
0.481	-0.00166026	-0.00166026	-0.00166026	-0.00166026	458
0.482	-0.00174076	-0.00174076	-0.00174076	-0.00174076	449
0.483	-0.00144034	-0.00144034	-0.00144034	-0.00144034	476
0.484	-0.00186637	-0.00186637	-0.00186637	-0.00186637	452
0.485	-0.00156468	-0.00156468	-0.00156468	-0.00156468	453
0.486	-0.000983846	-0.000983846	-0.000983846	-0.000983846	520
0.487	-0.00120899	-0.00120899	-0.00120899	-0.00120899	445
0.488	-0.0025707	-0.0025707	-0.0025707	-0.0025707	471
0.489	-0.00230529	-0.00230529	-0.00230529	-0.00230529	473
0.49	-0.00311695	-0.00311695	-0.00311695	-0.00311695	472
0.491	-0.00112146	-0.00112146	-0.00112146	-0.00112146	438
0.492	-0.00131533	-0.00131533	-0.00131533	-0.00131533	437
0.493	-0.000402564	-0.000402564	-0.000402564	-0.000402564	468
0.494	-0.000337991	-0.000337991	-0.000337991	-0.000337991	458
0.495	-0.000281453	-0.000281453	-0.000281453	-0.000281453	523
0.496	0.000376278	0.000376278	0.000376278	0.000376278	489
0.497	0.000447166	0.000447166	0.000447166	0.000447166	441
0.498	0.000484259	0.000484259	0.000484259	0.000484259	432
0.499	0.000839913	0.000839913	0.000839913	0.000839913	461
0.5	0.000604484	0.000604484	0.000604484	0.000604484	446
0.501	0.00039375	0.00039375	0.00039375	0.00039375	448
0.502	0.00117205	0.00117205	0.00117205	0.00117205	458
0.503	0.000854728	0.000854728	0.000854728	0.000854728	497
0.504	-0.000219883	-0.000219883	-0.000219883	-0.000219883	513
0.505	0.00122133	0.00122133	0.00122133	0.00122133	450
0.506	-0.000372414	-0.000372414	-0.000372414	-0.000372414	464
0.507	0.00257525	0.00257525	0.00257525	0.00257525	493
0.508	0.000822407	0.000822407	0.000822407	0.000822407	482
0.509	0.00151034	0.00151034	0.00151034	0.00151034	464
0.51	0.000505477	0.000505477	0.000505477	0.000505477	493
0.511	0.000645714	0.000645714	0.000645714	0.000645714	420
0.512	0.00083397	0.00083397	0.00083397	0.00083397	471
0.513	0.00088	0.00088	0.00088	0.00088	445
0.514	0.00130909	0.00130909	0.00130909	0.00130909	451
0.515	-0.000661333	-0.000661333	-0.000661333	-0.000661333	450
0.516	0.000782266	0.000782266	0.000782266	0.000782266	406
0.517	0.00116105	0.00116105	0.00116105	0.00116105	421
0.518	0.00104329	0.00104329	0.00104329	0.00104329	462
0.519	0.000236478	0.000236478	0.000236478	0.000236478	477
0.52	0.000208889	0.000208889	0.000208889	0.000208889	450
0.521	-0.000717241	-0.000717241	-0.000717241	-0.000717241	464
0.522	-0.000292453	-0.000292453	-0.000292453	-0.000292453	424
0.523	0.000372881	0.000372881	0.000372881	0.000372881	472
0.524	4.29474e-05	4.29474e-05	4.29474e-05	4.29474e-05	475
0.525	0.000813704	0.000813704	0.000813704	0.000813704	467
0.526	0.000237474	0.000237474	0.000237474	0.000237474	475
0.527	0.000660722	0.000660722	0.000660722	0.000660722	471
0.528	-0.00222688	-0.00222688	-0.00222688	-0.00222688	439
0.529	7.26496e-05	7.26496e-05	7.26496e-05	7.26496e-05	468
0.53	0.000247111	0.000247111	0.000247111	0.000247111	450
0.531	0.000155856	0.000155856	0.000155856	0.000155856	444
0.532	4.21488e-05	4.21488e-05	4.21488e-05	4.21488e-05	484
0.533	0.000649007	0.000649007	0.000649007	0.000649007	453
0.534	0.000968776	0.000968776	0.000968776	0.000968776	474
0.535	0.000392873	0.000392873	0.000392873	0.000392873	449
0.536	0.000171556	0.000171556	0.000171556	0.000171556	450
0.537	-0.00051342	-0.00051342	-0.00051342	-0.00051342	462
0.538	8.37004e-05	8.37004e-05	8.37004e-05	8.37004e-05	454
0.539	0.000473138	0.000473138	0.000473138	0.000473138	443
0.54	-0.000179775	-0.000179775	-0.000179775	-0.000179775	445
0.541	-0.000787416	-0.000787416	-0.000787416	-0.000787416	445
0.542	0.00045431	0.00045431	0.00045431	0.00045431	464
0.543	0.00135111	0.00135111	0.00135111	0.00135111	450
0.544	0.000149558	0.000149558	0.000149558	0.000149558	452
0.545	0.000550763	0.000550763	0.000550763	0.000550763	459
0.546	0.000826947	0.000826947	0.000826947	0.000826947	475
0.547	-3.0137e-05	-3.0137e-05	-3.0137e-05	-3.0137e-05	438
0.548	-5.87234e-05	-5.87234e-05	-5.87234e-05	-5.87234e-05	470
0.549	0.00150583	0.00150583	0.00150583	0.00150583	480
0.55	0.00071	0.00071	0.00071	0.00071	440
0.551	-0.000673767	-0.000673767	-0.000673767	-0.000673767	507
0.552	0.000248852	0.000248852	0.000248852	0.000248852	479
0.553	0.000113778	0.000113778	0.000113778	0.000113778	450
0.554	9.11828e-05	9.11828e-05	9.11828e-05	9.11828e-05	465
0.555	0.000472807	0.000472807	0.000472807	0.000472807	456
0.556	-0.000268094	-0.000268094	-0.000268094	-0.000268094	467
0.557	0.000915833	0.000915833	0.000915833	0.000915833	480
0.558	0.00116606	0.00116606	0.00116606	0.00116606	436
0.559	0.00121225	0.00121225	0.00121225	0.00121225	457
0.56	0.0007	0.0007	0.0007	0.0007	444
0.561	0.00068	0.00068	0.00068	0.00068	430
0.562	-0.00018552	-0.00018552	-0.00018552	-0.00018552	442
0.563	0.000121348	0.000121348	0.000121348	0.000121348	445
0.564	0.00113486	0.00113486	0.00113486	0.00113486	479
0.565	0.000490486	0.000490486	0.000490486	0.000490486	473
0.566	-0.00102081	-0.00102081	-0.00102081	-0.00102081	442
0.567	-0.000592688	-0.000592688	-0.000592688	-0.000592688	465
0.568	0.000887137	0.000887137	0.000887137	0.000887137	482
0.569	0.00010998	0.00010998	0.00010998	0.00010998	491
0.57	-2.83976e-05	-2.83976e-05	-2.83976e-05	-2.83976e-05	493
0.571	0.000521888	0.000521888	0.000521888	0.000521888	466
0.572	0.00115315	0.00115315	0.00115315	0.00115315	461
0.573	0.000322976	0.000322976	0.000322976	0.000322976	457
0.574	0.00204692	0.00204692	0.00204692	0.00204692	503
0.575	0.00147241	0.00147241	0.00147241	0.00147241	464
0.576	0.00155056	0.00155056	0.00155056	0.00155056	445
0.577	0.00186052	0.00186052	0.00186052	0.00186052	499
0.578	-0.000989307	-0.000989307	-0.000989307	-0.000989307	505
0.579	0.000814978	0.000814978	0.000814978	0.000814978	454
0.58	0.00204677	0.00204677	0.00204677	0.00204677	496
0.581	0.000661157	0.000661157	0.000661157	0.000661157	484
0.582	0.000534447	0.000534447	0.000534447	0.000534447	479
0.583	0.00046226	0.00046226	0.00046226	0.00046226	469
0.584	0.0002097	0.0002097	0.0002097	0.0002097	433
0.585	-4.60554e-05	-4.60554e-05	-4.60554e-05	-4.60554e-05	469
0.586	0.000184186	0.000184186	0.000184186	0.000184186	430
0.587	0.000511931	0.000511931	0.000511931	0.000511931	461
0.588	0.0007869	0.0007869	0.0007869	0.0007869	458
0.589	0.00156481	0.00156481	0.00156481	0.00156481	466
0.59	0.000862715	0.000862715	0.000862715	0.000862715	523
0.591	-0.000771492	-0.000771492	-0.000771492	-0.000771492	449
0.592	-0.000143791	-0.000143791	-0.000143791	-0.000143791	459
0.593	-0.000589655	-0.000589655	-0.000589655	-0.000589655	464
0.594	-0.000272842	-0.000272842	-0.000272842	-0.000272842	475
0.595	-0.000723207	-0.000723207	-0.000723207	-0.000723207	474
0.596	0.000212058	0.000212058	0.000212058	0.000212058	481
0.597	0.000133888	0.000133888	0.000133888	0.000133888	481
0.598	0.000464336	0.000464336	0.000464336	0.000464336	429
0.599	0.00079322	0.00079322	0.00079322	0.00079322	413
0.6	0.000105806	0.000105806	0.000105806	0.000105806	465
0.601	-8.26446e-07	-8.26446e-07	-8.26446e-07	-8.26446e-07	484
0.602	-0.000145708	-0.000145708	-0.000145708	-0.000145708	431
0.603	0.000408511	0.000408511	0.000408511	0.000408511	423
0.604	-4.81675e-05	-4.81675e-05	-4.81675e-05	-4.81675e-05	382
0.605	-0.00027963	-0.00027963	-0.00027963	-0.00027963	432
0.606	-7.55056e-05	-7.55056e-05	-7.55056e-05	-7.55056e-05	445
0.607	-0.000206397	-0.000206397	-0.000206397	-0.000206397	469
0.608	-0.00112632	-0.00112632	-0.00112632	-0.00112632	418
0.609	-0.000662963	-0.000662963	-0.000662963	-0.000662963	432
0.61	-7.7193e-05	-7.7193e-05	-7.7193e-05	-7.7193e-05	399
0.611	0.000651247	0.000651247	0.000651247	0.000651247	441
0.612	0.000384582	0.000384582	0.000384582	0.000384582	467
0.613	7.30223e-05	7.30223e-05	7.30223e-05	7.30223e-05	493
0.614	-2.48337e-05	-2.48337e-05	-2.48337e-05	-2.48337e-05	451
0.615	0.000266667	0.000266667	0.000266667	0.000266667	480
0.616	0.000258969	0.000258969	0.000258969	0.000258969	485
0.617	-0.000126559	-0.000126559	-0.000126559	-0.000126559	433
0.618	-0.000235808	-0.000235808	-0.000235808	-0.000235808	458
0.619	0.00148068	0.00148068	0.00148068	0.00148068	409
0.62	0.000981356	0.000981356	0.000981356	0.000981356	472
0.621	-0.00084696	-0.00084696	-0.00084696	-0.00084696	477
0.622	0.000510833	0.000510833	0.000510833	0.000510833	480
0.623	-0.000607018	-0.000607018	-0.000607018	-0.000607018	456
0.624	0.000276329	0.000276329	0.000276329	0.000276329	414
0.625	0.00124405	0.00124405	0.00124405	0.00124405	454
0.626	-1.86047e-05	-1.86047e-05	-1.86047e-05	-1.86047e-05	430
0.627	0.000191342	0.000191342	0.000191342	0.000191342	462
0.628	-0.000342394	-0.000342394	-0.000342394	-0.000342394	493
0.629	-0.00129283	-0.00129283	-0.00129283	-0.00129283	474
0.63	-0.00180713	-0.00180713	-0.00180713	-0.00180713	477
0.631	-0.000407002	-0.000407002	-0.000407002	-0.000407002	457
0.632	-0.00135178	-0.00135178	-0.00135178	-0.00135178	477
0.633	-0.00113684	-0.00113684	-0.00113684	-0.00113684	437
0.634	-7.3029e-05	-7.3029e-05	-7.3029e-05	-7.3029e-05	482
0.635	-0.00120857	-0.00120857	-0.00120857	-0.00120857	420
0.636	-0.000268764	-0.000268764	-0.000268764	-0.000268764	445
0.637	-6.41283e-06	-6.41283e-06	-6.41283e-06	-6.41283e-06	499
0.638	-0.000458537	-0.000458537	-0.000458537	-0.000458537	492
0.639	-0.000334772	-0.000334772	-0.000334772	-0.000334772	417
0.64	-0.000283486	-0.000283486	-0.000283486	-0.000283486	436
0.641	0.000117073	0.000117073	0.000117073	0.000117073	451
0.642	0.000637838	0.000637838	0.000637838	0.000637838	444
0.643	0.000766355	0.000766355	0.000766355	0.000766355	428
0.644	-0.000287037	-0.000287037	-0.000287037	-0.000287037	432
0.645	0.00139414	0.00139414	0.00139414	0.00139414	478
0.646	0.000197125	0.000197125	0.000197125	0.000197125	487
0.647	9.55466e-05	9.55466e-05	9.55466e-05	9.55466e-05	494
0.648	-0.000272537	-0.000272537	-0.000272537	-0.000272537	477
0.649	-0.000243062	-0.000243062	-0.000243062	-0.000243062	418
0.65	0.000529243	0.000529243	0.000529243	0.000529243	489
0.651	0.000509011	0.000509011	0.000509011	0.000509011	455
0.652	0.000255172	0.000255172	0.000255172	0.000255172	464
0.653	0.0017617	0.0017617	0.0017617	0.0017617	470
0.654	0.000830705	0.000830705	0.000830705	0.000830705	482
0.655	-0.000280638	-0.000280638	-0.000280638	-0.000280638	439
0.656	0.0003984	0.0003984	0.0003984	0.0003984	500
0.657	-0.00113596	-0.00113596	-0.00113596	-0.00113596	456
0.658	-0.000996896	-0.000996896	-0.000996896	-0.000996896	451
0.659	-0.00081	-0.00081	-0.00081	-0.00081	440
0.66	-0.000703509	-0.000703509	-0.000703509	-0.000703509	456
0.661	-0.00200695	-0.00200695	-0.00200695	-0.00200695	403
0.662	-0.00128038	-0.00128038	-0.00128038	-0.00128038	423
0.663	-0.00245592	-0.00245592	-0.00245592	-0.00245592	422
0.664	-0.00101592	-0.00101592	-0.00101592	-0.00101592	402
0.665	6.90307e-05	6.90307e-05	6.90307e-05	6.90307e-05	423
0.666	0.000662037	0.000662037	0.000662037	0.000662037	432
0.667	0.000762055	0.000762055	0.000762055	0.000762055	506
0.668	-0.00116221	-0.00116221	-0.00116221	-0.00116221	434
0.669	-0.0017649	-0.0017649	-0.0017649	-0.0017649	473
0.67	-0.00107944	-0.00107944	-0.00107944	-0.00107944	428
0.671	0.00115019	0.00115019	0.00115019	0.00115019	514
0.672	-0.000821818	-0.000821818	-0.000821818	-0.000821818	495
0.673	-0.000231287	-0.000231287	-0.000231287	-0.000231287	505
0.674	-0.0019951	-0.0019951	-0.0019951	-0.0019951	408
0.675	-0.000788983	-0.000788983	-0.000788983	-0.000788983	472
0.676	-0.00100862	-0.00100862	-0.00100862	-0.00100862	441
0.677	0.000242956	0.000242956	0.000242956	0.000242956	433
0.678	-7.12963e-05	-7.12963e-05	-7.12963e-05	-7.12963e-05	432
0.679	-0.00069009	-0.00069009	-0.00069009	-0.00069009	444
0.68	-0.000591344	-0.000591344	-0.000591344	-0.000591344	439
0.681	-0.000999511	-0.000999511	-0.000999511	-0.000999511	409
0.682	-0.000764377	-0.000764377	-0.000764377	-0.000764377	393
0.683	-0.000763452	-0.000763452	-0.000763452	-0.000763452	394
0.684	0.000208867	0.000208867	0.000208867	0.000208867	406
0.685	-0.00102981	-0.00102981	-0.00102981	-0.00102981	416
0.686	-0.000545035	-0.000545035	-0.000545035	-0.000545035	433
0.687	-0.00239704	-0.00239704	-0.00239704	-0.00239704	406
0.688	-0.00174834	-0.00174834	-0.00174834	-0.00174834	391
0.689	0.000344231	0.000344231	0.000344231	0.000344231	416
0.69	-0.00177415	-0.00177415	-0.00177415	-0.00177415	441
0.691	-0.00146034	-0.00146034	-0.00146034	-0.00146034	464
0.692	-0.000824034	-0.000824034	-0.000824034	-0.000824034	466
0.693	-0.00204215	-0.00204215	-0.00204215	-0.00204215	522
0.694	-0.00113661	-0.00113661	-0.00113661	-0.00113661	448
0.695	-0.00190535	-0.00190535	-0.00190535	-0.00190535	486
0.696	-0.000243187	-0.000243187	-0.000243187	-0.000243187	477
0.697	0.000143838	0.000143838	0.000143838	0.000143838	495
0.698	-0.00214207	-0.00214207	-0.00214207	-0.00214207	473
0.699	-0.000946256	-0.000946256	-0.000946256	-0.000946256	454
0.7	-0.00169011	-0.00169011	-0.00169011	-0.00169011	546
0.701	0.000479208	0.000479208	0.000479208	0.000479208	505
0.702	-0.000475	-0.000475	-0.000475	-0.000475	512
0.703	-0.000134969	-0.000134969	-0.000134969	-0.000134969	489
0.704	-0.000645657	-0.000645657	-0.000645657	-0.000645657	495
0.705	-0.00176466	-0.00176466	-0.00176466	-0.00176466	481
0.706	-0.000132166	-0.000132166	-0.000132166	-0.000132166	457
0.707	6.97479e-05	6.97479e-05	6.97479e-05	6.97479e-05	476
0.708	-0.000876147	-0.000876147	-0.000876147	-0.000876147	436
0.709	-0.000895935	-0.000895935	-0.000895935	-0.000895935	492
0.71	-0.00169231	-0.00169231	-0.00169231	-0.00169231	468
0.711	0.000713514	0.000713514	0.000713514	0.000713514	518
0.712	0.000222044	0.000222044	0.000222044	0.000222044	499
0.713	-9.85263e-05	-9.85263e-05	-9.85263e-05	-9.85263e-05	475
0.714	-5.6531e-05	-5.6531e-05	-5.6531e-05	-5.6531e-05	467
0.715	0.000991111	0.000991111	0.000991111	0.000991111	450
0.716	0.00110538	0.00110538	0.00110538	0.00110538	465
0.717	0.001307	0.001307	0.001307	0.001307	486
0.718	0.000366942	0.000366942	0.000366942	0.000366942	484
0.719	0.00152552	0.00152552	0.00152552	0.00152552	478
0.72	0.000920892	0.000920892	0.000920892	0.000920892	493
0.721	7.29614e-05	7.29614e-05	7.29614e-05	7.29614e-05	466
0.722	0.000866808	0.000866808	0.000866808	0.000866808	473
0.723	0.000799121	0.000799121	0.000799121	0.000799121	455
0.724	-0.000454545	-0.000454545	-0.000454545	-0.000454545	440
0.725	0.000121951	0.000121951	0.000121951	0.000121951	410
0.726	0.00191045	0.00191045	0.00191045	0.00191045	469
0.727	0.00109298	0.00109298	0.00109298	0.00109298	456
0.728	0.000973719	0.000973719	0.000973719	0.000973719	449
0.729	0.000515574	0.000515574	0.000515574	0.000515574	488
0.73	0.000451959	0.000451959	0.000451959	0.000451959	485
0.731	0.000692857	0.000692857	0.000692857	0.000692857	448
0.732	0.00124831	0.00124831	0.00124831	0.00124831	414
0.733	2.32258e-05	2.32258e-05	2.32258e-05	2.32258e-05	465
0.734	2.87081e-05	2.87081e-05	2.87081e-05	2.87081e-05	418
0.735	0.000185325	0.000185325	0.000185325	0.000185325	477
0.736	-0.00148478	-0.00148478	-0.00148478	-0.00148478	427
0.737	0.000858929	0.000858929	0.000858929	0.000858929	448
0.738	-3.59447e-05	-3.59447e-05	-3.59447e-05	-3.59447e-05	434
0.739	-0.000462222	-0.000462222	-0.000462222	-0.000462222	450
0.74	-0.000565022	-0.000565022	-0.000565022	-0.000565022	446
0.741	-0.000322172	-0.000322172	-0.000322172	-0.000322172	442
0.742	-0.000425182	-0.000425182	-0.000425182	-0.000425182	413
0.743	-0.00134326	-0.00134326	-0.00134326	-0.00134326	430
0.744	-0.00156577	-0.00156577	-0.00156577	-0.00156577	444
0.745	-0.000341176	-0.000341176	-0.000341176	-0.000341176	442
0.746	-0.000261072	-0.000261072	-0.000261072	-0.000261072	429
0.747	0.000614847	0.000614847	0.000614847	0.000614847	458
0.748	-0.00136166	-0.00136166	-0.00136166	-0.00136166	433
0.749	-6.53928e-05	-6.53928e-05	-6.53928e-05	-6.53928e-05	471
0.75	0.000455605	0.000455605	0.000455605	0.000455605	446
0.751	0.00104115	0.00104115	0.00104115	0.00104115	418
0.752	0.000383059	0.000383059	0.000383059	0.000383059	425
0.753	0.000157789	0.000157789	0.000157789	0.000157789	398
0.754	0.000913525	0.000913525	0.000913525	0.000913525	451
0.755	0.000320468	0.000320468	0.000320468	0.000320468	513
0.756	0.000794667	0.000794667	0.000794667	0.000794667	450
0.757	0.00103273	0.00103273	0.00103273	0.00103273	495
0.758	0.000423629	0.000423629	0.000423629	0.000423629	474
0.759	0.000596491	0.000596491	0.000596491	0.000596491	456
0.76	0.000193396	0.000193396	0.000193396	0.000193396	424
0.761	0.000607407	0.000607407	0.000607407	0.000607407	405
0.762	0.0002	0.0002	0.0002	0.0002	482
0.763	0.00148585	0.00148585	0.00148585	0.00148585	431
0.764	-0.000316916	-0.000316916	-0.000316916	-0.000316916	467
0.765	0.000269623	0.000269623	0.000269623	0.000269623	451
0.766	0.00219633	0.00219633	0.00219633	0.00219633	436
0.767	9.56322e-05	9.56322e-05	9.56322e-05	9.56322e-05	435
0.768	0.000664435	0.000664435	0.000664435	0.000664435	478
0.769	0.000306506	0.000306506	0.000306506	0.000306506	415
0.77	0.00106933	0.00106933	0.00106933	0.00106933	450
0.771	0.00099	0.00099	0.00099	0.00099	480
0.772	0.000974127	0.000974127	0.000974127	0.000974127	487
0.773	0.000326437	0.000326437	0.000326437	0.000326437	435
0.774	0.00146207	0.00146207	0.00146207	0.00146207	464
0.775	0.000305241	0.000305241	0.000305241	0.000305241	477
0.776	0.000514286	0.000514286	0.000514286	0.000514286	427
0.777	-0.000262555	-0.000262555	-0.000262555	-0.000262555	454
0.778	-0.000550108	-0.000550108	-0.000550108	-0.000550108	461
0.779	-0.000848426	-0.000848426	-0.000848426	-0.000848426	413
0.78	-0.00116929	-0.00116929	-0.00116929	-0.00116929	482
0.781	0.000508861	0.000508861	0.000508861	0.000508861	474
0.782	0.000636585	0.000636585	0.000636585	0.000636585	492
0.783	4.93392e-05	4.93392e-05	4.93392e-05	4.93392e-05	454
0.784	0.00038	0.00038	0.00038	0.00038	480
0.785	0.000859688	0.000859688	0.000859688	0.000859688	449
0.786	0.00184837	0.00184837	0.00184837	0.00184837	430
0.787	0.00141564	0.00141564	0.00141564	0.00141564	473
0.788	0.000473036	0.000473036	0.000473036	0.000473036	471
0.789	0.00108305	0.00108305	0.00108305	0.00108305	472
0.79	0.000637288	0.000637288	0.000637288	0.000637288	472
0.791	-0.000318954	-0.000318954	-0.000318954	-0.000318954	459
0.792	0.000389404	0.000389404	0.000389404	0.000389404	453
0.793	0.00021566	0.00021566	0.00021566	0.00021566	447
0.794	-0.000735113	-0.000735113	-0.000735113	-0.000735113	487
0.795	0.00118522	0.00118522	0.00118522	0.00118522	487
0.796	0.000482436	0.000482436	0.000482436	0.000482436	427
0.797	0.000356962	0.000356962	0.000356962	0.000356962	474
0.798	0.000627948	0.000627948	0.000627948	0.000627948	458
0.799	-0.000824834	-0.000824834	-0.000824834	-0.000824834	451
0.8	-0.000513501	-0.000513501	-0.000513501	-0.000513501	437
0.801	-0.000852252	-0.000852252	-0.000852252	-0.000852252	444
0.802	-0.00069781	-0.00069781	-0.00069781	-0.00069781	411
0.803	0.00189662	0.00189662	0.00189662	0.00189662	414
0.804	0.000326425	0.000326425	0.000326425	0.000326425	386
0.805	0.00189373	0.00189373	0.00189373	0.00189373	399
0.806	0.000896396	0.000896396	0.000896396	0.000896396	444
0.807	0.000919708	0.000919708	0.000919708	0.000919708	411
0.808	-0.0006	-0.0006	-0.0006	-0.0006	458
0.809	0.00164533	0.00164533	0.00164533	0.00164533	450
0.81	0.00109612	0.00109612	0.00109612	0.00109612	412
0.811	0.000969369	0.000969369	0.000969369	0.000969369	444
0.812	0.000316996	0.000316996	0.000316996	0.000316996	506
0.813	0.000904274	0.000904274	0.000904274	0.000904274	468
0.814	0.000382898	0.000382898	0.000382898	0.000382898	421
0.815	0.000541176	0.000541176	0.000541176	0.000541176	442
0.816	0.00117506	0.00117506	0.00117506	0.00117506	417
0.817	-0.00156211	-0.00156211	-0.00156211	-0.00156211	454
0.818	-0.000998496	-0.000998496	-0.000998496	-0.000998496	399
0.819	-0.000630361	-0.000630361	-0.000630361	-0.000630361	415
0.82	0.000984889	0.000984889	0.000984889	0.000984889	450
0.821	-9.86667e-05	-9.86667e-05	-9.86667e-05	-9.86667e-05	450
0.822	0.000955238	0.000955238	0.000955238	0.000955238	420
0.823	0.00148952	0.00148952	0.00148952	0.00148952	420
0.824	0.0028856	0.0028856	0.0028856	0.0028856	500
0.825	0.00162587	0.00162587	0.00162587	0.00162587	433
0.826	0.00119709	0.00119709	0.00119709	0.00119709	413
0.827	0.000917051	0.000917051	0.000917051	0.000917051	434
0.828	-8.12183e-05	-8.12183e-05	-8.12183e-05	-8.12183e-05	394
0.829	-0.000246575	-0.000246575	-0.000246575	-0.000246575	438
0.83	-0.000458182	-0.000458182	-0.000458182	-0.000458182	440
0.831	-0.000340406	-0.000340406	-0.000340406	-0.000340406	443
0.832	-0.00049633	-0.00049633	-0.00049633	-0.00049633	436
0.833	-0.000270562	-0.000270562	-0.000270562	-0.000270562	445
0.834	5.98639e-05	5.98639e-05	5.98639e-05	5.98639e-05	441
0.835	0.000214953	0.000214953	0.000214953	0.000214953	428
0.836	0.00202032	0.00202032	0.00202032	0.00202032	433
0.837	0.000485775	0.000485775	0.000485775	0.000485775	471
0.838	0.00219462	0.00219462	0.00219462	0.00219462	446
0.839	0.000514409	0.000514409	0.000514409	0.000514409	465
0.84	0.000363103	0.000363103	0.000363103	0.000363103	477
0.841	0.000278261	0.000278261	0.000278261	0.000278261	460
0.842	0.000409524	0.000409524	0.000409524	0.000409524	420
0.843	-0.000664979	-0.000664979	-0.000664979	-0.000664979	474
0.844	-4.68547e-05	-4.68547e-05	-4.68547e-05	-4.68547e-05	461
0.845	0.00133487	0.00133487	0.00133487	0.00133487	433
0.846	0.00056105	0.00056105	0.00056105	0.00056105	457
0.847	0.000634515	0.000634515	0.000634515	0.000634515	423
0.848	0.0011693	0.0011693	0.0011693	0.0011693	443
0.849	0.000981333	0.000981333	0.000981333	0.000981333	450
0.85	0.00183439	0.00183439	0.00183439	0.00183439	442
0.851	9.13319e-05	9.13319e-05	9.13319e-05	9.13319e-05	473
0.852	0.0015007	0.0015007	0.0015007	0.0015007	431
0.853	0.000896833	0.000896833	0.000896833	0.000896833	442
0.854	0.00118445	0.00118445	0.00118445	0.00118445	463
0.855	0.000295694	0.000295694	0.000295694	0.000295694	418
0.856	4.6473e-05	4.6473e-05	4.6473e-05	4.6473e-05	482
0.857	-0.00050108	-0.00050108	-0.00050108	-0.00050108	463
0.858	-0.000623656	-0.000623656	-0.000623656	-0.000623656	465
0.859	0.000309417	0.000309417	0.000309417	0.000309417	446
0.86	0.000279029	0.000279029	0.000279029	0.000279029	453
0.861	-0.000462243	-0.000462243	-0.000462243	-0.000462243	437
0.862	-0.000105967	-0.000105967	-0.000105967	-0.000105967	419
0.863	-0.000278385	-0.000278385	-0.000278385	-0.000278385	421
0.864	-0.000114159	-0.000114159	-0.000114159	-0.000114159	452
0.865	0.00150776	0.00150776	0.00150776	0.00150776	425
0.866	-7.94393e-05	-7.94393e-05	-7.94393e-05	-7.94393e-05	428
0.867	-0.000825316	-0.000825316	-0.000825316	-0.000825316	395
0.868	-0.000392435	-0.000392435	-0.000392435	-0.000392435	423
0.869	0.00206512	0.00206512	0.00206512	0.00206512	387
0.87	0.000461538	0.000461538	0.000461538	0.000461538	455
0.871	0.000367213	0.000367213	0.000367213	0.000367213	427
0.872	0.00208531	0.00208531	0.00208531	0.00208531	422
0.873	0.000392593	0.000392593	0.000392593	0.000392593	486
0.874	0.000674841	0.000674841	0.000674841	0.000674841	473
0.875	-0.000435518	-0.000435518	-0.000435518	-0.000435518	473
0.876	0.00149823	0.00149823	0.00149823	0.00149823	452
0.877	-0.000391855	-0.000391855	-0.000391855	-0.000391855	442
0.878	0.000306427	0.000306427	0.000306427	0.000306427	389
0.879	-0.000949618	-0.000949618	-0.000949618	-0.000949618	393
0.88	0.0011991	0.0011991	0.0011991	0.0011991	445
0.881	0.00149082	0.00149082	0.00149082	0.00149082	392
0.882	0.00118635	0.00118635	0.00118635	0.00118635	469
0.883	0.00218036	0.00218036	0.00218036	0.00218036	448
0.884	0.000917595	0.000917595	0.000917595	0.000917595	449
0.885	0.00139744	0.00139744	0.00139744	0.00139744	468
0.886	0.000573253	0.000573253	0.000573253	0.000573253	501
0.887	0.00129756	0.00129756	0.00129756	0.00129756	451
0.888	0.00111814	0.00111814	0.00111814	0.00111814	474
0.889	-0.000728947	-0.000728947	-0.000728947	-0.000728947	456
0.89	-6.11111e-05	-6.11111e-05	-6.11111e-05	-6.11111e-05	504
0.891	0.00136809	0.00136809	0.00136809	0.00136809	445
0.892	0.000730586	0.000730586	0.000730586	0.000730586	461
0.893	-0.00101779	-0.00101779	-0.00101779	-0.00101779	461
0.894	0.000940271	0.000940271	0.000940271	0.000940271	442
0.895	0.000114402	0.000114402	0.000114402	0.000114402	493
0.896	0.00173769	0.00173769	0.00173769	0.00173769	398
0.897	0.00063814	0.00063814	0.00063814	0.00063814	430
0.898	-0.000915403	-0.000915403	-0.000915403	-0.000915403	409
0.899	-0.000475488	-0.000475488	-0.000475488	-0.000475488	461
0.9	-0.000305727	-0.000305727	-0.000305727	-0.000305727	454
0.901	0.000820418	0.000820418	0.000820418	0.000820418	431
0.902	0.00131	0.00131	0.00131	0.00131	440
0.903	0.00166235	0.00166235	0.00166235	0.00166235	417
0.904	0.000452393	0.000452393	0.000452393	0.000452393	397
0.905	-0.000183736	-0.000183736	-0.000183736	-0.000183736	455
0.906	-0.00067913	-0.00067913	-0.00067913	-0.00067913	460
0.907	0.00115067	0.00115067	0.00115067	0.00115067	446
0.908	-0.000137528	-0.000137528	-0.000137528	-0.000137528	445
0.909	9.49153e-05	9.49153e-05	9.49153e-05	9.49153e-05	413
0.91	-0.000103067	-0.000103067	-0.000103067	-0.000103067	489
0.911	0.00103292	0.00103292	0.00103292	0.00103292	486
0.912	0.000687927	0.000687927	0.000687927	0.000687927	439
0.913	-0.000633333	-0.000633333	-0.000633333	-0.000633333	420
0.914	0.000259649	0.000259649	0.000259649	0.000259649	456
0.915	0.00111333	0.00111333	0.00111333	0.00111333	480
0.916	-0.000647964	-0.000647964	-0.000647964	-0.000647964	442
0.917	0.000413617	0.000413617	0.000413617	0.000413617	470
0.918	-0.000158891	-0.000158891	-0.000158891	-0.000158891	433
0.919	0.00173193	0.00173193	0.00173193	0.00173193	379
0.92	-0.000627074	-0.000627074	-0.000627074	-0.000627074	458
0.921	-0.0010717	-0.0010717	-0.0010717	-0.0010717	424
0.922	0.000139007	0.000139007	0.000139007	0.000139007	423
0.923	0.00124292	0.00124292	0.00124292	0.00124292	466
0.924	0.000875053	0.000875053	0.000875053	0.000875053	469
0.925	0.00192947	0.00192947	0.00192947	0.00192947	431
0.926	-0.000417738	-0.000417738	-0.000417738	-0.000417738	451
0.927	0.00147207	0.00147207	0.00147207	0.00147207	444
0.928	0.000623158	0.000623158	0.000623158	0.000623158	475
0.929	-0.000925641	-0.000925641	-0.000925641	-0.000925641	468
0.93	0.000300483	0.000300483	0.000300483	0.000300483	414
0.931	0.000609145	0.000609145	0.000609145	0.000609145	503
0.932	0.000399161	0.000399161	0.000399161	0.000399161	477
0.933	0.00145323	0.00145323	0.00145323	0.00145323	496
0.934	-0.000432773	-0.000432773	-0.000432773	-0.000432773	476
0.935	9.83051e-05	9.83051e-05	9.83051e-05	9.83051e-05	472
0.936	-0.000299543	-0.000299543	-0.000299543	-0.000299543	438
0.937	-0.00100263	-0.00100263	-0.00100263	-0.00100263	456
0.938	-0.000374843	-0.000374843	-0.000374843	-0.000374843	477
0.939	-6.83371e-05	-6.83371e-05	-6.83371e-05	-6.83371e-05	439
0.94	0.00182698	0.00182698	0.00182698	0.00182698	430
0.941	0.00128337	0.00128337	0.00128337	0.00128337	427
0.942	0.0013373	0.0013373	0.0013373	0.0013373	437
0.943	0.000563801	0.000563801	0.000563801	0.000563801	442
0.944	0.000400957	0.000400957	0.000400957	0.000400957	418
0.945	0.00158169	0.00158169	0.00158169	0.00158169	437
0.946	0.000557709	0.000557709	0.000557709	0.000557709	454
0.947	0.000952258	0.000952258	0.000952258	0.000952258	465
0.948	0.00085978	0.00085978	0.00085978	0.00085978	455
0.949	0.00189083	0.00189083	0.00189083	0.00189083	469
0.95	0.00112105	0.00112105	0.00112105	0.00112105	456
0.951	0.00068595	0.00068595	0.00068595	0.00068595	484
0.952	0.00165551	0.00165551	0.00165551	0.00165551	490
0.953	0.00132919	0.00132919	0.00132919	0.00132919	483
0.954	0.000579015	0.000579015	0.000579015	0.000579015	467
0.955	0.00203755	0.00203755	0.00203755	0.00203755	490
0.956	0.00103923	0.00103923	0.00103923	0.00103923	413
0.957	-0.000211765	-0.000211765	-0.000211765	-0.000211765	442
0.958	0.000654299	0.000654299	0.000654299	0.000654299	442
0.959	0.00109322	0.00109322	0.00109322	0.00109322	457
0.96	-0.00040332	-0.00040332	-0.00040332	-0.00040332	482
0.961	0.000956813	0.000956813	0.000956813	0.000956813	477
0.962	0.000656148	0.000656148	0.000656148	0.000656148	431
0.963	-0.00114879	-0.00114879	-0.00114879	-0.00114879	414
0.964	-0.000265241	-0.000265241	-0.000265241	-0.000265241	374
0.965	0.000513475	0.000513475	0.000513475	0.000513475	423
0.966	0.000571703	0.000571703	0.000571703	0.000571703	417
0.967	0.000709136	0.000709136	0.000709136	0.000709136	405
0.968	0.00157279	0.00157279	0.00157279	0.00157279	441
0.969	0.000742342	0.000742342	0.000742342	0.000742342	444
0.97	0.00133511	0.00133511	0.00133511	0.00133511	450
0.971	-0.00101378	-0.00101378	-0.00101378	-0.00101378	421
0.972	0.000219469	0.000219469	0.000219469	0.000219469	452
0.973	6.06061e-05	6.06061e-05	6.06061e-05	6.06061e-05	462
0.974	0.00130508	0.00130508	0.00130508	0.00130508	453
0.975	0.000849057	0.000849057	0.000849057	0.000849057	424
0.976	0.000512984	0.000512984	0.000512984	0.000512984	439
0.977	0.000575893	0.000575893	0.000575893	0.000575893	448
0.978	-0.000211607	-0.000211607	-0.000211607	-0.000211607	448
0.979	-0.000562832	-0.000562832	-0.000562832	-0.000562832	452
0.98	8.69565e-05	8.69565e-05	8.69565e-05	8.69565e-05	460
0.981	0.000117936	0.000117936	0.000117936	0.000117936	407
0.982	-0.000460513	-0.000460513	-0.000460513	-0.000460513	390
0.983	0.000168957	0.000168957	0.000168957	0.000168957	393
0.984	-0.000192657	-0.000192657	-0.000192657	-0.000192657	463
0.985	0.000661647	0.000661647	0.000661647	0.000661647	425
0.986	0.000484314	0.000484314	0.000484314	0.000484314	408
0.987	0.00117745	0.00117745	0.00117745	0.00117745	408
0.988	8.37209e-06	8.37209e-06	8.37209e-06	8.37209e-06	430
0.989	0.000449157	0.000449157	0.000449157	0.000449157	415
0.99	0.000684778	0.000684778	0.000684778	0.000684778	427
0.991	0.000168565	0.000168565	0.000168565	0.000168565	439
0.992	0.000827972	0.000827972	0.000827972	0.000827972	429
0.993	0.000257143	0.000257143	0.000257143	0.000257143	420
0.994	0.000306479	0.000306479	0.000306479	0.000306479	355
0.995	0.00155338	0.00155338	0.00155338	0.00155338	429
0.996	-0.000460638	-0.000460638	-0.000460638	-0.000460638	376
0.997	0.000228438	0.000228438	0.000228438	0.000228438	429
0.998	-6.03015e-06	-6.03015e-06	-6.03015e-06	-6.03015e-06	398
0.999	-0.000103944	-0.000103944	-0.000103944	-0.000103944	431
1	0.000764103	0.000764103	0.000764103	0.000764103	390
