0.001	0.0817489	0.0817489	0.0817489	0.0817489	1904
0.002	0.0775956	0.0775956	0.0775956	0.0775956	1461
0.003	0.0738808	0.0738808	0.0738808	0.0738808	1195
0.004	0.0656814	0.0656814	0.0656814	0.0656814	1052
0.005	0.063785	0.063785	0.063785	0.063785	921
0.006	0.0615887	0.0615887	0.0615887	0.0615887	883
0.007	0.0550478	0.0550478	0.0550478	0.0550478	762
0.008	0.0580117	0.0580117	0.0580117	0.0580117	716
0.009	0.0497863	0.0497863	0.0497863	0.0497863	747
0.01	0.0477237	0.0477237	0.0477237	0.0477237	653
0.011	0.0490423	0.0490423	0.0490423	0.0490423	695
0.012	0.0447446	0.0447446	0.0447446	0.0447446	614
0.013	0.0415777	0.0415777	0.0415777	0.0415777	591
0.014	0.042393	0.042393	0.042393	0.042393	568
0.015	0.0372794	0.0372794	0.0372794	0.0372794	539
0.016	0.0412168	0.0412168	0.0412168	0.0412168	523
0.017	0.041694	0.041694	0.041694	0.041694	515
0.018	0.0411435	0.0411435	0.0411435	0.0411435	531
0.019	0.0342662	0.0342662	0.0342662	0.0342662	529
0.02	0.0328964	0.0328964	0.0328964	0.0328964	494
0.021	0.0292865	0.0292865	0.0292865	0.0292865	504
0.022	0.0256562	0.0256562	0.0256562	0.0256562	505
0.023	0.0275331	0.0275331	0.0275331	0.0275331	490
0.024	0.0305312	0.0305312	0.0305312	0.0305312	497
0.025	0.0277648	0.0277648	0.0277648	0.0277648	512
0.026	0.0284889	0.0284889	0.0284889	0.0284889	486
0.027	0.0311368	0.0311368	0.0311368	0.0311368	500
0.028	0.0292622	0.0292622	0.0292622	0.0292622	476
0.029	0.0257037	0.0257037	0.0257037	0.0257037	517
0.03	0.02551	0.02551	0.02551	0.02551	502
0.031	0.0251367	0.0251367	0.0251367	0.0251367	480
0.032	0.0283002	0.0283002	0.0283002	0.0283002	505
0.033	0.0228922	0.0228922	0.0228922	0.0228922	451
0.034	0.0217053	0.0217053	0.0217053	0.0217053	452
0.035	0.0242878	0.0242878	0.0242878	0.0242878	492
0.036	0.0230517	0.0230517	0.0230517	0.0230517	445
0.037	0.0193541	0.0193541	0.0193541	0.0193541	436
0.038	0.0218043	0.0218043	0.0218043	0.0218043	464
0.039	0.0182651	0.0182651	0.0182651	0.0182651	439
0.04	0.0170502	0.0170502	0.0170502	0.0170502	454
0.041	0.0168656	0.0168656	0.0168656	0.0168656	439
0.042	0.013693	0.013693	0.013693	0.013693	417
0.043	0.0148612	0.0148612	0.0148612	0.0148612	451
0.044	0.015614	0.015614	0.015614	0.015614	429
0.045	0.0165655	0.0165655	0.0165655	0.0165655	440
0.046	0.0177928	0.0177928	0.0177928	0.0177928	471
0.047	0.0140254	0.0140254	0.0140254	0.0140254	473
0.048	0.0127446	0.0127446	0.0127446	0.0127446	462
0.049	0.0120147	0.0120147	0.0120147	0.0120147	462
0.05	0.0105076	0.0105076	0.0105076	0.0105076	472
0.051	0.0141038	0.0141038	0.0141038	0.0141038	416
0.052	0.0121846	0.0121846	0.0121846	0.0121846	403
0.053	0.0149649	0.0149649	0.0149649	0.0149649	427
0.054	0.0127394	0.0127394	0.0127394	0.0127394	429
0.055	0.0138033	0.0138033	0.0138033	0.0138033	427
0.056	0.00927773	0.00927773	0.00927773	0.00927773	422
0.057	0.0124688	0.0124688	0.0124688	0.0124688	436
0.058	0.0154098	0.0154098	0.0154098	0.0154098	450
0.059	0.0143325	0.0143325	0.0143325	0.0143325	415
0.06	0.0152952	0.0152952	0.0152952	0.0152952	416
0.061	0.0118609	0.0118609	0.0118609	0.0118609	414
0.062	0.0144615	0.0144615	0.0144615	0.0144615	416
0.063	0.0156109	0.0156109	0.0156109	0.0156109	403
0.064	0.00968747	0.00968747	0.00968747	0.00968747	375
0.065	0.0109057	0.0109057	0.0109057	0.0109057	420
0.066	0.0135785	0.0135785	0.0135785	0.0135785	354
0.067	0.0089072	0.0089072	0.0089072	0.0089072	403
0.068	0.0127057	0.0127057	0.0127057	0.0127057	369
0.069	0.00976853	0.00976853	0.00976853	0.00976853	375
0.07	0.0074479	0.0074479	0.0074479	0.0074479	405
0.071	0.0127074	0.0127074	0.0127074	0.0127074	363
0.072	0.00918591	0.00918591	0.00918591	0.00918591	369
0.073	0.00758359	0.00758359	0.00758359	0.00758359	390
0.074	0.00662186	0.00662186	0.00662186	0.00662186	366
0.075	0.00653785	0.00653785	0.00653785	0.00653785	325
0.076	0.00832315	0.00832315	0.00832315	0.00832315	406
0.077	0.00676966	0.00676966	0.00676966	0.00676966	356
0.078	0.00929096	0.00929096	0.00929096	0.00929096	365
0.079	0.00967481	0.00967481	0.00967481	0.00967481	385
0.08	0.00886762	0.00886762	0.00886762	0.00886762	349
0.081	0.00989592	0.00989592	0.00989592	0.00989592	392
0.082	0.00758634	0.00758634	0.00758634	0.00758634	410
0.083	0.0108453	0.0108453	0.0108453	0.0108453	371
0.084	0.00964543	0.00964543	0.00964543	0.00964543	361
0.085	0.008399	0.008399	0.008399	0.008399	401
0.086	0.00745114	0.00745114	0.00745114	0.00745114	395
0.087	0.00605091	0.00605091	0.00605091	0.00605091	385
0.088	0.00917676	0.00917676	0.00917676	0.00917676	413
0.089	0.008576	0.008576	0.008576	0.008576	400
0.09	0.00683069	0.00683069	0.00683069	0.00683069	404
0.091	0.00908911	0.00908911	0.00908911	0.00908911	404
0.092	0.010285	0.010285	0.010285	0.010285	428
0.093	0.00856154	0.00856154	0.00856154	0.00856154	416
0.094	0.00796339	0.00796339	0.00796339	0.00796339	437
0.095	0.00790352	0.00790352	0.00790352	0.00790352	398
0.096	0.00861015	0.00861015	0.00861015	0.00861015	335
0.097	0.0087461	0.0087461	0.0087461	0.0087461	423
0.098	0.00635892	0.00635892	0.00635892	0.00635892	370
0.099	0.00658997	0.00658997	0.00658997	0.00658997	379
0.1	0.00605279	0.00605279	0.00605279	0.00605279	394
0.101	0.00362873	0.00362873	0.00362873	0.00362873	362
0.102	0.00457421	0.00457421	0.00457421	0.00457421	411
0.103	0.00412487	0.00412487	0.00412487	0.00412487	378
0.104	0.00673714	0.00673714	0.00673714	0.00673714	350
0.105	0.0072057	0.0072057	0.0072057	0.0072057	351
0.106	0.00463207	0.00463207	0.00463207	0.00463207	343
0.107	0.00517835	0.00517835	0.00517835	0.00517835	351
0.108	0.00611011	0.00611011	0.00611011	0.00611011	356
0.109	0.00521714	0.00521714	0.00521714	0.00521714	350
0.11	0.00473484	0.00473484	0.00473484	0.00473484	399
0.111	0.00240889	0.00240889	0.00240889	0.00240889	360
0.112	0.00342467	0.00342467	0.00342467	0.00342467	381
0.113	0.00361064	0.00361064	0.00361064	0.00361064	376
0.114	0.00311304	0.00311304	0.00311304	0.00311304	391
0.115	0.00211299	0.00211299	0.00211299	0.00211299	354
0.116	0.00340748	0.00340748	0.00340748	0.00340748	401
0.117	0.000615467	0.000615467	0.000615467	0.000615467	375
0.118	0.00468877	0.00468877	0.00468877	0.00468877	374
0.119	0.00209077	0.00209077	0.00209077	0.00209077	379
0.12	0.00496915	0.00496915	0.00496915	0.00496915	376
0.121	0.00582136	0.00582136	0.00582136	0.00582136	412
0.122	0.0035401	0.0035401	0.0035401	0.0035401	394
0.123	0.00406017	0.00406017	0.00406017	0.00406017	359
0.124	0.00557946	0.00557946	0.00557946	0.00557946	370
0.125	0.00159778	0.00159778	0.00159778	0.00159778	360
0.126	0.00141582	0.00141582	0.00141582	0.00141582	354
0.127	0.00122788	0.00122788	0.00122788	0.00122788	373
0.128	0.00254286	0.00254286	0.00254286	0.00254286	392
0.129	0.00223636	0.00223636	0.00223636	0.00223636	374
0.13	0.00451053	0.00451053	0.00451053	0.00451053	380
0.131	0.00195028	0.00195028	0.00195028	0.00195028	354
0.132	0.00353538	0.00353538	0.00353538	0.00353538	359
0.133	0.00223299	0.00223299	0.00223299	0.00223299	388
0.134	0.00147523	0.00147523	0.00147523	0.00147523	327
0.135	0.0031104	0.0031104	0.0031104	0.0031104	375
0.136	0.00239251	0.00239251	0.00239251	0.00239251	374
0.137	0.00356354	0.00356354	0.00356354	0.00356354	384
0.138	0.00109765	0.00109765	0.00109765	0.00109765	383
0.139	0.00124073	0.00124073	0.00124073	0.00124073	383
0.14	-7.60494e-05	-7.60494e-05	-7.60494e-05	-7.60494e-05	405
0.141	0.00193753	0.00193753	0.00193753	0.00193753	397
0.142	0.00118149	0.00118149	0.00118149	0.00118149	389
0.143	0.00158717	0.00158717	0.00158717	0.00158717	374
0.144	0.00420215	0.00420215	0.00420215	0.00420215	372
0.145	0.00190409	0.00190409	0.00190409	0.00190409	367
0.146	0.00271179	0.00271179	0.00271179	0.00271179	390
0.147	0.0036901	0.0036901	0.0036901	0.0036901	404
0.148	0.0021326	0.0021326	0.0021326	0.0021326	362
0.149	0.00266494	0.00266494	0.00266494	0.00266494	385
0.15	0.00172492	0.00172492	0.00172492	0.00172492	333
0.151	0.00239437	0.00239437	0.00239437	0.00239437	355
0.152	0.00147805	0.00147805	0.00147805	0.00147805	328
0.153	0.00312141	0.00312141	0.00312141	0.00312141	341
0.154	0.000693805	0.000693805	0.000693805	0.000693805	339
0.155	0.0027966	0.0027966	0.0027966	0.0027966	353
0.156	0.000952279	0.000952279	0.000952279	0.000952279	373
0.157	0.000669274	0.000669274	0.000669274	0.000669274	358
0.158	0.00364656	0.00364656	0.00364656	0.00364656	378
0.159	0.00205484	0.00205484	0.00205484	0.00205484	372
0.16	-2.25989e-05	-2.25989e-05	-2.25989e-05	-2.25989e-05	354
0.161	0.00258263	0.00258263	0.00258263	0.00258263	357
0.162	0.00138875	0.00138875	0.00138875	0.00138875	320
0.163	0.00136076	0.00136076	0.00136076	0.00136076	316
0.164	0.00147086	0.00147086	0.00147086	0.00147086	350
0.165	0.00102663	0.00102663	0.00102663	0.00102663	353
0.166	0.000922785	0.000922785	0.000922785	0.000922785	316
0.167	0.00202455	0.00202455	0.00202455	0.00202455	391
0.168	0.00298626	0.00298626	0.00298626	0.00298626	393
0.169	0.000916578	0.000916578	0.000916578	0.000916578	374
0.17	0.00146082	0.00146082	0.00146082	0.00146082	388
0.171	-0.000450674	-0.000450674	-0.000450674	-0.000450674	371
0.172	0.00158883	0.00158883	0.00158883	0.00158883	358
0.173	0.00177284	0.00177284	0.00177284	0.00177284	324
0.174	0.00155978	0.00155978	0.00155978	0.00155978	368
0.175	0.00348285	0.00348285	0.00348285	0.00348285	379
0.176	0.00216134	0.00216134	0.00216134	0.00216134	357
0.177	0.0017815	0.0017815	0.0017815	0.0017815	346
0.178	0.000954128	0.000954128	0.000954128	0.000954128	327
0.179	0.001078	0.001078	0.001078	0.001078	400
0.18	0.00106352	0.00106352	0.00106352	0.00106352	381
0.181	-1.1399e-05	-1.1399e-05	-1.1399e-05	-1.1399e-05	386
0.182	0.000911169	0.000911169	0.000911169	0.000911169	385
0.183	-0.000852605	-0.000852605	-0.000852605	-0.000852605	403
0.184	-0.00117982	-0.00117982	-0.00117982	-0.00117982	337
0.185	9.82801e-05	9.82801e-05	9.82801e-05	9.82801e-05	407
0.186	-9.38005e-05	-9.38005e-05	-9.38005e-05	-9.38005e-05	371
0.187	0.00126017	0.00126017	0.00126017	0.00126017	359
0.188	-2.7907e-05	-2.7907e-05	-2.7907e-05	-2.7907e-05	344
0.189	0.00251613	0.00251613	0.00251613	0.00251613	372
0.19	0.00260377	0.00260377	0.00260377	0.00260377	318
0.191	-0.00082776	-0.00082776	-0.00082776	-0.00082776	317
0.192	0.00104693	0.00104693	0.00104693	0.00104693	358
0.193	0.00136723	0.00136723	0.00136723	0.00136723	354
0.194	-9.14286e-05	-9.14286e-05	-9.14286e-05	-9.14286e-05	350
0.195	0.00137417	0.00137417	0.00137417	0.00137417	333
0.196	0.000508455	0.000508455	0.000508455	0.000508455	343
0.197	0.00158702	0.00158702	0.00158702	0.00158702	339
0.198	0.00195826	0.00195826	0.00195826	0.00195826	345
0.199	0.00069697	0.00069697	0.00069697	0.00069697	330
0.2	0.00216747	0.00216747	0.00216747	0.00216747	375
0.201	0.00216941	0.00216941	0.00216941	0.00216941	340
0.202	0.000135016	0.000135016	0.000135016	0.000135016	317
0.203	0.00104363	0.00104363	0.00104363	0.00104363	353
0.204	-0.000292977	-0.000292977	-0.000292977	-0.000292977	299
0.205	-0.000103704	-0.000103704	-0.000103704	-0.000103704	324
0.206	0.00261703	0.00261703	0.00261703	0.00261703	317
0.207	-0.00120404	-0.00120404	-0.00120404	-0.00120404	297
0.208	0.00132945	0.00132945	0.00132945	0.00132945	343
0.209	0.000763218	0.000763218	0.000763218	0.000763218	348
0.21	0.000770227	0.000770227	0.000770227	0.000770227	309
0.211	0.000548012	0.000548012	0.000548012	0.000548012	327
0.212	0.00189939	0.00189939	0.00189939	0.00189939	326
0.213	-0.000347239	-0.000347239	-0.000347239	-0.000347239	326
0.214	-0.000975	-0.000975	-0.000975	-0.000975	368
0.215	-0.000735447	-0.000735447	-0.000735447	-0.000735447	347
0.216	-0.00121489	-0.00121489	-0.00121489	-0.00121489	376
0.217	0.000679817	0.000679817	0.000679817	0.000679817	436
0.218	0.000397037	0.000397037	0.000397037	0.000397037	405
0.219	0.0019005	0.0019005	0.0019005	0.0019005	402
0.22	0.00108329	0.00108329	0.00108329	0.00108329	353
0.221	0.0021157	0.0021157	0.0021157	0.0021157	363
0.222	0.000990426	0.000990426	0.000990426	0.000990426	376
0.223	0.00256204	0.00256204	0.00256204	0.00256204	353
0.224	0.00217608	0.00217608	0.00217608	0.00217608	393
0.225	0.00165907	0.00165907	0.00165907	0.00165907	386
0.226	0.000680702	0.000680702	0.000680702	0.000680702	399
0.227	0.00183977	0.00183977	0.00183977	0.00183977	352
0.228	0.000629829	0.000629829	0.000629829	0.000629829	409
0.229	0.00168068	0.00168068	0.00168068	0.00168068	352
0.23	0.00140215	0.00140215	0.00140215	0.00140215	372
0.231	0.000347826	0.000347826	0.000347826	0.000347826	345
0.232	0.00188571	0.00188571	0.00188571	0.00188571	329
0.233	0.00118095	0.00118095	0.00118095	0.00118095	336
0.234	0.000431522	0.000431522	0.000431522	0.000431522	368
0.235	0.00165975	0.00165975	0.00165975	0.00165975	395
0.236	0.00072561	0.00072561	0.00072561	0.00072561	328
0.237	0.0018642	0.0018642	0.0018642	0.0018642	324
0.238	-0.000348986	-0.000348986	-0.000348986	-0.000348986	345
0.239	0.000152381	0.000152381	0.000152381	0.000152381	357
0.24	-0.000329412	-0.000329412	-0.000329412	-0.000329412	323
0.241	0.00192628	0.00192628	0.00192628	0.00192628	331
0.242	0.00193146	0.00193146	0.00193146	0.00193146	321
0.243	0.000856287	0.000856287	0.000856287	0.000856287	334
0.244	0.000523977	0.000523977	0.000523977	0.000523977	342
0.245	0.00078026	0.00078026	0.00078026	0.00078026	385
0.246	6.51685e-05	6.51685e-05	6.51685e-05	6.51685e-05	356
0.247	-0.000262953	-0.000262953	-0.000262953	-0.000262953	359
0.248	0.000786921	0.000786921	0.000786921	0.000786921	367
0.249	0.0005824	0.0005824	0.0005824	0.0005824	375
0.25	0.000629363	0.000629363	0.000629363	0.000629363	361
0.251	-0.000440404	-0.000440404	-0.000440404	-0.000440404	396
0.252	0.000964764	0.000964764	0.000964764	0.000964764	403
0.253	-0.000237569	-0.000237569	-0.000237569	-0.000237569	362
0.254	0.000775581	0.000775581	0.000775581	0.000775581	344
0.255	-0.000540153	-0.000540153	-0.000540153	-0.000540153	391
0.256	-0.00110492	-0.00110492	-0.00110492	-0.00110492	366
0.257	0.000680739	0.000680739	0.000680739	0.000680739	379
0.258	0.000623691	0.000623691	0.000623691	0.000623691	363
0.259	0.000795467	0.000795467	0.000795467	0.000795467	353
0.26	0.000572292	0.000572292	0.000572292	0.000572292	397
0.261	-0.00012	-0.00012	-0.00012	-0.00012	340
0.262	0.000271658	0.000271658	0.000271658	0.000271658	374
0.263	0.00268223	0.00268223	0.00268223	0.00268223	377
0.264	0.0006368	0.0006368	0.0006368	0.0006368	375
0.265	0.000535644	0.000535644	0.000535644	0.000535644	404
0.266	0.00253427	0.00253427	0.00253427	0.00253427	429
0.267	0.00268042	0.00268042	0.00268042	0.00268042	378
0.268	3.16832e-05	3.16832e-05	3.16832e-05	3.16832e-05	404
0.269	0.00149495	0.00149495	0.00149495	0.00149495	396
0.27	0.000621395	0.000621395	0.000621395	0.000621395	430
0.271	1.39211e-05	1.39211e-05	1.39211e-05	1.39211e-05	431
0.272	0.000792214	0.000792214	0.000792214	0.000792214	411
0.273	-0.000346006	-0.000346006	-0.000346006	-0.000346006	363
0.274	-0.00128269	-0.00128269	-0.00128269	-0.00128269	387
0.275	0.000112088	0.000112088	0.000112088	0.000112088	364
0.276	0.00118039	0.00118039	0.00118039	0.00118039	408
0.277	0.000311936	0.000311936	0.000311936	0.000311936	377
0.278	0.00106143	0.00106143	0.00106143	0.00106143	433
0.279	-0.000764641	-0.000764641	-0.000764641	-0.000764641	362
0.28	-0.000869657	-0.000869657	-0.000869657	-0.000869657	379
0.281	0.000285106	0.000285106	0.000285106	0.000285106	376
0.282	-0.00109699	-0.00109699	-0.00109699	-0.00109699	365
0.283	-0.00208808	-0.00208808	-0.00208808	-0.00208808	386
0.284	8.88889e-05	8.88889e-05	8.88889e-05	8.88889e-05	360
0.285	0.000415599	0.000415599	0.000415599	0.000415599	359
0.286	0.0014516	0.0014516	0.0014516	0.0014516	407
0.287	0.00124257	0.00124257	0.00124257	0.00124257	404
0.288	-0.000355438	-0.000355438	-0.000355438	-0.000355438	377
0.289	0.00110426	0.00110426	0.00110426	0.00110426	376
0.29	-0.000881026	-0.000881026	-0.000881026	-0.000881026	390
0.291	-4.0327e-05	-4.0327e-05	-4.0327e-05	-4.0327e-05	367
0.292	-0.00192767	-0.00192767	-0.00192767	-0.00192767	365
0.293	-0.000672953	-0.000672953	-0.000672953	-0.000672953	403
0.294	-0.00157795	-0.00157795	-0.00157795	-0.00157795	381
0.295	-0.000902299	-0.000902299	-0.000902299	-0.000902299	348
0.296	-0.000894879	-0.000894879	-0.000894879	-0.000894879	371
0.297	-0.00250194	-0.00250194	-0.00250194	-0.00250194	361
0.298	0.000398936	0.000398936	0.000398936	0.000398936	376
0.299	-0.00193765	-0.00193765	-0.00193765	-0.00193765	340
0.3	-0.000526027	-0.000526027	-0.000526027	-0.000526027	292
0.301	0.0010359	0.0010359	0.0010359	0.0010359	390
0.302	0.00113314	0.00113314	0.00113314	0.00113314	341
0.303	0.000219499	0.000219499	0.000219499	0.000219499	359
0.304	-0.000608451	-0.000608451	-0.000608451	-0.000608451	355
0.305	-0.000350413	-0.000350413	-0.000350413	-0.000350413	363
0.306	0.000248649	0.000248649	0.000248649	0.000248649	333
0.307	-0.000778824	-0.000778824	-0.000778824	-0.000778824	340
0.308	-0.00107368	-0.00107368	-0.00107368	-0.00107368	342
0.309	-0.000591667	-0.000591667	-0.000591667	-0.000591667	336
0.31	-0.000491644	-0.000491644	-0.000491644	-0.000491644	371
0.311	-0.00163879	-0.00163879	-0.00163879	-0.00163879	330
0.312	-0.00114972	-0.00114972	-0.00114972	-0.00114972	358
0.313	-0.00102043	-0.00102043	-0.00102043	-0.00102043	372
0.314	-0.00151552	-0.00151552	-0.00151552	-0.00151552	393
0.315	-0.00110754	-0.00110754	-0.00110754	-0.00110754	411
0.316	-0.0012441	-0.0012441	-0.0012441	-0.0012441	390
0.317	-0.000709711	-0.000709711	-0.000709711	-0.000709711	381
0.318	-0.00217049	-0.00217049	-0.00217049	-0.00217049	366
0.319	0.000609639	0.000609639	0.000609639	0.000609639	332
0.32	-1.29794e-05	-1.29794e-05	-1.29794e-05	-1.29794e-05	339
0.321	-7.5e-05	-7.5e-05	-7.5e-05	-7.5e-05	336
0.322	-0.000183626	-0.000183626	-0.000183626	-0.000183626	342
0.323	-8.53933e-05	-8.53933e-05	-8.53933e-05	-8.53933e-05	356
0.324	0.000504094	0.000504094	0.000504094	0.000504094	342
0.325	-0.000811828	-0.000811828	-0.000811828	-0.000811828	372
0.326	-0.000704348	-0.000704348	-0.000704348	-0.000704348	368
0.327	0.00109516	0.00109516	0.00109516	0.00109516	351
0.328	0.00108058	0.00108058	0.00108058	0.00108058	345
0.329	0.00237179	0.00237179	0.00237179	0.00237179	397
0.33	0.00124568	0.00124568	0.00124568	0.00124568	359
0.331	0.000418837	0.000418837	0.000418837	0.000418837	361
0.332	0.0022217	0.0022217	0.0022217	0.0022217	341
0.333	-0.000235	-0.000235	-0.000235	-0.000235	320
0.334	0.000306383	0.000306383	0.000306383	0.000306383	329
0.335	0.000336216	0.000336216	0.000336216	0.000336216	370
0.336	0.00081326	0.00081326	0.00081326	0.00081326	362
0.337	0.00062303	0.00062303	0.00062303	0.00062303	330
0.338	-0.000547486	-0.000547486	-0.000547486	-0.000547486	358
0.339	-3.14136e-06	-3.14136e-06	-3.14136e-06	-3.14136e-06	382
0.34	-0.000913978	-0.000913978	-0.000913978	-0.000913978	372
0.341	0.000631519	0.000631519	0.000631519	0.000631519	349
0.342	0.000145238	0.000145238	0.000145238	0.000145238	336
0.343	-0.00078026	-0.00078026	-0.00078026	-0.00078026	385
0.344	-0.000865327	-0.000865327	-0.000865327	-0.000865327	398
0.345	0.00038587	0.00038587	0.00038587	0.00038587	368
0.346	-0.000753623	-0.000753623	-0.000753623	-0.000753623	345
0.347	-0.0018209	-0.0018209	-0.0018209	-0.0018209	335
0.348	-0.00110631	-0.00110631	-0.00110631	-0.00110631	333
0.349	-0.00144651	-0.00144651	-0.00144651	-0.00144651	344
0.35	-0.00215729	-0.00215729	-0.00215729	-0.00215729	384
0.351	-0.0033662	-0.0033662	-0.0033662	-0.0033662	361
0.352	-0.00192617	-0.00192617	-0.00192617	-0.00192617	363
0.353	-0.00289205	-0.00289205	-0.00289205	-0.00289205	365
0.354	-0.00161481	-0.00161481	-0.00161481	-0.00161481	378
0.355	-0.000570213	-0.000570213	-0.000570213	-0.000570213	376
0.356	-0.00144082	-0.00144082	-0.00144082	-0.00144082	392
0.357	-0.0006134	-0.0006134	-0.0006134	-0.0006134	403
0.358	-0.000140541	-0.000140541	-0.000140541	-0.000140541	407
0.359	-0.000562319	-0.000562319	-0.000562319	-0.000562319	345
0.36	-0.000683529	-0.000683529	-0.000683529	-0.000683529	340
0.361	-0.000586022	-0.000586022	-0.000586022	-0.000586022	372
0.362	-0.00114787	-0.00114787	-0.00114787	-0.00114787	399
0.363	-0.00112181	-0.00112181	-0.00112181	-0.00112181	353
0.364	-0.000674314	-0.000674314	-0.000674314	-0.000674314	401
0.365	-0.00120737	-0.00120737	-0.00120737	-0.00120737	434
0.366	-0.000521558	-0.000521558	-0.000521558	-0.000521558	385
0.367	-0.000512082	-0.000512082	-0.000512082	-0.000512082	389
0.368	-0.00217592	-0.00217592	-0.00217592	-0.00217592	382
0.369	-0.0018893	-0.0018893	-0.0018893	-0.0018893	383
0.37	-0.000629136	-0.000629136	-0.000629136	-0.000629136	405
0.371	-0.00105806	-0.00105806	-0.00105806	-0.00105806	403
0.372	0.000673146	0.000673146	0.000673146	0.000673146	391
0.373	-0.00082659	-0.00082659	-0.00082659	-0.00082659	346
0.374	-0.000823392	-0.000823392	-0.000823392	-0.000823392	342
0.375	-0.000369149	-0.000369149	-0.000369149	-0.000369149	376
0.376	0.000513314	0.000513314	0.000513314	0.000513314	353
0.377	0.00186154	0.00186154	0.00186154	0.00186154	390
0.378	0.00119027	0.00119027	0.00119027	0.00119027	370
0.379	-0.000537017	-0.000537017	-0.000537017	-0.000537017	362
0.38	-0.000663218	-0.000663218	-0.000663218	-0.000663218	348
0.381	-0.00115862	-0.00115862	-0.00115862	-0.00115862	377
0.382	0.000195897	0.000195897	0.000195897	0.000195897	390
0.383	-0.000263712	-0.000263712	-0.000263712	-0.000263712	361
0.384	-0.00158116	-0.00158116	-0.00158116	-0.00158116	361
0.385	-0.0016248	-0.0016248	-0.0016248	-0.0016248	371
0.386	-0.000310204	-0.000310204	-0.000310204	-0.000310204	343
0.387	-0.000589757	-0.000589757	-0.000589757	-0.000589757	371
0.388	-0.000100804	-0.000100804	-0.000100804	-0.000100804	373
0.389	-0.000709565	-0.000709565	-0.000709565	-0.000709565	345
0.39	-0.00119659	-0.00119659	-0.00119659	-0.00119659	352
0.391	-0.0010153	-0.0010153	-0.0010153	-0.0010153	353
0.392	0.00180056	0.00180056	0.00180056	0.00180056	357
0.393	-0.000873425	-0.000873425	-0.000873425	-0.000873425	365
0.394	-0.000712849	-0.000712849	-0.000712849	-0.000712849	358
0.395	0.000696939	0.000696939	0.000696939	0.000696939	392
0.396	0.000701706	0.000701706	0.000701706	0.000701706	293
0.397	0.000341349	0.000341349	0.000341349	0.000341349	341
0.398	0.000912957	0.000912957	0.000912957	0.000912957	301
0.399	0.00139752	0.00139752	0.00139752	0.00139752	322
0.4	-3.26241e-05	-3.26241e-05	-3.26241e-05	-3.26241e-05	282
0.401	-0.00100056	-0.00100056	-0.00100056	-0.00100056	355
0.402	-0.00114018	-0.00114018	-0.00114018	-0.00114018	341
0.403	0.000527003	0.000527003	0.000527003	0.000527003	337
0.404	0.000109783	0.000109783	0.000109783	0.000109783	368
0.405	0.0011106	0.0011106	0.0011106	0.0011106	349
0.406	0.00104242	0.00104242	0.00104242	0.00104242	330
0.407	-0.000565699	-0.000565699	-0.000565699	-0.000565699	379
0.408	0.00113657	0.00113657	0.00113657	0.00113657	391
0.409	-0.00098866	-0.00098866	-0.00098866	-0.00098866	388
0.41	-0.00101059	-0.00101059	-0.00101059	-0.00101059	321
0.411	-0.00051831	-0.00051831	-0.00051831	-0.00051831	355
0.412	0.00123158	0.00123158	0.00123158	0.00123158	342
0.413	-0.000472316	-0.000472316	-0.000472316	-0.000472316	354
0.414	-0.000475676	-0.000475676	-0.000475676	-0.000475676	370
0.415	-4.37333e-05	-4.37333e-05	-4.37333e-05	-4.37333e-05	375
0.416	2.89406e-05	2.89406e-05	2.89406e-05	2.89406e-05	387
0.417	-0.000845742	-0.000845742	-0.000845742	-0.000845742	411
0.418	-0.000748018	-0.000748018	-0.000748018	-0.000748018	454
0.419	-0.000577898	-0.000577898	-0.000577898	-0.000577898	371
0.42	-0.000353887	-0.000353887	-0.000353887	-0.000353887	373
0.421	0.000935849	0.000935849	0.000935849	0.000935849	371
0.422	-0.000637681	-0.000637681	-0.000637681	-0.000637681	345
0.423	-0.000373057	-0.000373057	-0.000373057	-0.000373057	386
0.424	-0.000237838	-0.000237838	-0.000237838	-0.000237838	333
0.425	-0.000404611	-0.000404611	-0.000404611	-0.000404611	347
0.426	-0.00172245	-0.00172245	-0.00172245	-0.00172245	343
0.427	-0.000440867	-0.000440867	-0.000440867	-0.000440867	323
0.428	-0.000135714	-0.000135714	-0.000135714	-0.000135714	336
0.429	-0.000733714	-0.000733714	-0.000733714	-0.000733714	350
0.43	0.000245679	0.000245679	0.000245679	0.000245679	324
0.431	0.00110892	0.00110892	0.00110892	0.00110892	325
0.432	0.00218294	0.00218294	0.00218294	0.00218294	293
0.433	0.00159006	0.00159006	0.00159006	0.00159006	362
0.434	0.000235435	0.000235435	0.000235435	0.000235435	333
0.435	0.000980602	0.000980602	0.000980602	0.000980602	299
0.436	0.000978808	0.000978808	0.000978808	0.000978808	302
0.437	-0.000105136	-0.000105136	-0.000105136	-0.000105136	331
0.438	-0.000671383	-0.000671383	-0.000671383	-0.000671383	311
0.439	-0.000488328	-0.000488328	-0.000488328	-0.000488328	317
0.44	0.000715282	0.000715282	0.000715282	0.000715282	373
0.441	0.000708257	0.000708257	0.000708257	0.000708257	327
0.442	0.000408459	0.000408459	0.000408459	0.000408459	331
0.443	0.000389286	0.000389286	0.000389286	0.000389286	336
0.444	6.66667e-05	6.66667e-05	6.66667e-05	6.66667e-05	354
0.445	-0.000924791	-0.000924791	-0.000924791	-0.000924791	359
0.446	-0.0017	-0.0017	-0.0017	-0.0017	352
0.447	4.25532e-05	4.25532e-05	4.25532e-05	4.25532e-05	376
0.448	0.000477907	0.000477907	0.000477907	0.000477907	344
0.449	0.000587429	0.000587429	0.000587429	0.000587429	350
0.45	0.000241111	0.000241111	0.000241111	0.000241111	360
0.451	0.00198352	0.00198352	0.00198352	0.00198352	364
0.452	-0.000478187	-0.000478187	-0.000478187	-0.000478187	353
0.453	-0.000971429	-0.000971429	-0.000971429	-0.000971429	350
0.454	-0.00046209	-0.00046209	-0.00046209	-0.00046209	335
0.455	-0.000513499	-0.000513499	-0.000513499	-0.000513499	363
0.456	0.000420596	0.000420596	0.000420596	0.000420596	369
0.457	0.00151951	0.00151951	0.00151951	0.00151951	328
0.458	-0.000120213	-0.000120213	-0.000120213	-0.000120213	376
0.459	0.00159632	0.00159632	0.00159632	0.00159632	326
0.46	0.000152239	0.000152239	0.000152239	0.000152239	402
0.461	0.00198966	0.00198966	0.00198966	0.00198966	348
0.462	0.00122735	0.00122735	0.00122735	0.00122735	351
0.463	0.00132454	0.00132454	0.00132454	0.00132454	379
0.464	0.000572941	0.000572941	0.000572941	0.000572941	340
0.465	-0.000863953	-0.000863953	-0.000863953	-0.000863953	344
0.466	-0.00118353	-0.00118353	-0.00118353	-0.00118353	340
0.467	-0.000171282	-0.000171282	-0.000171282	-0.000171282	390
0.468	0.00012973	0.00012973	0.00012973	0.00012973	370
0.469	0.000351613	0.000351613	0.000351613	0.000351613	372
0.47	0.00112376	0.00112376	0.00112376	0.00112376	383
0.471	0.00077589	0.00077589	0.00077589	0.00077589	365
0.472	-0.00174051	-0.00174051	-0.00174051	-0.00174051	353
0.473	-0.00147062	-0.00147062	-0.00147062	-0.00147062	371
0.474	-0.00101705	-0.00101705	-0.00101705	-0.00101705	352
0.475	-0.00057957	-0.00057957	-0.00057957	-0.00057957	372
0.476	-0.000752877	-0.000752877	-0.000752877	-0.000752877	365
0.477	-0.00185882	-0.00185882	-0.00185882	-0.00185882	374
0.478	-0.000869189	-0.000869189	-0.000869189	-0.000869189	370
0.479	-0.000449143	-0.000449143	-0.000449143	-0.000449143	350
0.48	-0.000189757	-0.000189757	-0.000189757	-0.000189757	371
0.481	-0.000907368	-0.000907368	-0.000907368	-0.000907368	380
0.482	-0.000918885	-0.000918885	-0.000918885	-0.000918885	323
0.483	-0.00120485	-0.00120485	-0.00120485	-0.00120485	330
0.484	-0.000900571	-0.000900571	-0.000900571	-0.000900571	350
0.485	2.18579e-06	2.18579e-06	2.18579e-06	2.18579e-06	366
0.486	0.000242319	0.000242319	0.000242319	0.000242319	345
0.487	-0.000673034	-0.000673034	-0.000673034	-0.000673034	356
0.488	0.00174769	0.00174769	0.00174769	0.00174769	325
0.489	-2.88e-05	-2.88e-05	-2.88e-05	-2.88e-05	375
0.49	0.00137939	0.00137939	0.00137939	0.00137939	330
0.491	-0.000502825	-0.000502825	-0.000502825	-0.000502825	354
0.492	-0.00101222	-0.00101222	-0.00101222	-0.00101222	311
0.493	0.00164321	0.00164321	0.00164321	0.00164321	324
0.494	0.00152649	0.00152649	0.00152649	0.00152649	370
0.495	0.00129231	0.00129231	0.00129231	0.00129231	377
0.496	0.000637931	0.000637931	0.000637931	0.000637931	348
0.497	0.00210992	0.00210992	0.00210992	0.00210992	353
0.498	0.00105952	0.00105952	0.00105952	0.00105952	336
0.499	0.00189305	0.00189305	0.00189305	0.00189305	374
0.5	-9.94595e-05	-9.94595e-05	-9.94595e-05	-9.94595e-05	370
0.501	0.00135213	0.00135213	0.00135213	0.00135213	376
0.502	0.000564835	0.000564835	0.000564835	0.000564835	364
0.503	0.000874937	0.000874937	0.000874937	0.000874937	395
0.504	0.000525628	0.000525628	0.000525628	0.000525628	398
0.505	0.000753216	0.000753216	0.000753216	0.000753216	342
0.506	0.0013027	0.0013027	0.0013027	0.0013027	370
0.507	0.000794845	0.000794845	0.000794845	0.000794845	388
0.508	0.000681915	0.000681915	0.000681915	0.000681915	376
0.509	-0.000245333	-0.000245333	-0.000245333	-0.000245333	375
0.51	-4.54321e-05	-4.54321e-05	-4.54321e-05	-4.54321e-05	405
0.511	-0.00102385	-0.00102385	-0.00102385	-0.00102385	436
0.512	2.40209e-05	2.40209e-05	2.40209e-05	2.40209e-05	383
0.513	0.00190547	0.00190547	0.00190547	0.00190547	402
0.514	0.000506667	0.000506667	0.000506667	0.000506667	375
0.515	0.000382201	0.000382201	0.000382201	0.000382201	427
0.516	0.000695431	0.000695431	0.000695431	0.000695431	394
0.517	0.000309091	0.000309091	0.000309091	0.000309091	352
0.518	0.000241595	0.000241595	0.000241595	0.000241595	351
0.519	-5.44928e-05	-5.44928e-05	-5.44928e-05	-5.44928e-05	345
0.52	0.000752874	0.000752874	0.000752874	0.000752874	348
0.521	-0.000244986	-0.000244986	-0.000244986	-0.000244986	369
0.522	-0.00218483	-0.00218483	-0.00218483	-0.00218483	422
0.523	-0.00151559	-0.00151559	-0.00151559	-0.00151559	417
0.524	-0.00229347	-0.00229347	-0.00229347	-0.00229347	398
0.525	-0.00010582	-0.00010582	-0.00010582	-0.00010582	378
0.526	-0.0013173	-0.0013173	-0.0013173	-0.0013173	341
0.527	0.000257995	0.000257995	0.000257995	0.000257995	369
0.528	8.88889e-05	8.88889e-05	8.88889e-05	8.88889e-05	360
0.529	-0.000997386	-0.000997386	-0.000997386	-0.000997386	306
0.53	-0.000251632	-0.000251632	-0.000251632	-0.000251632	337
0.531	-0.00114961	-0.00114961	-0.00114961	-0.00114961	389
0.532	-0.00148506	-0.00148506	-0.00148506	-0.00148506	348
0.533	-0.000768862	-0.000768862	-0.000768862	-0.000768862	334
0.534	-0.000367273	-0.000367273	-0.000367273	-0.000367273	330
0.535	0.000486427	0.000486427	0.000486427	0.000486427	361
0.536	-0.0011435	-0.0011435	-0.0011435	-0.0011435	354
0.537	0.000126437	0.000126437	0.000126437	0.000126437	348
0.538	-0.000462651	-0.000462651	-0.000462651	-0.000462651	332
0.539	-0.001225	-0.001225	-0.001225	-0.001225	320
0.54	-0.000681818	-0.000681818	-0.000681818	-0.000681818	308
0.541	-0.000704532	-0.000704532	-0.000704532	-0.000704532	331
0.542	-0.00107075	-0.00107075	-0.00107075	-0.00107075	294
0.543	-0.000781538	-0.000781538	-0.000781538	-0.000781538	325
0.544	-0.00143275	-0.00143275	-0.00143275	-0.00143275	342
0.545	-0.000228391	-0.000228391	-0.000228391	-0.000228391	317
0.546	-0.00183314	-0.00183314	-0.00183314	-0.00183314	350
0.547	-0.00200122	-0.00200122	-0.00200122	-0.00200122	327
0.548	-0.00159884	-0.00159884	-0.00159884	-0.00159884	345
0.549	-0.00122514	-0.00122514	-0.00122514	-0.00122514	350
0.55	-0.00120353	-0.00120353	-0.00120353	-0.00120353	340
0.551	-0.00203429	-0.00203429	-0.00203429	-0.00203429	350
0.552	-0.00110296	-0.00110296	-0.00110296	-0.00110296	338
0.553	-0.000967385	-0.000967385	-0.000967385	-0.000967385	325
0.554	-0.00023871	-0.00023871	-0.00023871	-0.00023871	310
0.555	-0.00196041	-0.00196041	-0.00196041	-0.00196041	293
0.556	-0.000321096	-0.000321096	-0.000321096	-0.000321096	365
0.557	-0.00238621	-0.00238621	-0.00238621	-0.00238621	377
0.558	-0.00130838	-0.00130838	-0.00130838	-0.00130838	358
0.559	-0.00240997	-0.00240997	-0.00240997	-0.00240997	361
0.56	4.75e-05	4.75e-05	4.75e-05	4.75e-05	320
0.561	-0.0016964	-0.0016964	-0.0016964	-0.0016964	361
0.562	-0.0021773	-0.0021773	-0.0021773	-0.0021773	370
0.563	-0.000240729	-0.000240729	-0.000240729	-0.000240729	329
0.564	-8.31909e-05	-8.31909e-05	-8.31909e-05	-8.31909e-05	351
0.565	-0.000638158	-0.000638158	-0.000638158	-0.000638158	304
0.566	-0.00137255	-0.00137255	-0.00137255	-0.00137255	408
0.567	-0.00113738	-0.00113738	-0.00113738	-0.00113738	313
0.568	6.6877e-05	6.6877e-05	6.6877e-05	6.6877e-05	317
0.569	-0.000188235	-0.000188235	-0.000188235	-0.000188235	391
0.57	-0.000964021	-0.000964021	-0.000964021	-0.000964021	378
0.571	0.00017561	0.00017561	0.00017561	0.00017561	328
0.572	-0.0011764	-0.0011764	-0.0011764	-0.0011764	339
0.573	-0.000644089	-0.000644089	-0.000644089	-0.000644089	313
0.574	-0.00075503	-0.00075503	-0.00075503	-0.00075503	338
0.575	-0.000791011	-0.000791011	-0.000791011	-0.000791011	356
0.576	-0.00151823	-0.00151823	-0.00151823	-0.00151823	362
0.577	-0.000871591	-0.000871591	-0.000871591	-0.000871591	352
0.578	-1.7192e-05	-1.7192e-05	-1.7192e-05	-1.7192e-05	349
0.579	-0.00201034	-0.00201034	-0.00201034	-0.00201034	348
0.58	-0.00180901	-0.00180901	-0.00180901	-0.00180901	333
0.581	-0.00106087	-0.00106087	-0.00106087	-0.00106087	322
0.582	-0.00136928	-0.00136928	-0.00136928	-0.00136928	345
0.583	-0.00233203	-0.00233203	-0.00233203	-0.00233203	359
0.584	-0.00150836	-0.00150836	-0.00150836	-0.00150836	323
0.585	-0.00190284	-0.00190284	-0.00190284	-0.00190284	387
0.586	-0.00100963	-0.00100963	-0.00100963	-0.00100963	353
0.587	-0.00198579	-0.00198579	-0.00198579	-0.00198579	366
0.588	-0.00151461	-0.00151461	-0.00151461	-0.00151461	356
0.589	-7.7628e-05	-7.7628e-05	-7.7628e-05	-7.7628e-05	371
0.59	-0.000510787	-0.000510787	-0.000510787	-0.000510787	343
0.591	0.000116583	0.000116583	0.000116583	0.000116583	398
0.592	-4.51613e-05	-4.51613e-05	-4.51613e-05	-4.51613e-05	372
0.593	-0.000960614	-0.000960614	-0.000960614	-0.000960614	391
0.594	0.000754571	0.000754571	0.000754571	0.000754571	361
0.595	-0.000698039	-0.000698039	-0.000698039	-0.000698039	306
0.596	-0.000765161	-0.000765161	-0.000765161	-0.000765161	310
0.597	0.0004825	0.0004825	0.0004825	0.0004825	320
0.598	-0.000490855	-0.000490855	-0.000490855	-0.000490855	339
0.599	-0.00163323	-0.00163323	-0.00163323	-0.00163323	337
0.6	-0.000646729	-0.000646729	-0.000646729	-0.000646729	321
0.601	-0.000471287	-0.000471287	-0.000471287	-0.000471287	303
0.602	-0.00112107	-0.00112107	-0.00112107	-0.00112107	299
0.603	-0.000105618	-0.000105618	-0.000105618	-0.000105618	356
0.604	-0.000687209	-0.000687209	-0.000687209	-0.000687209	344
0.605	-0.000408187	-0.000408187	-0.000408187	-0.000408187	342
0.606	0.000874214	0.000874214	0.000874214	0.000874214	318
0.607	-0.00100187	-0.00100187	-0.00100187	-0.00100187	321
0.608	0.000871976	0.000871976	0.000871976	0.000871976	339
0.609	0.00165533	0.00165533	0.00165533	0.00165533	347
0.61	0.000746369	0.000746369	0.000746369	0.000746369	358
0.611	-0.000727485	-0.000727485	-0.000727485	-0.000727485	342
0.612	0.000718207	0.000718207	0.000718207	0.000718207	357
0.613	-0.00104856	-0.00104856	-0.00104856	-0.00104856	383
0.614	-0.000552672	-0.000552672	-0.000552672	-0.000552672	393
0.615	-0.000785946	-0.000785946	-0.000785946	-0.000785946	370
0.616	0.000501571	0.000501571	0.000501571	0.000501571	382
0.617	-5.30973e-05	-5.30973e-05	-5.30973e-05	-5.30973e-05	339
0.618	-8.14621e-05	-8.14621e-05	-8.14621e-05	-8.14621e-05	383
0.619	0.000499713	0.000499713	0.000499713	0.000499713	349
0.62	0.000402446	0.000402446	0.000402446	0.000402446	327
0.621	0.00151479	0.00151479	0.00151479	0.00151479	338
0.622	0.00146627	0.00146627	0.00146627	0.00146627	338
0.623	0.000894737	0.000894737	0.000894737	0.000894737	342
0.624	0.000696573	0.000696573	0.000696573	0.000696573	321
0.625	0.00149915	0.00149915	0.00149915	0.00149915	353
0.626	0.00122123	0.00122123	0.00122123	0.00122123	358
0.627	0.0029103	0.0029103	0.0029103	0.0029103	330
0.628	0.000863636	0.000863636	0.000863636	0.000863636	352
0.629	0.00269439	0.00269439	0.00269439	0.00269439	303
0.63	0.00151672	0.00151672	0.00151672	0.00151672	317
0.631	0.000926254	0.000926254	0.000926254	0.000926254	339
0.632	0.00295375	0.00295375	0.00295375	0.00295375	333
0.633	0.00216923	0.00216923	0.00216923	0.00216923	364
0.634	0.00317143	0.00317143	0.00317143	0.00317143	336
0.635	0.000746821	0.000746821	0.000746821	0.000746821	346
0.636	0.00196	0.00196	0.00196	0.00196	380
0.637	0.00121163	0.00121163	0.00121163	0.00121163	344
0.638	0.000421302	0.000421302	0.000421302	0.000421302	338
0.639	-0.000167359	-0.000167359	-0.000167359	-0.000167359	337
0.64	0.000274534	0.000274534	0.000274534	0.000274534	322
0.641	0.0001952	0.0001952	0.0001952	0.0001952	375
0.642	0.000369634	0.000369634	0.000369634	0.000369634	382
0.643	0.00114588	0.00114588	0.00114588	0.00114588	340
0.644	0.000210526	0.000210526	0.000210526	0.000210526	342
0.645	0.00156333	0.00156333	0.00156333	0.00156333	360
0.646	0.0011258	0.0011258	0.0011258	0.0011258	345
0.647	0.000289197	0.000289197	0.000289197	0.000289197	361
0.648	0.00264096	0.00264096	0.00264096	0.00264096	332
0.649	0.00132492	0.00132492	0.00132492	0.00132492	333
0.65	0.000496271	0.000496271	0.000496271	0.000496271	295
0.651	0.00181718	0.00181718	0.00181718	0.00181718	291
0.652	2.34528e-05	2.34528e-05	2.34528e-05	2.34528e-05	307
0.653	0.0015012	0.0015012	0.0015012	0.0015012	332
0.654	0.000859599	0.000859599	0.000859599	0.000859599	349
0.655	0.00111906	0.00111906	0.00111906	0.00111906	341
0.656	-0.000301714	-0.000301714	-0.000301714	-0.000301714	350
0.657	0.000812048	0.000812048	0.000812048	0.000812048	332
0.658	0.000960452	0.000960452	0.000960452	0.000960452	354
0.659	0.00213261	0.00213261	0.00213261	0.00213261	371
0.66	0.000703768	0.000703768	0.000703768	0.000703768	345
0.661	0.000455305	0.000455305	0.000455305	0.000455305	311
0.662	7.28395e-05	7.28395e-05	7.28395e-05	7.28395e-05	324
0.663	-6.57534e-05	-6.57534e-05	-6.57534e-05	-6.57534e-05	292
0.664	0.00037625	0.00037625	0.00037625	0.00037625	320
0.665	-0.000607358	-0.000607358	-0.000607358	-0.000607358	299
0.666	0.000321767	0.000321767	0.000321767	0.000321767	317
0.667	0.00241146	0.00241146	0.00241146	0.00241146	349
0.668	0.00227837	0.00227837	0.00227837	0.00227837	319
0.669	0.0010484	0.0010484	0.0010484	0.0010484	343
0.67	0.00117053	0.00117053	0.00117053	0.00117053	380
0.671	0.000225519	0.000225519	0.000225519	0.000225519	337
0.672	0.000702667	0.000702667	0.000702667	0.000702667	300
0.673	0.000998347	0.000998347	0.000998347	0.000998347	363
0.674	0.00087	0.00087	0.00087	0.00087	320
0.675	0.000957647	0.000957647	0.000957647	0.000957647	340
0.676	0.00159884	0.00159884	0.00159884	0.00159884	344
0.677	0.000671746	0.000671746	0.000671746	0.000671746	315
0.678	0.00156022	0.00156022	0.00156022	0.00156022	362
0.679	0.000198374	0.000198374	0.000198374	0.000198374	369
0.68	0.000440108	0.000440108	0.000440108	0.000440108	369
0.681	0.000992701	0.000992701	0.000992701	0.000992701	411
0.682	0.00167169	0.00167169	0.00167169	0.00167169	385
0.683	0.00187108	0.00187108	0.00187108	0.00187108	332
0.684	0.0008	0.0008	0.0008	0.0008	328
0.685	0.000900779	0.000900779	0.000900779	0.000900779	385
0.686	0.000495181	0.000495181	0.000495181	0.000495181	332
0.687	0.000806897	0.000806897	0.000806897	0.000806897	348
0.688	0.00088127	0.00088127	0.00088127	0.00088127	315
0.689	-0.000739058	-0.000739058	-0.000739058	-0.000739058	361
0.69	0.000507609	0.000507609	0.000507609	0.000507609	368
0.691	0.0010441	0.0010441	0.0010441	0.0010441	390
0.692	0.000532551	0.000532551	0.000532551	0.000532551	341
0.693	-0.000278981	-0.000278981	-0.000278981	-0.000278981	314
0.694	-6.57895e-05	-6.57895e-05	-6.57895e-05	-6.57895e-05	304
0.695	0.000214006	0.000214006	0.000214006	0.000214006	357
0.696	0.00181948	0.00181948	0.00181948	0.00181948	308
0.697	-2.86689e-05	-2.86689e-05	-2.86689e-05	-2.86689e-05	293
0.698	0.00190147	0.00190147	0.00190147	0.00190147	341
0.699	0.000455927	0.000455927	0.000455927	0.000455927	329
0.7	0.000786462	0.000786462	0.000786462	0.000786462	325
0.701	0.00170253	0.00170253	0.00170253	0.00170253	316
0.702	0.000464474	0.000464474	0.000464474	0.000464474	304
0.703	-0.000715429	-0.000715429	-0.000715429	-0.000715429	350
0.704	0.00106407	0.00106407	0.00106407	0.00106407	359
0.705	0.000823529	0.000823529	0.000823529	0.000823529	357
0.706	0.000859077	0.000859077	0.000859077	0.000859077	325
0.707	0.000150147	0.000150147	0.000150147	0.000150147	341
0.708	0.00165266	0.00165266	0.00165266	0.00165266	319
0.709	0.00110332	0.00110332	0.00110332	0.00110332	331
0.71	0.000758209	0.000758209	0.000758209	0.000758209	335
0.711	5.19481e-05	5.19481e-05	5.19481e-05	5.19481e-05	308
0.712	-0.0004273	-0.0004273	-0.0004273	-0.0004273	337
0.713	-0.000283483	-0.000283483	-0.000283483	-0.000283483	333
0.714	-0.00022293	-0.00022293	-0.00022293	-0.00022293	314
0.715	0.000124658	0.000124658	0.000124658	0.000124658	292
0.716	0.000178042	0.000178042	0.000178042	0.000178042	337
0.717	-0.000820732	-0.000820732	-0.000820732	-0.000820732	328
0.718	0.00123186	0.00123186	0.00123186	0.00123186	339
0.719	-0.000158416	-0.000158416	-0.000158416	-0.000158416	303
0.72	0.000212676	0.000212676	0.000212676	0.000212676	284
0.721	0.000435065	0.000435065	0.000435065	0.000435065	308
0.722	-0.00106168	-0.00106168	-0.00106168	-0.00106168	321
0.723	-0.000607242	-0.000607242	-0.000607242	-0.000607242	359
0.724	-0.00089279	-0.00089279	-0.00089279	-0.00089279	319
0.725	-0.00113721	-0.00113721	-0.00113721	-0.00113721	344
0.726	-0.00024886	-0.00024886	-0.00024886	-0.00024886	307
0.727	-0.000376552	-0.000376552	-0.000376552	-0.000376552	290
0.728	-6.32258e-05	-6.32258e-05	-6.32258e-05	-6.32258e-05	310
0.729	-0.00140935	-0.00140935	-0.00140935	-0.00140935	321
0.73	-0.000914956	-0.000914956	-0.000914956	-0.000914956	341
0.731	-5.85366e-05	-5.85366e-05	-5.85366e-05	-5.85366e-05	328
0.732	-0.0016	-0.0016	-0.0016	-0.0016	338
0.733	-0.000119241	-0.000119241	-0.000119241	-0.000119241	369
0.734	-0.000658889	-0.000658889	-0.000658889	-0.000658889	360
0.735	-0.00177143	-0.00177143	-0.00177143	-0.00177143	322
0.736	0.00145521	0.00145521	0.00145521	0.00145521	326
0.737	0.000178286	0.000178286	0.000178286	0.000178286	350
0.738	-0.000625301	-0.000625301	-0.000625301	-0.000625301	332
0.739	0.000794624	0.000794624	0.000794624	0.000794624	372
0.74	0.000196859	0.000196859	0.000196859	0.000196859	382
0.741	0.000555682	0.000555682	0.000555682	0.000555682	352
0.742	-0.000145361	-0.000145361	-0.000145361	-0.000145361	388
0.743	0.000629306	0.000629306	0.000629306	0.000629306	389
0.744	0.000202174	0.000202174	0.000202174	0.000202174	368
0.745	-0.000591304	-0.000591304	-0.000591304	-0.000591304	368
0.746	0.000177778	0.000177778	0.000177778	0.000177778	351
0.747	0.00103958	0.00103958	0.00103958	0.00103958	379
0.748	-0.000254039	-0.000254039	-0.000254039	-0.000254039	359
0.749	0.000310364	0.000310364	0.000310364	0.000310364	357
0.75	0.000626549	0.000626549	0.000626549	0.000626549	339
0.751	0.00145574	0.00145574	0.00145574	0.00145574	366
0.752	0.000295495	0.000295495	0.000295495	0.000295495	333
0.753	0.000900295	0.000900295	0.000900295	0.000900295	339
0.754	0.000778035	0.000778035	0.000778035	0.000778035	346
0.755	0.000621086	0.000621086	0.000621086	0.000621086	313
0.756	0.000504075	0.000504075	0.000504075	0.000504075	319
0.757	0.0013072	0.0013072	0.0013072	0.0013072	347
0.758	-6.76056e-06	-6.76056e-06	-6.76056e-06	-6.76056e-06	355
0.759	3.02839e-05	3.02839e-05	3.02839e-05	3.02839e-05	317
0.76	0.000741349	0.000741349	0.000741349	0.000741349	341
0.761	-0.000108176	-0.000108176	-0.000108176	-0.000108176	318
0.762	0.00119056	0.00119056	0.00119056	0.00119056	339
0.763	0.000795166	0.000795166	0.000795166	0.000795166	331
0.764	0.0014513	0.0014513	0.0014513	0.0014513	347
0.765	0.000991765	0.000991765	0.000991765	0.000991765	340
0.766	0.000440327	0.000440327	0.000440327	0.000440327	367
0.767	0.000688579	0.000688579	0.000688579	0.000688579	359
0.768	0.000978035	0.000978035	0.000978035	0.000978035	346
0.769	0.00114592	0.00114592	0.00114592	0.00114592	355
0.77	0.000966957	0.000966957	0.000966957	0.000966957	345
0.771	0.00212093	0.00212093	0.00212093	0.00212093	344
0.772	0.000297143	0.000297143	0.000297143	0.000297143	350
0.773	0.00124433	0.00124433	0.00124433	0.00124433	397
0.774	0.00244029	0.00244029	0.00244029	0.00244029	407
0.775	0.000932029	0.000932029	0.000932029	0.000932029	409
0.776	0.00260052	0.00260052	0.00260052	0.00260052	381
0.777	0.00126209	0.00126209	0.00126209	0.00126209	393
0.778	-6.72269e-06	-6.72269e-06	-6.72269e-06	-6.72269e-06	357
0.779	0.000282353	0.000282353	0.000282353	0.000282353	323
0.78	0.000685714	0.000685714	0.000685714	0.000685714	336
0.781	-0.00092437	-0.00092437	-0.00092437	-0.00092437	357
0.782	-0.000874157	-0.000874157	-0.000874157	-0.000874157	356
0.783	-0.000894444	-0.000894444	-0.000894444	-0.000894444	360
0.784	0.000537536	0.000537536	0.000537536	0.000537536	349
0.785	0.000198383	0.000198383	0.000198383	0.000198383	371
0.786	0.000753009	0.000753009	0.000753009	0.000753009	349
0.787	-0.00110954	-0.00110954	-0.00110954	-0.00110954	367
0.788	-0.000880654	-0.000880654	-0.000880654	-0.000880654	367
0.789	7.70449e-05	7.70449e-05	7.70449e-05	7.70449e-05	379
0.79	0.000206557	0.000206557	0.000206557	0.000206557	366
0.791	-0.000421053	-0.000421053	-0.000421053	-0.000421053	342
0.792	0.0012538	0.0012538	0.0012538	0.0012538	342
0.793	0.000675862	0.000675862	0.000675862	0.000675862	377
0.794	0.00119251	0.00119251	0.00119251	0.00119251	374
0.795	-0.00156364	-0.00156364	-0.00156364	-0.00156364	352
0.796	0.00013617	0.00013617	0.00013617	0.00013617	329
0.797	-0.000971429	-0.000971429	-0.000971429	-0.000971429	392
0.798	-0.000341714	-0.000341714	-0.000341714	-0.000341714	350
0.799	6.26781e-05	6.26781e-05	6.26781e-05	6.26781e-05	351
0.8	-5.6338e-06	-5.6338e-06	-5.6338e-06	-5.6338e-06	355
0.801	0.000347541	0.000347541	0.000347541	0.000347541	366
0.802	2.94737e-05	2.94737e-05	2.94737e-05	2.94737e-05	380
0.803	0.000320904	0.000320904	0.000320904	0.000320904	354
0.804	0.000105747	0.000105747	0.000105747	0.000105747	348
0.805	-0.000880236	-0.000880236	-0.000880236	-0.000880236	339
0.806	-0.000989474	-0.000989474	-0.000989474	-0.000989474	342
0.807	0.000318293	0.000318293	0.000318293	0.000318293	328
0.808	-0.000780781	-0.000780781	-0.000780781	-0.000780781	333
0.809	0.000122992	0.000122992	0.000122992	0.000122992	361
0.81	0.00102875	0.00102875	0.00102875	0.00102875	327
0.811	-0.00020973	-0.00020973	-0.00020973	-0.00020973	370
0.812	0.000571605	0.000571605	0.000571605	0.000571605	324
0.813	0.00255302	0.00255302	0.00255302	0.00255302	298
0.814	-0.000790476	-0.000790476	-0.000790476	-0.000790476	336
0.815	-0.000585673	-0.000585673	-0.000585673	-0.000585673	349
0.816	-0.00101742	-0.00101742	-0.00101742	-0.00101742	333
0.817	-0.000265292	-0.000265292	-0.000265292	-0.000265292	291
0.818	-0.000433028	-0.000433028	-0.000433028	-0.000433028	327
0.819	-0.000302639	-0.000302639	-0.000302639	-0.000302639	341
0.82	-0.000306625	-0.000306625	-0.000306625	-0.000306625	317
0.821	9.625e-05	9.625e-05	9.625e-05	9.625e-05	320
0.822	0.00100915	0.00100915	0.00100915	0.00100915	306
0.823	0.00055316	0.00055316	0.00055316	0.00055316	269
0.824	-0.000456051	-0.000456051	-0.000456051	-0.000456051	314
0.825	-0.00025697	-0.00025697	-0.00025697	-0.00025697	330
0.826	5.98338e-05	5.98338e-05	5.98338e-05	5.98338e-05	361
0.827	-0.0009725	-0.0009725	-0.0009725	-0.0009725	320
0.828	-0.000159006	-0.000159006	-0.000159006	-0.000159006	322
0.829	8.63222e-05	8.63222e-05	8.63222e-05	8.63222e-05	329
0.83	-0.00157785	-0.00157785	-0.00157785	-0.00157785	325
0.831	0.000579439	0.000579439	0.000579439	0.000579439	321
0.832	-0.00027156	-0.00027156	-0.00027156	-0.00027156	327
0.833	-0.000723377	-0.000723377	-0.000723377	-0.000723377	308
0.834	0.0004739	0.0004739	0.0004739	0.0004739	341
0.835	0.000405229	0.000405229	0.000405229	0.000405229	306
0.836	0.000520597	0.000520597	0.000520597	0.000520597	335
0.837	-0.00048589	-0.00048589	-0.00048589	-0.00048589	326
0.838	-0.000307975	-0.000307975	-0.000307975	-0.000307975	326
0.839	-0.00122443	-0.00122443	-0.00122443	-0.00122443	393
0.84	0.000442276	0.000442276	0.000442276	0.000442276	369
0.841	0.00109244	0.00109244	0.00109244	0.00109244	357
0.842	-0.000511905	-0.000511905	-0.000511905	-0.000511905	336
0.843	-0.00149398	-0.00149398	-0.00149398	-0.00149398	332
0.844	0.000366279	0.000366279	0.000366279	0.000366279	344
0.845	0.000521637	0.000521637	0.000521637	0.000521637	342
0.846	0.000431231	0.000431231	0.000431231	0.000431231	333
0.847	-0.000467901	-0.000467901	-0.000467901	-0.000467901	324
0.848	0.000253333	0.000253333	0.000253333	0.000253333	330
0.849	0.00130323	0.00130323	0.00130323	0.00130323	310
0.85	-0.000254545	-0.000254545	-0.000254545	-0.000254545	341
0.851	-0.000849123	-0.000849123	-0.000849123	-0.000849123	342
0.852	-0.00168985	-0.00168985	-0.00168985	-0.00168985	325
0.853	-0.000616352	-0.000616352	-0.000616352	-0.000616352	318
0.854	8.5e-05	8.5e-05	8.5e-05	8.5e-05	320
0.855	0.000410289	0.000410289	0.000410289	0.000410289	311
0.856	-0.000190712	-0.000190712	-0.000190712	-0.000190712	323
0.857	0.000293902	0.000293902	0.000293902	0.000293902	328
0.858	-0.000654103	-0.000654103	-0.000654103	-0.000654103	329
0.859	-0.000329333	-0.000329333	-0.000329333	-0.000329333	300
0.86	-0.00104744	-0.00104744	-0.00104744	-0.00104744	312
0.861	-0.000374775	-0.000374775	-0.000374775	-0.000374775	333
0.862	0.000454335	0.000454335	0.000454335	0.000454335	346
0.863	-0.000347312	-0.000347312	-0.000347312	-0.000347312	372
0.864	0.000212245	0.000212245	0.000212245	0.000212245	343
0.865	0.00110424	0.00110424	0.00110424	0.00110424	330
0.866	0.0021901	0.0021901	0.0021901	0.0021901	303
0.867	0.00141529	0.00141529	0.00141529	0.00141529	340
0.868	0.000534454	0.000534454	0.000534454	0.000534454	357
0.869	0.00180776	0.00180776	0.00180776	0.00180776	335
0.87	0.00105565	0.00105565	0.00105565	0.00105565	363
0.871	0.000362424	0.000362424	0.000362424	0.000362424	330
0.872	0.000522559	0.000522559	0.000522559	0.000522559	297
0.873	0.000440462	0.000440462	0.000440462	0.000440462	346
0.874	0.00198713	0.00198713	0.00198713	0.00198713	342
0.875	-9.16905e-06	-9.16905e-06	-9.16905e-06	-9.16905e-06	349
0.876	-0.000188921	-0.000188921	-0.000188921	-0.000188921	343
0.877	0.000517784	0.000517784	0.000517784	0.000517784	343
0.878	0.000467742	0.000467742	0.000467742	0.000467742	372
0.879	0.000766759	0.000766759	0.000766759	0.000766759	361
0.88	5.30259e-05	5.30259e-05	5.30259e-05	5.30259e-05	347
0.881	0.000934473	0.000934473	0.000934473	0.000934473	351
0.882	0.00139475	0.00139475	0.00139475	0.00139475	343
0.883	5.57276e-05	5.57276e-05	5.57276e-05	5.57276e-05	323
0.884	0.00070375	0.00070375	0.00070375	0.00070375	320
0.885	-0.000189602	-0.000189602	-0.000189602	-0.000189602	327
0.886	0.000496232	0.000496232	0.000496232	0.000496232	345
0.887	0.00209651	0.00209651	0.00209651	0.00209651	344
0.888	0.000513684	0.000513684	0.000513684	0.000513684	380
0.889	0.000402532	0.000402532	0.000402532	0.000402532	316
0.89	0.00157111	0.00157111	0.00157111	0.00157111	360
0.891	0.00089772	0.00089772	0.00089772	0.00089772	307
0.892	0.00079878	0.00079878	0.00079878	0.00079878	328
0.893	0.00118563	0.00118563	0.00118563	0.00118563	334
0.894	0.00109361	0.00109361	0.00109361	0.00109361	391
0.895	0.00155944	0.00155944	0.00155944	0.00155944	355
0.896	0.00114161	0.00114161	0.00114161	0.00114161	322
0.897	4.02299e-05	4.02299e-05	4.02299e-05	4.02299e-05	348
0.898	0.000765957	0.000765957	0.000765957	0.000765957	329
0.899	-0.000780274	-0.000780274	-0.000780274	-0.000780274	365
0.9	-0.000716304	-0.000716304	-0.000716304	-0.000716304	368
0.901	0.000598773	0.000598773	0.000598773	0.000598773	326
0.902	0.00126382	0.00126382	0.00126382	0.00126382	351
0.903	0.000474636	0.000474636	0.000474636	0.000474636	343
0.904	0.000733923	0.000733923	0.000733923	0.000733923	339
0.905	0.000251297	0.000251297	0.000251297	0.000251297	347
0.906	-0.0001	-0.0001	-0.0001	-0.0001	356
0.907	0.000955814	0.000955814	0.000955814	0.000955814	344
0.908	0.00153153	0.00153153	0.00153153	0.00153153	333
0.909	0.000956634	0.000956634	0.000956634	0.000956634	309
0.91	-0.000661889	-0.000661889	-0.000661889	-0.000661889	307
0.911	-0.000806098	-0.000806098	-0.000806098	-0.000806098	328
0.912	-0.000407742	-0.000407742	-0.000407742	-0.000407742	310
0.913	-0.00133371	-0.00133371	-0.00133371	-0.00133371	353
0.914	0.000370093	0.000370093	0.000370093	0.000370093	321
0.915	0.00146221	0.00146221	0.00146221	0.00146221	299
0.916	0.000290149	0.000290149	0.000290149	0.000290149	335
0.917	7.48603e-05	7.48603e-05	7.48603e-05	7.48603e-05	358
0.918	0.000219672	0.000219672	0.000219672	0.000219672	366
0.919	0.000556579	0.000556579	0.000556579	0.000556579	304
0.92	0.000871698	0.000871698	0.000871698	0.000871698	318
0.921	0.000432895	0.000432895	0.000432895	0.000432895	304
0.922	0.000170621	0.000170621	0.000170621	0.000170621	354
0.923	0.000321212	0.000321212	0.000321212	0.000321212	330
0.924	-0.00114924	-0.00114924	-0.00114924	-0.00114924	331
0.925	0.000768328	0.000768328	0.000768328	0.000768328	341
0.926	0.000263501	0.000263501	0.000263501	0.000263501	337
0.927	0.00030378	0.00030378	0.00030378	0.00030378	291
0.928	0.000685893	0.000685893	0.000685893	0.000685893	319
0.929	0.000764138	0.000764138	0.000764138	0.000764138	290
0.93	0.000767073	0.000767073	0.000767073	0.000767073	328
0.931	0.00216677	0.00216677	0.00216677	0.00216677	331
0.932	0.00129762	0.00129762	0.00129762	0.00129762	336
0.933	0.000232955	0.000232955	0.000232955	0.000232955	352
0.934	0.00228495	0.00228495	0.00228495	0.00228495	299
0.935	0.00334625	0.00334625	0.00334625	0.00334625	320
0.936	-0.000825316	-0.000825316	-0.000825316	-0.000825316	316
0.937	0.00158164	0.00158164	0.00158164	0.00158164	305
0.938	0.00166788	0.00166788	0.00166788	0.00166788	330
0.939	0.00172727	0.00172727	0.00172727	0.00172727	308
0.94	0.000778135	0.000778135	0.000778135	0.000778135	311
0.941	-0.000567665	-0.000567665	-0.000567665	-0.000567665	334
0.942	-0.00121951	-0.00121951	-0.00121951	-0.00121951	287
0.943	-0.000207855	-0.000207855	-0.000207855	-0.000207855	331
0.944	7.22892e-05	7.22892e-05	7.22892e-05	7.22892e-05	332
0.945	0.000108555	0.000108555	0.000108555	0.000108555	339
0.946	-0.000354984	-0.000354984	-0.000354984	-0.000354984	311
0.947	-0.000429721	-0.000429721	-0.000429721	-0.000429721	323
0.948	0.000748348	0.000748348	0.000748348	0.000748348	333
0.949	0.000194595	0.000194595	0.000194595	0.000194595	333
0.95	-0.000536306	-0.000536306	-0.000536306	-0.000536306	314
0.951	-1.37143e-05	-1.37143e-05	-1.37143e-05	-1.37143e-05	350
0.952	-0.00210988	-0.00210988	-0.00210988	-0.00210988	324
0.953	0.000306215	0.000306215	0.000306215	0.000306215	354
0.954	-0.000278981	-0.000278981	-0.000278981	-0.000278981	314
0.955	-0.000676385	-0.000676385	-0.000676385	-0.000676385	343
0.956	-0.000544	-0.000544	-0.000544	-0.000544	350
0.957	0.000300885	0.000300885	0.000300885	0.000300885	339
0.958	0.00182236	0.00182236	0.00182236	0.00182236	322
0.959	0.000155205	0.000155205	0.000155205	0.000155205	317
0.96	0.00141765	0.00141765	0.00141765	0.00141765	340
0.961	0.000717857	0.000717857	0.000717857	0.000717857	336
0.962	0.000410405	0.000410405	0.000410405	0.000410405	346
0.963	0.00108028	0.00108028	0.00108028	0.00108028	284
0.964	-0.00072327	-0.00072327	-0.00072327	-0.00072327	318
0.965	0.000908148	0.000908148	0.000908148	0.000908148	270
0.966	0.000992971	0.000992971	0.000992971	0.000992971	313
0.967	0.000808362	0.000808362	0.000808362	0.000808362	287
0.968	-0.000143448	-0.000143448	-0.000143448	-0.000143448	290
0.969	0.000307797	0.000307797	0.000307797	0.000307797	295
0.97	9.33333e-06	9.33333e-06	9.33333e-06	9.33333e-06	300
0.971	0.00306747	0.00306747	0.00306747	0.00306747	332
0.972	0.00161406	0.00161406	0.00161406	0.00161406	313
0.973	0.000769679	0.000769679	0.000769679	0.000769679	343
0.974	0.001545	0.001545	0.001545	0.001545	320
0.975	-0.000290503	-0.000290503	-0.000290503	-0.000290503	358
0.976	0.000221672	0.000221672	0.000221672	0.000221672	323
0.977	0.000136695	0.000136695	0.000136695	0.000136695	357
0.978	0.00168267	0.00168267	0.00168267	0.00168267	329
0.979	0.00128177	0.00128177	0.00128177	0.00128177	362
0.98	0.000740964	0.000740964	0.000740964	0.000740964	332
0.981	-0.000684024	-0.000684024	-0.000684024	-0.000684024	338
0.982	0.00111176	0.00111176	0.00111176	0.00111176	340
0.983	0.000717857	0.000717857	0.000717857	0.000717857	336
0.984	-0.000811204	-0.000811204	-0.000811204	-0.000811204	357
0.985	0.000420795	0.000420795	0.000420795	0.000420795	327
0.986	-0.00016	-0.00016	-0.00016	-0.00016	390
0.987	0.00126113	0.00126113	0.00126113	0.00126113	301
0.988	0.000413873	0.000413873	0.000413873	0.000413873	346
0.989	-0.000305128	-0.000305128	-0.000305128	-0.000305128	312
0.99	-0.000214749	-0.000214749	-0.000214749	-0.000214749	339
0.991	0.00114286	0.00114286	0.00114286	0.00114286	329
0.992	-0.000695858	-0.000695858	-0.000695858	-0.000695858	338
0.993	0.000284337	0.000284337	0.000284337	0.000284337	332
0.994	0.000923256	0.000923256	0.000923256	0.000923256	344
0.995	-0.00013375	-0.00013375	-0.00013375	-0.00013375	320
0.996	-0.000459475	-0.000459475	-0.000459475	-0.000459475	343
0.997	0.000458025	0.000458025	0.000458025	0.000458025	324
0.998	0.00101192	0.00101192	0.00101192	0.00101192	302
0.999	0.000626207	0.000626207	0.000626207	0.000626207	290
1	0.000645483	0.000645483	0.000645483	0.000645483	321
