0.001	0.0637832	0.0637832	0.0637832	0.0637832	3186
0.002	0.0570546	0.0570546	0.0570546	0.0570546	2707
0.003	0.0531652	0.0531652	0.0531652	0.0531652	2313
0.004	0.0479271	0.0479271	0.0479271	0.0479271	2118
0.005	0.046204	0.046204	0.046204	0.046204	1953
0.006	0.0446913	0.0446913	0.0446913	0.0446913	1918
0.007	0.0422684	0.0422684	0.0422684	0.0422684	1741
0.008	0.0410319	0.0410319	0.0410319	0.0410319	1728
0.009	0.0397636	0.0397636	0.0397636	0.0397636	1599
0.01	0.0404564	0.0404564	0.0404564	0.0404564	1553
0.011	0.0378766	0.0378766	0.0378766	0.0378766	1549
0.012	0.0374419	0.0374419	0.0374419	0.0374419	1409
0.013	0.0349885	0.0349885	0.0349885	0.0349885	1411
0.014	0.0348246	0.0348246	0.0348246	0.0348246	1398
0.015	0.0340156	0.0340156	0.0340156	0.0340156	1435
0.016	0.0335911	0.0335911	0.0335911	0.0335911	1299
0.017	0.0322875	0.0322875	0.0322875	0.0322875	1397
0.018	0.0325072	0.0325072	0.0325072	0.0325072	1310
0.019	0.0303787	0.0303787	0.0303787	0.0303787	1371
0.02	0.0315752	0.0315752	0.0315752	0.0315752	1308
0.021	0.0291205	0.0291205	0.0291205	0.0291205	1313
0.022	0.0317815	0.0317815	0.0317815	0.0317815	1245
0.023	0.0304667	0.0304667	0.0304667	0.0304667	1200
0.024	0.0313647	0.0313647	0.0313647	0.0313647	1253
0.025	0.0311792	0.0311792	0.0311792	0.0311792	1213
0.026	0.0270971	0.0270971	0.0270971	0.0270971	1256
0.027	0.0288357	0.0288357	0.0288357	0.0288357	1233
0.028	0.0262898	0.0262898	0.0262898	0.0262898	1201
0.029	0.0287118	0.0287118	0.0287118	0.0287118	1279
0.03	0.0279496	0.0279496	0.0279496	0.0279496	1182
0.031	0.0275076	0.0275076	0.0275076	0.0275076	1281
0.032	0.0254576	0.0254576	0.0254576	0.0254576	1171
0.033	0.0255627	0.0255627	0.0255627	0.0255627	1191
0.034	0.0243825	0.0243825	0.0243825	0.0243825	1237
0.035	0.0253609	0.0253609	0.0253609	0.0253609	1186
0.036	0.026559	0.026559	0.026559	0.026559	1210
0.037	0.0251823	0.0251823	0.0251823	0.0251823	1241
0.038	0.024516	0.024516	0.024516	0.024516	1166
0.039	0.0269681	0.0269681	0.0269681	0.0269681	1202
0.04	0.026497	0.026497	0.026497	0.026497	1253
0.041	0.0238059	0.0238059	0.0238059	0.0238059	1220
0.042	0.0236961	0.0236961	0.0236961	0.0236961	1216
0.043	0.0226488	0.0226488	0.0226488	0.0226488	1143
0.044	0.0252497	0.0252497	0.0252497	0.0252497	1200
0.045	0.0218409	0.0218409	0.0218409	0.0218409	1169
0.046	0.0242759	0.0242759	0.0242759	0.0242759	1196
0.047	0.0250312	0.0250312	0.0250312	0.0250312	1213
0.048	0.0241697	0.0241697	0.0241697	0.0241697	1141
0.049	0.0247788	0.0247788	0.0247788	0.0247788	1171
0.05	0.0251179	0.0251179	0.0251179	0.0251179	1194
0.051	0.0235058	0.0235058	0.0235058	0.0235058	1206
0.052	0.0216821	0.0216821	0.0216821	0.0216821	1198
0.053	0.0211632	0.0211632	0.0211632	0.0211632	1141
0.054	0.0209882	0.0209882	0.0209882	0.0209882	1171
0.055	0.0230309	0.0230309	0.0230309	0.0230309	1178
0.056	0.0220868	0.0220868	0.0220868	0.0220868	1147
0.057	0.0228819	0.0228819	0.0228819	0.0228819	1109
0.058	0.021961	0.021961	0.021961	0.021961	1252
0.059	0.0222517	0.0222517	0.0222517	0.0222517	1130
0.06	0.0210288	0.0210288	0.0210288	0.0210288	1145
0.061	0.0186918	0.0186918	0.0186918	0.0186918	1116
0.062	0.0223094	0.0223094	0.0223094	0.0223094	1069
0.063	0.0201592	0.0201592	0.0201592	0.0201592	1151
0.064	0.0182594	0.0182594	0.0182594	0.0182594	1112
0.065	0.0218346	0.0218346	0.0218346	0.0218346	1127
0.066	0.0191924	0.0191924	0.0191924	0.0191924	1111
0.067	0.0196386	0.0196386	0.0196386	0.0196386	1160
0.068	0.0191021	0.0191021	0.0191021	0.0191021	1107
0.069	0.0190089	0.0190089	0.0190089	0.0190089	1084
0.07	0.0193086	0.0193086	0.0193086	0.0193086	1101
0.071	0.0199353	0.0199353	0.0199353	0.0199353	1069
0.072	0.0193668	0.0193668	0.0193668	0.0193668	1151
0.073	0.0198018	0.0198018	0.0198018	0.0198018	1138
0.074	0.0186543	0.0186543	0.0186543	0.0186543	1150
0.075	0.0176952	0.0176952	0.0176952	0.0176952	1114
0.076	0.0176593	0.0176593	0.0176593	0.0176593	1100
0.077	0.0187935	0.0187935	0.0187935	0.0187935	1174
0.078	0.0181172	0.0181172	0.0181172	0.0181172	1119
0.079	0.0185312	0.0185312	0.0185312	0.0185312	1137
0.08	0.0149713	0.0149713	0.0149713	0.0149713	1128
0.081	0.0176036	0.0176036	0.0176036	0.0176036	1112
0.082	0.0174005	0.0174005	0.0174005	0.0174005	1105
0.083	0.0167471	0.0167471	0.0167471	0.0167471	1104
0.084	0.0165813	0.0165813	0.0165813	0.0165813	1090
0.085	0.0161366	0.0161366	0.0161366	0.0161366	1212
0.086	0.017548	0.017548	0.017548	0.017548	1139
0.087	0.0157851	0.0157851	0.0157851	0.0157851	1139
0.088	0.0148176	0.0148176	0.0148176	0.0148176	1136
0.089	0.0157647	0.0157647	0.0157647	0.0157647	1139
0.09	0.0155156	0.0155156	0.0155156	0.0155156	1137
0.091	0.0148902	0.0148902	0.0148902	0.0148902	1157
0.092	0.0141982	0.0141982	0.0141982	0.0141982	1114
0.093	0.0155832	0.0155832	0.0155832	0.0155832	1096
0.094	0.0137714	0.0137714	0.0137714	0.0137714	1092
0.095	0.0163261	0.0163261	0.0163261	0.0163261	1104
0.096	0.0137008	0.0137008	0.0137008	0.0137008	1103
0.097	0.015233	0.015233	0.015233	0.015233	1080
0.098	0.0150393	0.0150393	0.0150393	0.0150393	1033
0.099	0.0144911	0.0144911	0.0144911	0.0144911	1023
0.1	0.0168986	0.0168986	0.0168986	0.0168986	1079
0.101	0.0151957	0.0151957	0.0151957	0.0151957	1105
0.102	0.0167195	0.0167195	0.0167195	0.0167195	1019
0.103	0.0147294	0.0147294	0.0147294	0.0147294	1060
0.104	0.0131903	0.0131903	0.0131903	0.0131903	1157
0.105	0.0143669	0.0143669	0.0143669	0.0143669	1076
0.106	0.0140481	0.0140481	0.0140481	0.0140481	1115
0.107	0.015233	0.015233	0.015233	0.015233	1162
0.108	0.0131746	0.0131746	0.0131746	0.0131746	1070
0.109	0.0141187	0.0141187	0.0141187	0.0141187	1055
0.11	0.0147642	0.0147642	0.0147642	0.0147642	1061
0.111	0.0147595	0.0147595	0.0147595	0.0147595	1116
0.112	0.0138231	0.0138231	0.0138231	0.0138231	1058
0.113	0.0145984	0.0145984	0.0145984	0.0145984	1014
0.114	0.0123466	0.0123466	0.0123466	0.0123466	1072
0.115	0.0133669	0.0133669	0.0133669	0.0133669	1059
0.116	0.0140423	0.0140423	0.0140423	0.0140423	1013
0.117	0.0150822	0.0150822	0.0150822	0.0150822	1063
0.118	0.0139104	0.0139104	0.0139104	0.0139104	1013
0.119	0.014094	0.014094	0.014094	0.014094	1047
0.12	0.0128876	0.0128876	0.0128876	0.0128876	1027
0.121	0.0141209	0.0141209	0.0141209	0.0141209	1019
0.122	0.0148903	0.0148903	0.0148903	0.0148903	1090
0.123	0.0141469	0.0141469	0.0141469	0.0141469	1081
0.124	0.0154493	0.0154493	0.0154493	0.0154493	1062
0.125	0.0138659	0.0138659	0.0138659	0.0138659	1029
0.126	0.0136651	0.0136651	0.0136651	0.0136651	990
0.127	0.0135394	0.0135394	0.0135394	0.0135394	1017
0.128	0.012049	0.012049	0.012049	0.012049	1053
0.129	0.0140267	0.0140267	0.0140267	0.0140267	1080
0.13	0.0128087	0.0128087	0.0128087	0.0128087	1052
0.131	0.0109715	0.0109715	0.0109715	0.0109715	1096
0.132	0.0125133	0.0125133	0.0125133	0.0125133	1024
0.133	0.0108116	0.0108116	0.0108116	0.0108116	1102
0.134	0.0118085	0.0118085	0.0118085	0.0118085	1036
0.135	0.0111003	0.0111003	0.0111003	0.0111003	1079
0.136	0.011389	0.011389	0.011389	0.011389	1052
0.137	0.0130115	0.0130115	0.0130115	0.0130115	1076
0.138	0.0108335	0.0108335	0.0108335	0.0108335	1039
0.139	0.0134847	0.0134847	0.0134847	0.0134847	1044
0.14	0.0112298	0.0112298	0.0112298	0.0112298	1007
0.141	0.0115395	0.0115395	0.0115395	0.0115395	1005
0.142	0.0117511	0.0117511	0.0117511	0.0117511	1091
0.143	0.0127303	0.0127303	0.0127303	0.0127303	1016
0.144	0.0120332	0.0120332	0.0120332	0.0120332	1131
0.145	0.0120873	0.0120873	0.0120873	0.0120873	1031
0.146	0.0112674	0.0112674	0.0112674	0.0112674	1045
0.147	0.010405	0.010405	0.010405	0.010405	1050
0.148	0.0106186	0.0106186	0.0106186	0.0106186	1078
0.149	0.0110902	0.0110902	0.0110902	0.0110902	1075
0.15	0.0106586	0.0106586	0.0106586	0.0106586	1024
0.151	0.0104892	0.0104892	0.0104892	0.0104892	1036
0.152	0.0100244	0.0100244	0.0100244	0.0100244	998
0.153	0.00972033	0.00972033	0.00972033	0.00972033	964
0.154	0.0110019	0.0110019	0.0110019	0.0110019	1028
0.155	0.00978504	0.00978504	0.00978504	0.00978504	949
0.156	0.00975379	0.00975379	0.00975379	0.00975379	1069
0.157	0.00831406	0.00831406	0.00831406	0.00831406	1024
0.158	0.00964939	0.00964939	0.00964939	0.00964939	1061
0.159	0.00897919	0.00897919	0.00897919	0.00897919	1009
0.16	0.00770277	0.00770277	0.00770277	0.00770277	1012
0.161	0.00928818	0.00928818	0.00928818	0.00928818	998
0.162	0.00839013	0.00839013	0.00839013	0.00839013	973
0.163	0.00945547	0.00945547	0.00945547	0.00945547	1024
0.164	0.0081556	0.0081556	0.0081556	0.0081556	1036
0.165	0.00863804	0.00863804	0.00863804	0.00863804	978
0.166	0.00942188	0.00942188	0.00942188	0.00942188	1024
0.167	0.0070293	0.0070293	0.0070293	0.0070293	1017
0.168	0.00887544	0.00887544	0.00887544	0.00887544	965
0.169	0.00888794	0.00888794	0.00888794	0.00888794	987
0.17	0.00959639	0.00959639	0.00959639	0.00959639	998
0.171	0.00887762	0.00887762	0.00887762	0.00887762	1010
0.172	0.00906834	0.00906834	0.00906834	0.00906834	957
0.173	0.00752636	0.00752636	0.00752636	0.00752636	994
0.174	0.00950695	0.00950695	0.00950695	0.00950695	950
0.175	0.0104665	0.0104665	0.0104665	0.0104665	975
0.176	0.0103855	0.0103855	0.0103855	0.0103855	1045
0.177	0.00749186	0.00749186	0.00749186	0.00749186	958
0.178	0.00836195	0.00836195	0.00836195	0.00836195	904
0.179	0.00983636	0.00983636	0.00983636	0.00983636	924
0.18	0.00830993	0.00830993	0.00830993	0.00830993	1057
0.181	0.00803914	0.00803914	0.00803914	0.00803914	1073
0.182	0.00774146	0.00774146	0.00774146	0.00774146	984
0.183	0.00749764	0.00749764	0.00749764	0.00749764	1059
0.184	0.00831934	0.00831934	0.00831934	0.00831934	967
0.185	0.00788287	0.00788287	0.00788287	0.00788287	1086
0.186	0.00741788	0.00741788	0.00741788	0.00741788	962
0.187	0.00732253	0.00732253	0.00732253	0.00732253	1012
0.188	0.00797346	0.00797346	0.00797346	0.00797346	1085
0.189	0.00763086	0.00763086	0.00763086	0.00763086	1024
0.19	0.00718379	0.00718379	0.00718379	0.00718379	1012
0.191	0.00797467	0.00797467	0.00797467	0.00797467	916
0.192	0.00808582	0.00808582	0.00808582	0.00808582	1044
0.193	0.00731329	0.00731329	0.00731329	0.00731329	978
0.194	0.00864253	0.00864253	0.00864253	0.00864253	1077
0.195	0.0063747	0.0063747	0.0063747	0.0063747	996
0.196	0.0065841	0.0065841	0.0065841	0.0065841	1069
0.197	0.00700617	0.00700617	0.00700617	0.00700617	1038
0.198	0.00650029	0.00650029	0.00650029	0.00650029	1025
0.199	0.00701048	0.00701048	0.00701048	0.00701048	973
0.2	0.00660528	0.00660528	0.00660528	0.00660528	1099
0.201	0.00619655	0.00619655	0.00619655	0.00619655	985
0.202	0.00596847	0.00596847	0.00596847	0.00596847	977
0.203	0.00503196	0.00503196	0.00503196	0.00503196	995
0.204	0.00549116	0.00549116	0.00549116	0.00549116	1007
0.205	0.00720377	0.00720377	0.00720377	0.00720377	956
0.206	0.00654614	0.00654614	0.00654614	0.00654614	1010
0.207	0.00569611	0.00569611	0.00569611	0.00569611	1028
0.208	0.00477488	0.00477488	0.00477488	0.00477488	1051
0.209	0.00635248	0.00635248	0.00635248	0.00635248	1027
0.21	0.00660575	0.00660575	0.00660575	0.00660575	1044
0.211	0.00776866	0.00776866	0.00776866	0.00776866	970
0.212	0.0057873	0.0057873	0.0057873	0.0057873	961
0.213	0.00527284	0.00527284	0.00527284	0.00527284	972
0.214	0.00562986	0.00562986	0.00562986	0.00562986	1018
0.215	0.00641448	0.00641448	0.00641448	0.00641448	967
0.216	0.00540653	0.00540653	0.00540653	0.00540653	980
0.217	0.00585385	0.00585385	0.00585385	0.00585385	936
0.218	0.00498669	0.00498669	0.00498669	0.00498669	992
0.219	0.00601711	0.00601711	0.00601711	0.00601711	1005
0.22	0.00603207	0.00603207	0.00603207	0.00603207	948
0.221	0.00582435	0.00582435	0.00582435	0.00582435	961
0.222	0.0060008	0.0060008	0.0060008	0.0060008	998
0.223	0.00612304	0.00612304	0.00612304	0.00612304	959
0.224	0.00588367	0.00588367	0.00588367	0.00588367	1035
0.225	0.00444004	0.00444004	0.00444004	0.00444004	969
0.226	0.00464589	0.00464589	0.00464589	0.00464589	924
0.227	0.00561532	0.00561532	0.00561532	0.00561532	992
0.228	0.00475639	0.00475639	0.00475639	0.00475639	954
0.229	0.0047072	0.0047072	0.0047072	0.0047072	931
0.23	0.00567159	0.00567159	0.00567159	0.00567159	961
0.231	0.00486352	0.00486352	0.00486352	0.00486352	976
0.232	0.00480551	0.00480551	0.00480551	0.00480551	1016
0.233	0.0067268	0.0067268	0.0067268	0.0067268	918
0.234	0.00572793	0.00572793	0.00572793	0.00572793	963
0.235	0.00594141	0.00594141	0.00594141	0.00594141	1065
0.236	0.0049063	0.0049063	0.0049063	0.0049063	1016
0.237	0.00652105	0.00652105	0.00652105	0.00652105	1064
0.238	0.00519297	0.00519297	0.00519297	0.00519297	967
0.239	0.00491133	0.00491133	0.00491133	0.00491133	1024
0.24	0.00614216	0.00614216	0.00614216	0.00614216	1027
0.241	0.00550478	0.00550478	0.00550478	0.00550478	1025
0.242	0.00520323	0.00520323	0.00520323	0.00520323	992
0.243	0.00488635	0.00488635	0.00488635	0.00488635	996
0.244	0.0050027	0.0050027	0.0050027	0.0050027	1036
0.245	0.00474879	0.00474879	0.00474879	0.00474879	992
0.246	0.00484416	0.00484416	0.00484416	0.00484416	951
0.247	0.00484858	0.00484858	0.00484858	0.00484858	988
0.248	0.00539121	0.00539121	0.00539121	0.00539121	956
0.249	0.00526757	0.00526757	0.00526757	0.00526757	959
0.25	0.00492998	0.00492998	0.00492998	0.00492998	914
0.251	0.00535895	0.00535895	0.00535895	0.00535895	1067
0.252	0.00468553	0.00468553	0.00468553	0.00468553	954
0.253	0.00508624	0.00508624	0.00508624	0.00508624	974
0.254	0.00378071	0.00378071	0.00378071	0.00378071	954
0.255	0.00490153	0.00490153	0.00490153	0.00490153	918
0.256	0.00509763	0.00509763	0.00509763	0.00509763	930
0.257	0.00409916	0.00409916	0.00409916	0.00409916	948
0.258	0.00564647	0.00564647	0.00564647	0.00564647	921
0.259	0.00525773	0.00525773	0.00525773	0.00525773	873
0.26	0.00517563	0.00517563	0.00517563	0.00517563	919
0.261	0.00667381	0.00667381	0.00667381	0.00667381	970
0.262	0.00498246	0.00498246	0.00498246	0.00498246	912
0.263	0.00524213	0.00524213	0.00524213	0.00524213	978
0.264	0.00569555	0.00569555	0.00569555	0.00569555	967
0.265	0.00597545	0.00597545	0.00597545	0.00597545	945
0.266	0.00538516	0.00538516	0.00538516	0.00538516	1024
0.267	0.00577325	0.00577325	0.00577325	0.00577325	972
0.268	0.00581859	0.00581859	0.00581859	0.00581859	979
0.269	0.00490966	0.00490966	0.00490966	0.00490966	952
0.27	0.00502023	0.00502023	0.00502023	0.00502023	939
0.271	0.00545927	0.00545927	0.00545927	0.00545927	955
0.272	0.00486801	0.00486801	0.00486801	0.00486801	994
0.273	0.00547554	0.00547554	0.00547554	0.00547554	977
0.274	0.00489681	0.00489681	0.00489681	0.00489681	971
0.275	0.00449336	0.00449336	0.00449336	0.00449336	904
0.276	0.00559427	0.00559427	0.00559427	0.00559427	908
0.277	0.00369957	0.00369957	0.00369957	0.00369957	920
0.278	0.00335036	0.00335036	0.00335036	0.00335036	963
0.279	0.0034668	0.0034668	0.0034668	0.0034668	967
0.28	0.00421986	0.00421986	0.00421986	0.00421986	1017
0.281	0.00389393	0.00389393	0.00389393	0.00389393	939
0.282	0.00503416	0.00503416	0.00503416	0.00503416	931
0.283	0.00425224	0.00425224	0.00425224	0.00425224	961
0.284	0.00393015	0.00393015	0.00393015	0.00393015	1025
0.285	0.00289183	0.00289183	0.00289183	0.00289183	906
0.286	0.00287437	0.00287437	0.00287437	0.00287437	952
0.287	0.00381904	0.00381904	0.00381904	0.00381904	935
0.288	0.00265733	0.00265733	0.00265733	0.00265733	914
0.289	0.00309535	0.00309535	0.00309535	0.00309535	967
0.29	0.00402452	0.00402452	0.00402452	0.00402452	930
0.291	0.00281118	0.00281118	0.00281118	0.00281118	1002
0.292	0.00384782	0.00384782	0.00384782	0.00384782	962
0.293	0.00311937	0.00311937	0.00311937	0.00311937	1022
0.294	0.00263421	0.00263421	0.00263421	0.00263421	994
0.295	0.00284533	0.00284533	0.00284533	0.00284533	1006
0.296	0.00237923	0.00237923	0.00237923	0.00237923	963
0.297	0.00379669	0.00379669	0.00379669	0.00379669	966
0.298	0.00360308	0.00360308	0.00360308	0.00360308	1040
0.299	0.00315996	0.00315996	0.00315996	0.00315996	1019
0.3	0.00313612	0.00313612	0.00313612	0.00313612	1027
0.301	0.00353635	0.00353635	0.00353635	0.00353635	1037
0.302	0.00350289	0.00350289	0.00350289	0.00350289	968
0.303	0.00342515	0.00342515	0.00342515	0.00342515	1002
0.304	0.00441284	0.00441284	0.00441284	0.00441284	966
0.305	0.00281519	0.00281519	0.00281519	0.00281519	948
0.306	0.00420944	0.00420944	0.00420944	0.00420944	932
0.307	0.00501894	0.00501894	0.00501894	0.00501894	908
0.308	0.003744	0.003744	0.003744	0.003744	1000
0.309	0.00409215	0.00409215	0.00409215	0.00409215	981
0.31	0.0029636	0.0029636	0.0029636	0.0029636	978
0.311	0.00259006	0.00259006	0.00259006	0.00259006	966
0.312	0.00373743	0.00373743	0.00373743	0.00373743	1010
0.313	0.00396577	0.00396577	0.00396577	0.00396577	970
0.314	0.00294446	0.00294446	0.00294446	0.00294446	947
0.315	0.00378471	0.00378471	0.00378471	0.00378471	942
0.316	0.00303524	0.00303524	0.00303524	0.00303524	942
0.317	0.00263635	0.00263635	0.00263635	0.00263635	985
0.318	0.00343831	0.00343831	0.00343831	0.00343831	945
0.319	0.00276063	0.00276063	0.00276063	0.00276063	1016
0.32	0.00259485	0.00259485	0.00259485	0.00259485	932
0.321	0.00360534	0.00360534	0.00360534	0.00360534	899
0.322	0.00384609	0.00384609	0.00384609	0.00384609	959
0.323	0.00303852	0.00303852	0.00303852	0.00303852	1028
0.324	0.00350321	0.00350321	0.00350321	0.00350321	934
0.325	0.00177551	0.00177551	0.00177551	0.00177551	923
0.326	0.00213876	0.00213876	0.00213876	0.00213876	934
0.327	0.00271758	0.00271758	0.00271758	0.00271758	893
0.328	0.00382703	0.00382703	0.00382703	0.00382703	925
0.329	0.00250815	0.00250815	0.00250815	0.00250815	932
0.33	0.00248032	0.00248032	0.00248032	0.00248032	991
0.331	0.00268291	0.00268291	0.00268291	0.00268291	977
0.332	0.00174247	0.00174247	0.00174247	0.00174247	963
0.333	0.00214556	0.00214556	0.00214556	0.00214556	1025
0.334	0.00216423	0.00216423	0.00216423	0.00216423	945
0.335	0.00325179	0.00325179	0.00325179	0.00325179	950
0.336	0.00219911	0.00219911	0.00219911	0.00219911	896
0.337	0.00182912	0.00182912	0.00182912	0.00182912	934
0.338	0.00257445	0.00257445	0.00257445	0.00257445	947
0.339	0.00260575	0.00260575	0.00260575	0.00260575	939
0.34	0.0025056	0.0025056	0.0025056	0.0025056	1000
0.341	0.00189538	0.00189538	0.00189538	0.00189538	1017
0.342	0.00161288	0.00161288	0.00161288	0.00161288	963
0.343	0.00207808	0.00207808	0.00207808	0.00207808	999
0.344	0.00199672	0.00199672	0.00199672	0.00199672	976
0.345	0.00210417	0.00210417	0.00210417	0.00210417	1006
0.346	0.00256236	0.00256236	0.00256236	0.00256236	983
0.347	0.00186149	0.00186149	0.00186149	0.00186149	953
0.348	0.00239721	0.00239721	0.00239721	0.00239721	1003
0.349	0.00212343	0.00212343	0.00212343	0.00212343	956
0.35	0.00176636	0.00176636	0.00176636	0.00176636	981
0.351	0.00248912	0.00248912	0.00248912	0.00248912	956
0.352	0.00292295	0.00292295	0.00292295	0.00292295	976
0.353	0.00209618	0.00209618	0.00209618	0.00209618	890
0.354	0.00276565	0.00276565	0.00276565	0.00276565	885
0.355	0.00317801	0.00317801	0.00317801	0.00317801	964
0.356	0.00245578	0.00245578	0.00245578	0.00245578	925
0.357	0.00260247	0.00260247	0.00260247	0.00260247	972
0.358	0.00232272	0.00232272	0.00232272	0.00232272	999
0.359	0.00271195	0.00271195	0.00271195	0.00271195	954
0.36	0.00249237	0.00249237	0.00249237	0.00249237	944
0.361	0.00161323	0.00161323	0.00161323	0.00161323	877
0.362	0.00134227	0.00134227	0.00134227	0.00134227	925
0.363	0.00125962	0.00125962	0.00125962	0.00125962	946
0.364	0.00296818	0.00296818	0.00296818	0.00296818	968
0.365	0.00238858	0.00238858	0.00238858	0.00238858	911
0.366	0.00181421	0.00181421	0.00181421	0.00181421	915
0.367	0.00204292	0.00204292	0.00204292	0.00204292	960
0.368	0.00180717	0.00180717	0.00180717	0.00180717	921
0.369	0.00160632	0.00160632	0.00160632	0.00160632	949
0.37	0.00124857	0.00124857	0.00124857	0.00124857	947
0.371	0.0012738	0.0012738	0.0012738	0.0012738	916
0.372	0.0024792	0.0024792	0.0024792	0.0024792	904
0.373	0.00217371	0.00217371	0.00217371	0.00217371	1004
0.374	0.00206439	0.00206439	0.00206439	0.00206439	994
0.375	0.00207409	0.00207409	0.00207409	0.00207409	988
0.376	0.00268481	0.00268481	0.00268481	0.00268481	1007
0.377	0.00354313	0.00354313	0.00354313	0.00354313	1048
0.378	0.00398423	0.00398423	0.00398423	0.00398423	989
0.379	0.00388779	0.00388779	0.00388779	0.00388779	991
0.38	0.00348164	0.00348164	0.00348164	0.00348164	1024
0.381	0.00349685	0.00349685	0.00349685	0.00349685	1016
0.382	0.0022732	0.0022732	0.0022732	0.0022732	959
0.383	0.00238405	0.00238405	0.00238405	0.00238405	978
0.384	0.00220978	0.00220978	0.00220978	0.00220978	982
0.385	0.0020309	0.0020309	0.0020309	0.0020309	971
0.386	0.00227104	0.00227104	0.00227104	0.00227104	946
0.387	0.00253964	0.00253964	0.00253964	0.00253964	994
0.388	0.0020508	0.0020508	0.0020508	0.0020508	937
0.389	0.00221789	0.00221789	0.00221789	0.00221789	995
0.39	0.00128231	0.00128231	0.00128231	0.00128231	899
0.391	0.002303	0.002303	0.002303	0.002303	899
0.392	0.00229064	0.00229064	0.00229064	0.00229064	951
0.393	0.001767	0.001767	0.001767	0.001767	891
0.394	0.00273871	0.00273871	0.00273871	0.00273871	881
0.395	0.00123243	0.00123243	0.00123243	0.00123243	925
0.396	0.00180316	0.00180316	0.00180316	0.00180316	949
0.397	0.00268198	0.00268198	0.00268198	0.00268198	888
0.398	0.00238756	0.00238756	0.00238756	0.00238756	965
0.399	0.00276625	0.00276625	0.00276625	0.00276625	889
0.4	0.00263039	0.00263039	0.00263039	0.00263039	941
0.401	0.00142365	0.00142365	0.00142365	0.00142365	964
0.402	0.00279576	0.00279576	0.00279576	0.00279576	944
0.403	0.00178255	0.00178255	0.00178255	0.00178255	997
0.404	0.00112226	0.00112226	0.00112226	0.00112226	921
0.405	0.00183532	0.00183532	0.00183532	0.00183532	974
0.406	0.000841822	0.000841822	0.000841822	0.000841822	966
0.407	0.00123836	0.00123836	0.00123836	0.00123836	1001
0.408	0.00234172	0.00234172	0.00234172	0.00234172	1002
0.409	0.00281451	0.00281451	0.00281451	0.00281451	910
0.41	0.00323044	0.00323044	0.00323044	0.00323044	854
0.411	0.00283077	0.00283077	0.00283077	0.00283077	884
0.412	0.00161556	0.00161556	0.00161556	0.00161556	874
0.413	0.00189679	0.00189679	0.00189679	0.00189679	872
0.414	0.00221425	0.00221425	0.00221425	0.00221425	870
0.415	0.00147787	0.00147787	0.00147787	0.00147787	845
0.416	0.00144911	0.00144911	0.00144911	0.00144911	843
0.417	0.0022791	0.0022791	0.0022791	0.0022791	847
0.418	0.00233108	0.00233108	0.00233108	0.00233108	830
0.419	0.00238104	0.00238104	0.00238104	0.00238104	886
0.42	0.00223521	0.00223521	0.00223521	0.00223521	852
0.421	0.0014841	0.0014841	0.0014841	0.0014841	887
0.422	0.00141336	0.00141336	0.00141336	0.00141336	913
0.423	0.00208875	0.00208875	0.00208875	0.00208875	942
0.424	0.0023125	0.0023125	0.0023125	0.0023125	864
0.425	0.00191689	0.00191689	0.00191689	0.00191689	876
0.426	0.00187439	0.00187439	0.00187439	0.00187439	898
0.427	0.00185731	0.00185731	0.00185731	0.00185731	841
0.428	0.00205174	0.00205174	0.00205174	0.00205174	889
0.429	0.00275324	0.00275324	0.00275324	0.00275324	864
0.43	0.00255242	0.00255242	0.00255242	0.00255242	887
0.431	0.00272859	0.00272859	0.00272859	0.00272859	885
0.432	0.00247012	0.00247012	0.00247012	0.00247012	907
0.433	0.001618	0.001618	0.001618	0.001618	889
0.434	0.00164545	0.00164545	0.00164545	0.00164545	924
0.435	0.00147383	0.00147383	0.00147383	0.00147383	856
0.436	0.00200613	0.00200613	0.00200613	0.00200613	914
0.437	0.0017341	0.0017341	0.0017341	0.0017341	865
0.438	0.00239064	0.00239064	0.00239064	0.00239064	855
0.439	0.0016622	0.0016622	0.0016622	0.0016622	971
0.44	0.00144095	0.00144095	0.00144095	0.00144095	928
0.441	0.00199773	0.00199773	0.00199773	0.00199773	883
0.442	0.00178261	0.00178261	0.00178261	0.00178261	874
0.443	0.00154896	0.00154896	0.00154896	0.00154896	917
0.444	0.00126067	0.00126067	0.00126067	0.00126067	923
0.445	0.0012736	0.0012736	0.0012736	0.0012736	875
0.446	0.00218914	0.00218914	0.00218914	0.00218914	958
0.447	0.00182596	0.00182596	0.00182596	0.00182596	963
0.448	0.00159957	0.00159957	0.00159957	0.00159957	938
0.449	-0.00013732	-0.00013732	-0.00013732	-0.00013732	903
0.45	0.00107414	0.00107414	0.00107414	0.00107414	839
0.451	0.00149023	0.00149023	0.00149023	0.00149023	860
0.452	0.000279426	0.000279426	0.000279426	0.000279426	836
0.453	0.00169131	0.00169131	0.00169131	0.00169131	771
0.454	0.00130626	0.00130626	0.00130626	0.00130626	847
0.455	0.000857662	0.000857662	0.000857662	0.000857662	881
0.456	0.000203139	0.000203139	0.000203139	0.000203139	892
0.457	0.00183149	0.00183149	0.00183149	0.00183149	902
0.458	0.000390022	0.000390022	0.000390022	0.000390022	922
0.459	0.000433595	0.000433595	0.000433595	0.000433595	893
0.46	0.000737037	0.000737037	0.000737037	0.000737037	864
0.461	0.000792246	0.000792246	0.000792246	0.000792246	877
0.462	0.000840607	0.000840607	0.000840607	0.000840607	857
0.463	0.00053255	0.00053255	0.00053255	0.00053255	851
0.464	0.000666813	0.000666813	0.000666813	0.000666813	913
0.465	0.0004	0.0004	0.0004	0.0004	927
0.466	0.000418783	0.000418783	0.000418783	0.000418783	937
0.467	0.000395531	0.000395531	0.000395531	0.000395531	895
0.468	-0.000144966	-0.000144966	-0.000144966	-0.000144966	894
0.469	0.000557658	0.000557658	0.000557658	0.000557658	888
0.47	0.000761677	0.000761677	0.000761677	0.000761677	835
0.471	0.000413317	0.000413317	0.000413317	0.000413317	811
0.472	0.000927315	0.000927315	0.000927315	0.000927315	864
0.473	0.000570561	0.000570561	0.000570561	0.000570561	856
0.474	0.000871628	0.000871628	0.000871628	0.000871628	860
0.475	0.000369827	0.000369827	0.000369827	0.000369827	981
0.476	0.000256298	0.000256298	0.000256298	0.000256298	913
0.477	0.000616106	0.000616106	0.000616106	0.000616106	981
0.478	0.000140066	0.000140066	0.000140066	0.000140066	911
0.479	2.66974e-05	2.66974e-05	2.66974e-05	2.66974e-05	869
0.48	0.000222171	0.000222171	0.000222171	0.000222171	875
0.481	0.000120465	0.000120465	0.000120465	0.000120465	860
0.482	3.88956e-05	3.88956e-05	3.88956e-05	3.88956e-05	833
0.483	0.000939765	0.000939765	0.000939765	0.000939765	850
0.484	0.000804989	0.000804989	0.000804989	0.000804989	882
0.485	0.00117477	0.00117477	0.00117477	0.00117477	872
0.486	0.00120448	0.00120448	0.00120448	0.00120448	892
0.487	0.000601299	0.000601299	0.000601299	0.000601299	924
0.488	7.33564e-05	7.33564e-05	7.33564e-05	7.33564e-05	867
0.489	0.000923381	0.000923381	0.000923381	0.000923381	911
0.49	0.00163456	0.00163456	0.00163456	0.00163456	868
0.491	0.00119445	0.00119445	0.00119445	0.00119445	937
0.492	0.000988132	0.000988132	0.000988132	0.000988132	910
0.493	0.00137235	0.00137235	0.00137235	0.00137235	868
0.494	0.00144427	0.00144427	0.00144427	0.00144427	899
0.495	0.00132791	0.00132791	0.00132791	0.00132791	885
0.496	0.0019645	0.0019645	0.0019645	0.0019645	924
0.497	0.00230915	0.00230915	0.00230915	0.00230915	885
0.498	0.000593684	0.000593684	0.000593684	0.000593684	950
0.499	0.000339326	0.000339326	0.000339326	0.000339326	890
0.5	0.00140739	0.00140739	0.00140739	0.00140739	866
0.501	0.00193882	0.00193882	0.00193882	0.00193882	948
0.502	0.0010262	0.0010262	0.0010262	0.0010262	893
0.503	0.00155079	0.00155079	0.00155079	0.00155079	886
0.504	0.00140635	0.00140635	0.00140635	0.00140635	851
0.505	0.00186725	0.00186725	0.00186725	0.00186725	910
0.506	0.00124868	0.00124868	0.00124868	0.00124868	912
0.507	0.000369836	0.000369836	0.000369836	0.000369836	915
0.508	0.000859789	0.000859789	0.000859789	0.000859789	950
0.509	0.00227392	0.00227392	0.00227392	0.00227392	974
0.51	0.000758333	0.000758333	0.000758333	0.000758333	960
0.511	0.000934266	0.000934266	0.000934266	0.000934266	858
0.512	0.000887982	0.000887982	0.000887982	0.000887982	882
0.513	-0.000299886	-0.000299886	-0.000299886	-0.000299886	875
0.514	0.000386111	0.000386111	0.000386111	0.000386111	864
0.515	0.000748628	0.000748628	0.000748628	0.000748628	911
0.516	0.00179534	0.00179534	0.00179534	0.00179534	858
0.517	0.00188778	0.00188778	0.00188778	0.00188778	859
0.518	0.0012922	0.0012922	0.0012922	0.0012922	872
0.519	0.000562297	0.000562297	0.000562297	0.000562297	801
0.52	0.00139666	0.00139666	0.00139666	0.00139666	838
0.521	0.000664762	0.000664762	0.000664762	0.000664762	840
0.522	0.000481348	0.000481348	0.000481348	0.000481348	831
0.523	0.000439535	0.000439535	0.000439535	0.000439535	860
0.524	-0.0001568	-0.0001568	-0.0001568	-0.0001568	875
0.525	0.00110992	0.00110992	0.00110992	0.00110992	857
0.526	0.000933808	0.000933808	0.000933808	0.000933808	843
0.527	0.00101966	0.00101966	0.00101966	0.00101966	834
0.528	0.00116493	0.00116493	0.00116493	0.00116493	901
0.529	0.0014556	0.0014556	0.0014556	0.0014556	928
0.53	0.00155233	0.00155233	0.00155233	0.00155233	923
0.531	0.00134749	0.00134749	0.00134749	0.00134749	876
0.532	0.00229269	0.00229269	0.00229269	0.00229269	917
0.533	0.000953523	0.000953523	0.000953523	0.000953523	951
0.534	0.0016896	0.0016896	0.0016896	0.0016896	933
0.535	0.0013102	0.0013102	0.0013102	0.0013102	951
0.536	0.000714984	0.000714984	0.000714984	0.000714984	941
0.537	0.00107364	0.00107364	0.00107364	0.00107364	994
0.538	0.00068319	0.00068319	0.00068319	0.00068319	928
0.539	0.000883857	0.000883857	0.000883857	0.000883857	954
0.54	4.82474e-05	4.82474e-05	4.82474e-05	4.82474e-05	970
0.541	0.00115523	0.00115523	0.00115523	0.00115523	956
0.542	0.00125488	0.00125488	0.00125488	0.00125488	911
0.543	0.000578455	0.000578455	0.000578455	0.000578455	919
0.544	0.00140476	0.00140476	0.00140476	0.00140476	924
0.545	0.000841267	0.000841267	0.000841267	0.000841267	979
0.546	0.000773362	0.000773362	0.000773362	0.000773362	946
0.547	0.000915684	0.000915684	0.000915684	0.000915684	899
0.548	0.00126329	0.00126329	0.00126329	0.00126329	929
0.549	0.00165976	0.00165976	0.00165976	0.00165976	984
0.55	0.00122087	0.00122087	0.00122087	0.00122087	901
0.551	0.000888649	0.000888649	0.000888649	0.000888649	925
0.552	0.00143983	0.00143983	0.00143983	0.00143983	934
0.553	0.000514826	0.000514826	0.000514826	0.000514826	951
0.554	0.000704125	0.000704125	0.000704125	0.000704125	897
0.555	0.00106315	0.00106315	0.00106315	0.00106315	947
0.556	0.000848684	0.000848684	0.000848684	0.000848684	912
0.557	0.00114249	0.00114249	0.00114249	0.00114249	925
0.558	0.000944835	0.000944835	0.000944835	0.000944835	881
0.559	0.00101515	0.00101515	0.00101515	0.00101515	924
0.56	0.000378733	0.000378733	0.000378733	0.000378733	884
0.561	0.00104223	0.00104223	0.00104223	0.00104223	895
0.562	0.00100931	0.00100931	0.00100931	0.00100931	881
0.563	0.000777278	0.000777278	0.000777278	0.000777278	933
0.564	0.000451416	0.000451416	0.000451416	0.000451416	918
0.565	-0.000378438	-0.000378438	-0.000378438	-0.000378438	909
0.566	0.00182123	0.00182123	0.00182123	0.00182123	895
0.567	0.00128627	0.00128627	0.00128627	0.00128627	881
0.568	0.00113333	0.00113333	0.00113333	0.00113333	828
0.569	0.00137054	0.00137054	0.00137054	0.00137054	903
0.57	0.00153165	0.00153165	0.00153165	0.00153165	872
0.571	0.000949356	0.000949356	0.000949356	0.000949356	932
0.572	0.00103046	0.00103046	0.00103046	0.00103046	939
0.573	0.00147572	0.00147572	0.00147572	0.00147572	869
0.574	0.000776207	0.000776207	0.000776207	0.000776207	891
0.575	0.00168369	0.00168369	0.00168369	0.00168369	932
0.576	0.00120924	0.00120924	0.00120924	0.00120924	952
0.577	0.000672577	0.000672577	0.000672577	0.000672577	970
0.578	0.00083271	0.00083271	0.00083271	0.00083271	856
0.579	0.00116176	0.00116176	0.00116176	0.00116176	931
0.58	0.000713987	0.000713987	0.000713987	0.000713987	958
0.581	0.000131954	0.000131954	0.000131954	0.000131954	967
0.582	0.00121675	0.00121675	0.00121675	0.00121675	955
0.583	0.000656482	0.000656482	0.000656482	0.000656482	995
0.584	0.000260659	0.000260659	0.000260659	0.000260659	910
0.585	0.000761688	0.000761688	0.000761688	0.000761688	877
0.586	0.00120586	0.00120586	0.00120586	0.00120586	887
0.587	0.000187336	0.000187336	0.000187336	0.000187336	916
0.588	0.00032306	0.00032306	0.00032306	0.00032306	889
0.589	0.000877637	0.000877637	0.000877637	0.000877637	948
0.59	0.000866448	0.000866448	0.000866448	0.000866448	915
0.591	0.0009	0.0009	0.0009	0.0009	908
0.592	0.000392711	0.000392711	0.000392711	0.000392711	878
0.593	0.00140111	0.00140111	0.00140111	0.00140111	903
0.594	0.000656873	0.000656873	0.000656873	0.000656873	953
0.595	0.000266042	0.000266042	0.000266042	0.000266042	854
0.596	0.00093424	0.00093424	0.00093424	0.00093424	882
0.597	0.000525084	0.000525084	0.000525084	0.000525084	889
0.598	0.00067291	0.00067291	0.00067291	0.00067291	897
0.599	0.000339535	0.000339535	0.000339535	0.000339535	946
0.6	-0.000301887	-0.000301887	-0.000301887	-0.000301887	954
0.601	0.000193209	0.000193209	0.000193209	0.000193209	913
0.602	-0.000253928	-0.000253928	-0.000253928	-0.000253928	942
0.603	-3.51598e-05	-3.51598e-05	-3.51598e-05	-3.51598e-05	876
0.604	0.000552751	0.000552751	0.000552751	0.000552751	927
0.605	0.000969406	0.000969406	0.000969406	0.000969406	876
0.606	0.0010696	0.0010696	0.0010696	0.0010696	908
0.607	0.000967861	0.000967861	0.000967861	0.000967861	977
0.608	0.000524922	0.000524922	0.000524922	0.000524922	967
0.609	0.000430998	0.000430998	0.000430998	0.000430998	942
0.61	0.000758974	0.000758974	0.000758974	0.000758974	975
0.611	0.000598015	0.000598015	0.000598015	0.000598015	907
0.612	0.000479659	0.000479659	0.000479659	0.000479659	939
0.613	0.000581931	0.000581931	0.000581931	0.000581931	963
0.614	0.00160085	0.00160085	0.00160085	0.00160085	941
0.615	0.00198619	0.00198619	0.00198619	0.00198619	869
0.616	0.00111771	0.00111771	0.00111771	0.00111771	943
0.617	0.00170829	0.00170829	0.00170829	0.00170829	905
0.618	0.00195936	0.00195936	0.00195936	0.00195936	935
0.619	0.00166932	0.00166932	0.00166932	0.00166932	929
0.62	0.00175738	0.00175738	0.00175738	0.00175738	915
0.621	0.00153106	0.00153106	0.00153106	0.00153106	911
0.622	0.00158253	0.00158253	0.00158253	0.00158253	893
0.623	0.000787373	0.000787373	0.000787373	0.000787373	887
0.624	0.000858152	0.000858152	0.000858152	0.000858152	963
0.625	0.00238697	0.00238697	0.00238697	0.00238697	890
0.626	0.00235193	0.00235193	0.00235193	0.00235193	882
0.627	0.00198182	0.00198182	0.00198182	0.00198182	946
0.628	0.00074	0.00074	0.00074	0.00074	900
0.629	0.00156343	0.00156343	0.00156343	0.00156343	875
0.63	0.00158881	0.00158881	0.00158881	0.00158881	929
0.631	0.00105544	0.00105544	0.00105544	0.00105544	891
0.632	0.00159656	0.00159656	0.00159656	0.00159656	929
0.633	-5.81986e-05	-5.81986e-05	-5.81986e-05	-5.81986e-05	866
0.634	0.000506452	0.000506452	0.000506452	0.000506452	868
0.635	-0.000108663	-0.000108663	-0.000108663	-0.000108663	935
0.636	0.000866127	0.000866127	0.000866127	0.000866127	865
0.637	0.000271429	0.000271429	0.000271429	0.000271429	868
0.638	0.000945217	0.000945217	0.000945217	0.000945217	920
0.639	0.00106785	0.00106785	0.00106785	0.00106785	905
0.64	0.000771954	0.000771954	0.000771954	0.000771954	870
0.641	0.00109034	0.00109034	0.00109034	0.00109034	901
0.642	0.00129288	0.00129288	0.00129288	0.00129288	857
0.643	0.00207067	0.00207067	0.00207067	0.00207067	883
0.644	0.00211268	0.00211268	0.00211268	0.00211268	852
0.645	0.00224898	0.00224898	0.00224898	0.00224898	927
0.646	0.00235401	0.00235401	0.00235401	0.00235401	948
0.647	0.00134126	0.00134126	0.00134126	0.00134126	875
0.648	0.0015148	0.0015148	0.0015148	0.0015148	939
0.649	0.00106161	0.00106161	0.00106161	0.00106161	844
0.65	-6.02992e-05	-6.02992e-05	-6.02992e-05	-6.02992e-05	869
0.651	0.00108417	0.00108417	0.00108417	0.00108417	815
0.652	0.00115865	0.00115865	0.00115865	0.00115865	890
0.653	0.00131281	0.00131281	0.00131281	0.00131281	851
0.654	0.00165522	0.00165522	0.00165522	0.00165522	862
0.655	0.000747991	0.000747991	0.000747991	0.000747991	846
0.656	0.000569522	0.000569522	0.000569522	0.000569522	899
0.657	0.000628243	0.000628243	0.000628243	0.000628243	871
0.658	0.00040915	0.00040915	0.00040915	0.00040915	918
0.659	0.0011104	0.0011104	0.0011104	0.0011104	942
0.66	0.00096953	0.00096953	0.00096953	0.00096953	873
0.661	0.000432699	0.000432699	0.000432699	0.000432699	893
0.662	0.00111131	0.00111131	0.00111131	0.00111131	902
0.663	0.00180209	0.00180209	0.00180209	0.00180209	863
0.664	0.00156834	0.00156834	0.00156834	0.00156834	935
0.665	0.00117574	0.00117574	0.00117574	0.00117574	907
0.666	0.000541822	0.000541822	0.000541822	0.000541822	911
0.667	0.000796926	0.000796926	0.000796926	0.000796926	911
0.668	0.00167601	0.00167601	0.00167601	0.00167601	863
0.669	0.000617733	0.000617733	0.000617733	0.000617733	891
0.67	0.000266208	0.000266208	0.000266208	0.000266208	873
0.671	0.000200428	0.000200428	0.000200428	0.000200428	934
0.672	0.000234603	0.000234603	0.000234603	0.000234603	919
0.673	0.000962338	0.000962338	0.000962338	0.000962338	924
0.674	0.00108592	0.00108592	0.00108592	0.00108592	838
0.675	0.00137294	0.00137294	0.00137294	0.00137294	946
0.676	0.000572399	0.000572399	0.000572399	0.000572399	942
0.677	0.000736436	0.000736436	0.000736436	0.000736436	881
0.678	0.000335845	0.000335845	0.000335845	0.000335845	929
0.679	0.000713102	0.000713102	0.000713102	0.000713102	893
0.68	0.0013629	0.0013629	0.0013629	0.0013629	938
0.681	0.000546522	0.000546522	0.000546522	0.000546522	920
0.682	-4.45887e-05	-4.45887e-05	-4.45887e-05	-4.45887e-05	924
0.683	0.000550533	0.000550533	0.000550533	0.000550533	938
0.684	0.00115741	0.00115741	0.00115741	0.00115741	958
0.685	0.00165206	0.00165206	0.00165206	0.00165206	945
0.686	0.00212925	0.00212925	0.00212925	0.00212925	882
0.687	0.00169683	0.00169683	0.00169683	0.00169683	884
0.688	0.000712389	0.000712389	0.000712389	0.000712389	904
0.689	0.000591163	0.000591163	0.000591163	0.000591163	860
0.69	0.00118151	0.00118151	0.00118151	0.00118151	930
0.691	0.000415289	0.000415289	0.000415289	0.000415289	968
0.692	0.00127092	0.00127092	0.00127092	0.00127092	925
0.693	0.000763198	0.000763198	0.000763198	0.000763198	913
0.694	0.00152086	0.00152086	0.00152086	0.00152086	930
0.695	0.00129302	0.00129302	0.00129302	0.00129302	903
0.696	0.000848586	0.000848586	0.000848586	0.000848586	955
0.697	0.00118121	0.00118121	0.00118121	0.00118121	809
0.698	0.000660024	0.000660024	0.000660024	0.000660024	843
0.699	0.00166993	0.00166993	0.00166993	0.00166993	818
0.7	0.00165327	0.00165327	0.00165327	0.00165327	871
0.701	0.000852856	0.000852856	0.000852856	0.000852856	893
0.702	0.00116798	0.00116798	0.00116798	0.00116798	862
0.703	0.00139099	0.00139099	0.00139099	0.00139099	932
0.704	0.000869899	0.000869899	0.000869899	0.000869899	887
0.705	0.00197741	0.00197741	0.00197741	0.00197741	850
0.706	0.00153906	0.00153906	0.00153906	0.00153906	919
0.707	0.000881807	0.000881807	0.000881807	0.000881807	797
0.708	0.00175022	0.00175022	0.00175022	0.00175022	900
0.709	0.00113428	0.00113428	0.00113428	0.00113428	913
0.71	0.00115332	0.00115332	0.00115332	0.00115332	934
0.711	0.00105322	0.00105322	0.00105322	0.00105322	853
0.712	0.00112988	0.00112988	0.00112988	0.00112988	850
0.713	7.74468e-05	7.74468e-05	7.74468e-05	7.74468e-05	940
0.714	0.000280831	0.000280831	0.000280831	0.000280831	866
0.715	-0.000203661	-0.000203661	-0.000203661	-0.000203661	874
0.716	0.000330734	0.000330734	0.000330734	0.000330734	872
0.717	0.000457482	0.000457482	0.000457482	0.000457482	842
0.718	0.000628235	0.000628235	0.000628235	0.000628235	850
0.719	0.00226949	0.00226949	0.00226949	0.00226949	803
0.72	0.00128202	0.00128202	0.00128202	0.00128202	873
0.721	0.000606765	0.000606765	0.000606765	0.000606765	946
0.722	0.000682838	0.000682838	0.000682838	0.000682838	874
0.723	-5e-05	-5e-05	-5e-05	-5e-05	880
0.724	0.00166749	0.00166749	0.00166749	0.00166749	889
0.725	0.000468571	0.000468571	0.000468571	0.000468571	875
0.726	0.00104588	0.00104588	0.00104588	0.00104588	885
0.727	0.000354098	0.000354098	0.000354098	0.000354098	854
0.728	0.000786433	0.000786433	0.000786433	0.000786433	855
0.729	0.000174888	0.000174888	0.000174888	0.000174888	892
0.73	0.00153175	0.00153175	0.00153175	0.00153175	885
0.731	0.000916874	0.000916874	0.000916874	0.000916874	883
0.732	0.00144913	0.00144913	0.00144913	0.00144913	920
0.733	0.000382313	0.000382313	0.000382313	0.000382313	882
0.734	-0.000132719	-0.000132719	-0.000132719	-0.000132719	868
0.735	7.40741e-05	7.40741e-05	7.40741e-05	7.40741e-05	837
0.736	0.000529385	0.000529385	0.000529385	0.000529385	878
0.737	0.00074966	0.00074966	0.00074966	0.00074966	882
0.738	0.000643902	0.000643902	0.000643902	0.000643902	861
0.739	0.000187442	0.000187442	0.000187442	0.000187442	860
0.74	0.000915473	0.000915473	0.000915473	0.000915473	866
0.741	0.000365928	0.000365928	0.000365928	0.000365928	857
0.742	0.00109962	0.00109962	0.00109962	0.00109962	793
0.743	0.000788798	0.000788798	0.000788798	0.000788798	857
0.744	0.00140997	0.00140997	0.00140997	0.00140997	863
0.745	0.00152851	0.00152851	0.00152851	0.00152851	912
0.746	0.000371296	0.000371296	0.000371296	0.000371296	864
0.747	0.000681264	0.000681264	0.000681264	0.000681264	886
0.748	0.00127864	0.00127864	0.00127864	0.00127864	885
0.749	5.88235e-05	5.88235e-05	5.88235e-05	5.88235e-05	850
0.75	0.000945373	0.000945373	0.000945373	0.000945373	897
0.751	0.000673991	0.000673991	0.000673991	0.000673991	892
0.752	0.00135558	0.00135558	0.00135558	0.00135558	923
0.753	0.000530845	0.000530845	0.000530845	0.000530845	911
0.754	0.000654888	0.000654888	0.000654888	0.000654888	849
0.755	0.00066383	0.00066383	0.00066383	0.00066383	893
0.756	0.000855991	0.000855991	0.000855991	0.000855991	893
0.757	0.000593871	0.000593871	0.000593871	0.000593871	881
0.758	0.000978256	0.000978256	0.000978256	0.000978256	837
0.759	0.000481093	0.000481093	0.000481093	0.000481093	878
0.76	0.000110668	0.000110668	0.000110668	0.000110668	853
0.761	0.000884475	0.000884475	0.000884475	0.000884475	876
0.762	-0.000364269	-0.000364269	-0.000364269	-0.000364269	862
0.763	0.000617619	0.000617619	0.000617619	0.000617619	840
0.764	0.000583863	0.000583863	0.000583863	0.000583863	818
0.765	0.000452941	0.000452941	0.000452941	0.000452941	884
0.766	0.00036476	0.00036476	0.00036476	0.00036476	874
0.767	0.000642058	0.000642058	0.000642058	0.000642058	894
0.768	0.000567201	0.000567201	0.000567201	0.000567201	811
0.769	0.000478873	0.000478873	0.000478873	0.000478873	923
0.77	3.97351e-05	3.97351e-05	3.97351e-05	3.97351e-05	906
0.771	-0.000316537	-0.000316537	-0.000316537	-0.000316537	901
0.772	0.000630599	0.000630599	0.000630599	0.000630599	902
0.773	0.000270044	0.000270044	0.000270044	0.000270044	908
0.774	0.00012044	0.00012044	0.00012044	0.00012044	910
0.775	-0.000430769	-0.000430769	-0.000430769	-0.000430769	858
0.776	0.00015945	0.00015945	0.00015945	0.00015945	873
0.777	0.000554593	0.000554593	0.000554593	0.000554593	947
0.778	4.23163e-05	4.23163e-05	4.23163e-05	4.23163e-05	898
0.779	0.00019373	0.00019373	0.00019373	0.00019373	925
0.78	0.000247034	0.000247034	0.000247034	0.000247034	944
0.781	0.00151087	0.00151087	0.00151087	0.00151087	929
0.782	0.000622123	0.000622123	0.000622123	0.000622123	895
0.783	0.000481051	0.000481051	0.000481051	0.000481051	913
0.784	4.125e-05	4.125e-05	4.125e-05	4.125e-05	960
0.785	0.00068578	0.00068578	0.00068578	0.00068578	872
0.786	0.000252008	0.000252008	0.000252008	0.000252008	946
0.787	0.000899235	0.000899235	0.000899235	0.000899235	915
0.788	-0.000218842	-0.000218842	-0.000218842	-0.000218842	881
0.789	0.000632653	0.000632653	0.000632653	0.000632653	882
0.79	0.00104182	0.00104182	0.00104182	0.00104182	880
0.791	0.00035962	0.00035962	0.00035962	0.00035962	842
0.792	-7.08046e-05	-7.08046e-05	-7.08046e-05	-7.08046e-05	870
0.793	0.000208324	0.000208324	0.000208324	0.000208324	889
0.794	0.000206335	0.000206335	0.000206335	0.000206335	884
0.795	0.00103136	0.00103136	0.00103136	0.00103136	861
0.796	0.000533775	0.000533775	0.000533775	0.000533775	906
0.797	-0.000169499	-0.000169499	-0.000169499	-0.000169499	859
0.798	-0.00018905	-0.00018905	-0.00018905	-0.00018905	895
0.799	-0.000371239	-0.000371239	-0.000371239	-0.000371239	904
0.8	-7.60596e-05	-7.60596e-05	-7.60596e-05	-7.60596e-05	873
0.801	-0.000797222	-0.000797222	-0.000797222	-0.000797222	864
0.802	0.000611401	0.000611401	0.000611401	0.000611401	842
0.803	0.000478392	0.000478392	0.000478392	0.000478392	796
0.804	3.68794e-05	3.68794e-05	3.68794e-05	3.68794e-05	846
0.805	-0.000173012	-0.000173012	-0.000173012	-0.000173012	830
0.806	0.000793607	0.000793607	0.000793607	0.000793607	876
0.807	0.000264734	0.000264734	0.000264734	0.000264734	828
0.808	8.55615e-06	8.55615e-06	8.55615e-06	8.55615e-06	935
0.809	-0.000787572	-0.000787572	-0.000787572	-0.000787572	869
0.81	-2.47991e-05	-2.47991e-05	-2.47991e-05	-2.47991e-05	871
0.811	0.00011209	0.00011209	0.00011209	0.00011209	885
0.812	0.000344469	0.000344469	0.000344469	0.000344469	922
0.813	0.000813529	0.000813529	0.000813529	0.000813529	887
0.814	0.00162679	0.00162679	0.00162679	0.00162679	896
0.815	0.000625523	0.000625523	0.000625523	0.000625523	956
0.816	0.00087844	0.00087844	0.00087844	0.00087844	872
0.817	0.000660414	0.000660414	0.000660414	0.000660414	917
0.818	0.000242398	0.000242398	0.000242398	0.000242398	934
0.819	-0.000312744	-0.000312744	-0.000312744	-0.000312744	871
0.82	0.000635216	0.000635216	0.000635216	0.000635216	903
0.821	0.000686874	0.000686874	0.000686874	0.000686874	838
0.822	0.00158788	0.00158788	0.00158788	0.00158788	891
0.823	0.000355899	0.000355899	0.000355899	0.000355899	907
0.824	0.000823556	0.000823556	0.000823556	0.000823556	900
0.825	0.00106951	0.00106951	0.00106951	0.00106951	938
0.826	0.00124834	0.00124834	0.00124834	0.00124834	935
0.827	0.000643653	0.000643653	0.000643653	0.000643653	898
0.828	0.00106358	0.00106358	0.00106358	0.00106358	906
0.829	0.00012137	0.00012137	0.00012137	0.00012137	847
0.83	0.00106818	0.00106818	0.00106818	0.00106818	883
0.831	0.000856957	0.000856957	0.000856957	0.000856957	920
0.832	0.0011343	0.0011343	0.0011343	0.0011343	895
0.833	0.000494387	0.000494387	0.000494387	0.000494387	873
0.834	0.000150893	0.000150893	0.000150893	0.000150893	896
0.835	-0.000278427	-0.000278427	-0.000278427	-0.000278427	839
0.836	0.00011661	0.00011661	0.00011661	0.00011661	885
0.837	-0.000832494	-0.000832494	-0.000832494	-0.000832494	874
0.838	-0.000593119	-0.000593119	-0.000593119	-0.000593119	872
0.839	0.000518143	0.000518143	0.000518143	0.000518143	948
0.84	0.000346109	0.000346109	0.000346109	0.000346109	861
0.841	0.000494144	0.000494144	0.000494144	0.000494144	905
0.842	0.000800952	0.000800952	0.000800952	0.000800952	840
0.843	6.4186e-05	6.4186e-05	6.4186e-05	6.4186e-05	860
0.844	0.000367529	0.000367529	0.000367529	0.000367529	850
0.845	0.000564948	0.000564948	0.000564948	0.000564948	873
0.846	-0.000547945	-0.000547945	-0.000547945	-0.000547945	876
0.847	0.000843172	0.000843172	0.000843172	0.000843172	908
0.848	0.00221321	0.00221321	0.00221321	0.00221321	893
0.849	0.00121027	0.00121027	0.00121027	0.00121027	896
0.85	3.49603e-05	3.49603e-05	3.49603e-05	3.49603e-05	881
0.851	0.0011099	0.0011099	0.0011099	0.0011099	879
0.852	0.000396326	0.000396326	0.000396326	0.000396326	871
0.853	0.000630751	0.000630751	0.000630751	0.000630751	839
0.854	0.000619775	0.000619775	0.000619775	0.000619775	890
0.855	0.000190545	0.000190545	0.000190545	0.000190545	825
0.856	0.00052646	0.00052646	0.00052646	0.00052646	873
0.857	0.000551208	0.000551208	0.000551208	0.000551208	828
0.858	0.00166988	0.00166988	0.00166988	0.00166988	893
0.859	0.000368742	0.000368742	0.000368742	0.000368742	819
0.86	9.40382e-05	9.40382e-05	9.40382e-05	9.40382e-05	889
0.861	0.000726674	0.000726674	0.000726674	0.000726674	911
0.862	0.000391569	0.000391569	0.000391569	0.000391569	854
0.863	0.00106523	0.00106523	0.00106523	0.00106523	834
0.864	-0.000281056	-0.000281056	-0.000281056	-0.000281056	871
0.865	0.000439424	0.000439424	0.000439424	0.000439424	903
0.866	0.000329976	0.000329976	0.000329976	0.000329976	834
0.867	0.000323832	0.000323832	0.000323832	0.000323832	856
0.868	0.000888528	0.000888528	0.000888528	0.000888528	863
0.869	0.000639524	0.000639524	0.000639524	0.000639524	840
0.87	0.00124044	0.00124044	0.00124044	0.00124044	821
0.871	0.000543168	0.000543168	0.000543168	0.000543168	827
0.872	0.000885607	0.000885607	0.000885607	0.000885607	799
0.873	0.000881049	0.000881049	0.000881049	0.000881049	839
0.874	0.000327722	0.000327722	0.000327722	0.000327722	891
0.875	0.00116835	0.00116835	0.00116835	0.00116835	872
0.876	0.00140743	0.00140743	0.00140743	0.00140743	808
0.877	0.000930034	0.000930034	0.000930034	0.000930034	889
0.878	-0.000241262	-0.000241262	-0.000241262	-0.000241262	824
0.879	-0.000276339	-0.000276339	-0.000276339	-0.000276339	896
0.88	-6.00219e-05	-6.00219e-05	-6.00219e-05	-6.00219e-05	913
0.881	0.000132384	0.000132384	0.000132384	0.000132384	843
0.882	-0.000300236	-0.000300236	-0.000300236	-0.000300236	846
0.883	-0.000344207	-0.000344207	-0.000344207	-0.000344207	889
0.884	3.78619e-05	3.78619e-05	3.78619e-05	3.78619e-05	898
0.885	-0.000232299	-0.000232299	-0.000232299	-0.000232299	935
0.886	0.0006	0.0006	0.0006	0.0006	844
0.887	0.000479899	0.000479899	0.000479899	0.000479899	796
0.888	0.000388067	0.000388067	0.000388067	0.000388067	838
0.889	0.000163966	0.000163966	0.000163966	0.000163966	827
0.89	-7.4842e-05	-7.4842e-05	-7.4842e-05	-7.4842e-05	791
0.891	-0.00024	-0.00024	-0.00024	-0.00024	790
0.892	0.000824181	0.000824181	0.000824181	0.000824181	794
0.893	-9.09091e-05	-9.09091e-05	-9.09091e-05	-9.09091e-05	858
0.894	-0.000700121	-0.000700121	-0.000700121	-0.000700121	825
0.895	0.000117191	0.000117191	0.000117191	0.000117191	826
0.896	0.000411622	0.000411622	0.000411622	0.000411622	826
0.897	0.000330827	0.000330827	0.000330827	0.000330827	798
0.898	0.000775278	0.000775278	0.000775278	0.000775278	809
0.899	5.94059e-05	5.94059e-05	5.94059e-05	5.94059e-05	808
0.9	0.0010624	0.0010624	0.0010624	0.0010624	782
0.901	0.000487923	0.000487923	0.000487923	0.000487923	828
0.902	-9.48749e-05	-9.48749e-05	-9.48749e-05	-9.48749e-05	839
0.903	0.00134383	0.00134383	0.00134383	0.00134383	851
0.904	0.00149765	0.00149765	0.00149765	0.00149765	809
0.905	0.00142067	0.00142067	0.00142067	0.00142067	861
0.906	0.000783	0.000783	0.000783	0.000783	800
0.907	0.00128413	0.00128413	0.00128413	0.00128413	794
0.908	8.05825e-05	8.05825e-05	8.05825e-05	8.05825e-05	824
0.909	0.000332029	0.000332029	0.000332029	0.000332029	818
0.91	0.00018403	0.00018403	0.00018403	0.00018403	789
0.911	0.000242986	0.000242986	0.000242986	0.000242986	884
0.912	0.000178985	0.000178985	0.000178985	0.000178985	847
0.913	0.00063125	0.00063125	0.00063125	0.00063125	832
0.914	0.000313247	0.000313247	0.000313247	0.000313247	853
0.915	7.23454e-05	7.23454e-05	7.23454e-05	7.23454e-05	857
0.916	0.000373234	0.000373234	0.000373234	0.000373234	807
0.917	0.000230972	0.000230972	0.000230972	0.000230972	833
0.918	0.00108047	0.00108047	0.00108047	0.00108047	860
0.919	0.000772747	0.000772747	0.000772747	0.000772747	910
0.92	0.00075122	0.00075122	0.00075122	0.00075122	861
0.921	0.000435955	0.000435955	0.000435955	0.000435955	801
0.922	0.000583099	0.000583099	0.000583099	0.000583099	852
0.923	0.0011308	0.0011308	0.0011308	0.0011308	896
0.924	0.000688182	0.000688182	0.000688182	0.000688182	880
0.925	0.00115659	0.00115659	0.00115659	0.00115659	820
0.926	-0.000188626	-0.000188626	-0.000188626	-0.000188626	844
0.927	0.000474534	0.000474534	0.000474534	0.000474534	805
0.928	-0.000153191	-0.000153191	-0.000153191	-0.000153191	846
0.929	-0.000473589	-0.000473589	-0.000473589	-0.000473589	886
0.93	0.00010023	0.00010023	0.00010023	0.00010023	870
0.931	0.000486874	0.000486874	0.000486874	0.000486874	838
0.932	-0.000829048	-0.000829048	-0.000829048	-0.000829048	840
0.933	-0.000248712	-0.000248712	-0.000248712	-0.000248712	854
0.934	0.000144671	0.000144671	0.000144671	0.000144671	882
0.935	-0.000645977	-0.000645977	-0.000645977	-0.000645977	870
0.936	0.000749474	0.000749474	0.000749474	0.000749474	855
0.937	0.000383587	0.000383587	0.000383587	0.000383587	853
0.938	-0.000607303	-0.000607303	-0.000607303	-0.000607303	849
0.939	8.84956e-06	8.84956e-06	8.84956e-06	8.84956e-06	904
0.94	-0.000861503	-0.000861503	-0.000861503	-0.000861503	878
0.941	-0.000562812	-0.000562812	-0.000562812	-0.000562812	882
0.942	-0.000604982	-0.000604982	-0.000604982	-0.000604982	843
0.943	0.000219026	0.000219026	0.000219026	0.000219026	862
0.944	-0.000289524	-0.000289524	-0.000289524	-0.000289524	840
0.945	0.000170353	0.000170353	0.000170353	0.000170353	850
0.946	-0.000144573	-0.000144573	-0.000144573	-0.000144573	866
0.947	0.0010517	0.0010517	0.0010517	0.0010517	882
0.948	5.81032e-05	5.81032e-05	5.81032e-05	5.81032e-05	833
0.949	0.000283781	0.000283781	0.000283781	0.000283781	857
0.95	-0.000196947	-0.000196947	-0.000196947	-0.000196947	786
0.951	0.000361155	0.000361155	0.000361155	0.000361155	762
0.952	0.000299005	0.000299005	0.000299005	0.000299005	804
0.953	0.000278018	0.000278018	0.000278018	0.000278018	787
0.954	-0.000107912	-0.000107912	-0.000107912	-0.000107912	771
0.955	0.001038	0.001038	0.001038	0.001038	842
0.956	0.000409479	0.000409479	0.000409479	0.000409479	844
0.957	7.21698e-05	7.21698e-05	7.21698e-05	7.21698e-05	848
0.958	0.000220235	0.000220235	0.000220235	0.000220235	850
0.959	7.53425e-05	7.53425e-05	7.53425e-05	7.53425e-05	876
0.96	0.000788675	0.000788675	0.000788675	0.000788675	883
0.961	-0.000288807	-0.000288807	-0.000288807	-0.000288807	813
0.962	-0.000135273	-0.000135273	-0.000135273	-0.000135273	825
0.963	-0.000270013	-0.000270013	-0.000270013	-0.000270013	797
0.964	-9.55711e-05	-9.55711e-05	-9.55711e-05	-9.55711e-05	858
0.965	0.00116138	0.00116138	0.00116138	0.00116138	870
0.966	0.000336462	0.000336462	0.000336462	0.000336462	831
0.967	0.00184492	0.00184492	0.00184492	0.00184492	797
0.968	0.000226913	0.000226913	0.000226913	0.000226913	758
0.969	7.07514e-05	7.07514e-05	7.07514e-05	7.07514e-05	865
0.97	0.000165666	0.000165666	0.000165666	0.000165666	833
0.971	0.000877807	0.000877807	0.000877807	0.000877807	766
0.972	0.000453846	0.000453846	0.000453846	0.000453846	832
0.973	0.000616862	0.000616862	0.000616862	0.000616862	854
0.974	0.000520657	0.000520657	0.000520657	0.000520657	852
0.975	-8.51367e-05	-8.51367e-05	-8.51367e-05	-8.51367e-05	841
0.976	0.000499294	0.000499294	0.000499294	0.000499294	850
0.977	0.000763763	0.000763763	0.000763763	0.000763763	861
0.978	0.000586932	0.000586932	0.000586932	0.000586932	903
0.979	6.01183e-05	6.01183e-05	6.01183e-05	6.01183e-05	845
0.98	0.000200909	0.000200909	0.000200909	0.000200909	880
0.981	0.00103372	0.00103372	0.00103372	0.00103372	866
0.982	-0.000185287	-0.000185287	-0.000185287	-0.000185287	870
0.983	0.000154667	0.000154667	0.000154667	0.000154667	900
0.984	-0.00032315	-0.00032315	-0.00032315	-0.00032315	838
0.985	-0.000321569	-0.000321569	-0.000321569	-0.000321569	867
0.986	0.000862486	0.000862486	0.000862486	0.000862486	877
0.987	0.00034966	0.00034966	0.00034966	0.00034966	882
0.988	-0.000220765	-0.000220765	-0.000220765	-0.000220765	915
0.989	0.000170093	0.000170093	0.000170093	0.000170093	856
0.99	5.06215e-05	5.06215e-05	5.06215e-05	5.06215e-05	885
0.991	0.00132356	0.00132356	0.00132356	0.00132356	832
0.992	-0.000149112	-0.000149112	-0.000149112	-0.000149112	845
0.993	0.000805769	0.000805769	0.000805769	0.000805769	832
0.994	-0.000132715	-0.000132715	-0.000132715	-0.000132715	862
0.995	0.00106287	0.00106287	0.00106287	0.00106287	843
0.996	0.000722956	0.000722956	0.000722956	0.000722956	893
0.997	0.000651976	0.000651976	0.000651976	0.000651976	835
0.998	0.000684382	0.000684382	0.000684382	0.000684382	858
0.999	0.000135154	0.000135154	0.000135154	0.000135154	879
1	0.00038011	0.00038011	0.00038011	0.00038011	905
