0.001	0.074098	0.074098	0.074098	0.074098	2246
0.002	0.0704195	0.0704195	0.0704195	0.0704195	1781
0.003	0.0637068	0.0637068	0.0637068	0.0637068	1569
0.004	0.0598185	0.0598185	0.0598185	0.0598185	1375
0.005	0.0557738	0.0557738	0.0557738	0.0557738	1261
0.006	0.0524668	0.0524668	0.0524668	0.0524668	1149
0.007	0.048784	0.048784	0.048784	0.048784	1024
0.008	0.0466249	0.0466249	0.0466249	0.0466249	1044
0.009	0.0450237	0.0450237	0.0450237	0.0450237	971
0.01	0.0449896	0.0449896	0.0449896	0.0449896	884
0.011	0.0418902	0.0418902	0.0418902	0.0418902	882
0.012	0.0399001	0.0399001	0.0399001	0.0399001	861
0.013	0.0381045	0.0381045	0.0381045	0.0381045	823
0.014	0.0382921	0.0382921	0.0382921	0.0382921	823
0.015	0.0358214	0.0358214	0.0358214	0.0358214	786
0.016	0.0349348	0.0349348	0.0349348	0.0349348	742
0.017	0.0336711	0.0336711	0.0336711	0.0336711	748
0.018	0.0331908	0.0331908	0.0331908	0.0331908	786
0.019	0.0326164	0.0326164	0.0326164	0.0326164	721
0.02	0.0343248	0.0343248	0.0343248	0.0343248	766
0.021	0.0309613	0.0309613	0.0309613	0.0309613	739
0.022	0.0288642	0.0288642	0.0288642	0.0288642	716
0.023	0.0291502	0.0291502	0.0291502	0.0291502	739
0.024	0.0288439	0.0288439	0.0288439	0.0288439	748
0.025	0.0257848	0.0257848	0.0257848	0.0257848	697
0.026	0.0293034	0.0293034	0.0293034	0.0293034	685
0.027	0.0274148	0.0274148	0.0274148	0.0274148	650
0.028	0.0249333	0.0249333	0.0249333	0.0249333	627
0.029	0.0251584	0.0251584	0.0251584	0.0251584	596
0.03	0.0221446	0.0221446	0.0221446	0.0221446	675
0.031	0.0226449	0.0226449	0.0226449	0.0226449	712
0.032	0.0209768	0.0209768	0.0209768	0.0209768	638
0.033	0.022102	0.022102	0.022102	0.022102	659
0.034	0.0200146	0.0200146	0.0200146	0.0200146	628
0.035	0.019036	0.019036	0.019036	0.019036	617
0.036	0.0160014	0.0160014	0.0160014	0.0160014	566
0.037	0.0186238	0.0186238	0.0186238	0.0186238	597
0.038	0.0185083	0.0185083	0.0185083	0.0185083	602
0.039	0.0192612	0.0192612	0.0192612	0.0192612	588
0.04	0.0163711	0.0163711	0.0163711	0.0163711	650
0.041	0.0181789	0.0181789	0.0181789	0.0181789	588
0.042	0.0165797	0.0165797	0.0165797	0.0165797	632
0.043	0.0130286	0.0130286	0.0130286	0.0130286	609
0.044	0.016804	0.016804	0.016804	0.016804	597
0.045	0.015568	0.015568	0.015568	0.015568	625
0.046	0.0148096	0.0148096	0.0148096	0.0148096	665
0.047	0.012555	0.012555	0.012555	0.012555	640
0.048	0.0164633	0.0164633	0.0164633	0.0164633	619
0.049	0.0142514	0.0142514	0.0142514	0.0142514	646
0.05	0.0140631	0.0140631	0.0140631	0.0140631	609
0.051	0.0140595	0.0140595	0.0140595	0.0140595	619
0.052	0.0146905	0.0146905	0.0146905	0.0146905	621
0.053	0.0143276	0.0143276	0.0143276	0.0143276	624
0.054	0.0113385	0.0113385	0.0113385	0.0113385	592
0.055	0.0126812	0.0126812	0.0126812	0.0126812	613
0.056	0.0151328	0.0151328	0.0151328	0.0151328	643
0.057	0.0148376	0.0148376	0.0148376	0.0148376	617
0.058	0.012434	0.012434	0.012434	0.012434	589
0.059	0.012227	0.012227	0.012227	0.012227	541
0.06	0.0108259	0.0108259	0.0108259	0.0108259	634
0.061	0.0145868	0.0145868	0.0145868	0.0145868	621
0.062	0.0128255	0.0128255	0.0128255	0.0128255	564
0.063	0.0117445	0.0117445	0.0117445	0.0117445	634
0.064	0.0126211	0.0126211	0.0126211	0.0126211	635
0.065	0.014015	0.014015	0.014015	0.014015	640
0.066	0.0105682	0.0105682	0.0105682	0.0105682	604
0.067	0.00945644	0.00945644	0.00945644	0.00945644	652
0.068	0.0083226	0.0083226	0.0083226	0.0083226	584
0.069	0.00868865	0.00868865	0.00868865	0.00868865	661
0.07	0.00731262	0.00731262	0.00731262	0.00731262	618
0.071	0.00964494	0.00964494	0.00964494	0.00964494	623
0.072	0.00832457	0.00832457	0.00832457	0.00832457	647
0.073	0.00706875	0.00706875	0.00706875	0.00706875	640
0.074	0.00824634	0.00824634	0.00824634	0.00824634	656
0.075	0.00806604	0.00806604	0.00806604	0.00806604	636
0.076	0.00680124	0.00680124	0.00680124	0.00680124	645
0.077	0.00623151	0.00623151	0.00623151	0.00623151	641
0.078	0.00534438	0.00534438	0.00534438	0.00534438	640
0.079	0.006046	0.006046	0.006046	0.006046	687
0.08	0.00669231	0.00669231	0.00669231	0.00669231	572
0.081	0.00683883	0.00683883	0.00683883	0.00683883	649
0.082	0.00564054	0.00564054	0.00564054	0.00564054	671
0.083	0.00663515	0.00663515	0.00663515	0.00663515	660
0.084	0.00578722	0.00578722	0.00578722	0.00578722	673
0.085	0.00590108	0.00590108	0.00590108	0.00590108	554
0.086	0.00475423	0.00475423	0.00475423	0.00475423	568
0.087	0.00565121	0.00565121	0.00565121	0.00565121	539
0.088	0.0061395	0.0061395	0.0061395	0.0061395	562
0.089	0.00652376	0.00652376	0.00652376	0.00652376	543
0.09	0.00573616	0.00573616	0.00573616	0.00573616	567
0.091	0.00695488	0.00695488	0.00695488	0.00695488	563
0.092	0.00588988	0.00588988	0.00588988	0.00588988	603
0.093	0.00532609	0.00532609	0.00532609	0.00532609	571
0.094	0.00525379	0.00525379	0.00525379	0.00525379	580
0.095	0.0026819	0.0026819	0.0026819	0.0026819	569
0.096	0.00240377	0.00240377	0.00240377	0.00240377	530
0.097	0.00233478	0.00233478	0.00233478	0.00233478	552
0.098	0.00209386	0.00209386	0.00209386	0.00209386	554
0.099	0.00435081	0.00435081	0.00435081	0.00435081	553
0.1	0.00351986	0.00351986	0.00351986	0.00351986	559
0.101	0.00246804	0.00246804	0.00246804	0.00246804	582
0.102	0.00273525	0.00273525	0.00273525	0.00273525	556
0.103	0.0023115	0.0023115	0.0023115	0.0023115	565
0.104	0.00261443	0.00261443	0.00261443	0.00261443	582
0.105	0.00135318	0.00135318	0.00135318	0.00135318	598
0.106	0.00197891	0.00197891	0.00197891	0.00197891	550
0.107	0.00364891	0.00364891	0.00364891	0.00364891	548
0.108	0.00218065	0.00218065	0.00218065	0.00218065	527
0.109	0.00181149	0.00181149	0.00181149	0.00181149	592
0.11	0.00140708	0.00140708	0.00140708	0.00140708	537
0.111	0.0047289	0.0047289	0.0047289	0.0047289	557
0.112	0.00389386	0.00389386	0.00389386	0.00389386	505
0.113	0.00394036	0.00394036	0.00394036	0.00394036	550
0.114	0.00523016	0.00523016	0.00523016	0.00523016	557
0.115	0.00336014	0.00336014	0.00336014	0.00336014	557
0.116	0.00266895	0.00266895	0.00266895	0.00266895	583
0.117	0.00224014	0.00224014	0.00224014	0.00224014	583
0.118	0.00354973	0.00354973	0.00354973	0.00354973	565
0.119	0.00268425	0.00268425	0.00268425	0.00268425	584
0.12	0.00225058	0.00225058	0.00225058	0.00225058	514
0.121	0.00345475	0.00345475	0.00345475	0.00345475	537
0.122	0.00396966	0.00396966	0.00396966	0.00396966	567
0.123	0.00261467	0.00261467	0.00261467	0.00261467	600
0.124	0.0026315	0.0026315	0.0026315	0.0026315	565
0.125	0.00189705	0.00189705	0.00189705	0.00189705	509
0.126	0.00137187	0.00137187	0.00137187	0.00137187	512
0.127	0.0023084	0.0023084	0.0023084	0.0023084	524
0.128	0.000602353	0.000602353	0.000602353	0.000602353	510
0.129	0.000705794	0.000705794	0.000705794	0.000705794	535
0.13	0.00168249	0.00168249	0.00168249	0.00168249	514
0.131	0.00213676	0.00213676	0.00213676	0.00213676	506
0.132	0.00107803	0.00107803	0.00107803	0.00107803	528
0.133	0.00262847	0.00262847	0.00262847	0.00262847	562
0.134	0.00243958	0.00243958	0.00243958	0.00243958	566
0.135	0.00199576	0.00199576	0.00199576	0.00199576	566
0.136	0.00242937	0.00242937	0.00242937	0.00242937	504
0.137	0.000818705	0.000818705	0.000818705	0.000818705	556
0.138	0.00216261	0.00216261	0.00216261	0.00216261	551
0.139	0.00204545	0.00204545	0.00204545	0.00204545	528
0.14	0.000870079	0.000870079	0.000870079	0.000870079	508
0.141	0.00211384	0.00211384	0.00211384	0.00211384	513
0.142	-0.000247843	-0.000247843	-0.000247843	-0.000247843	510
0.143	0.000351381	0.000351381	0.000351381	0.000351381	543
0.144	0.000142125	0.000142125	0.000142125	0.000142125	546
0.145	0.000357371	0.000357371	0.000357371	0.000357371	563
0.146	0.00113792	0.00113792	0.00113792	0.00113792	567
0.147	0.00127818	0.00127818	0.00127818	0.00127818	614
0.148	-3.9531e-05	-3.9531e-05	-3.9531e-05	-3.9531e-05	597
0.149	-0.000421716	-0.000421716	-0.000421716	-0.000421716	571
0.15	0.000707407	0.000707407	0.000707407	0.000707407	540
0.151	0.00132988	0.00132988	0.00132988	0.00132988	579
0.152	0.00267368	0.00267368	0.00267368	0.00267368	532
0.153	0.00214314	0.00214314	0.00214314	0.00214314	503
0.154	0.00049011	0.00049011	0.00049011	0.00049011	546
0.155	0.00133238	0.00133238	0.00133238	0.00133238	559
0.156	0.00221018	0.00221018	0.00221018	0.00221018	550
0.157	0.00205437	0.00205437	0.00205437	0.00205437	515
0.158	0.00164916	0.00164916	0.00164916	0.00164916	537
0.159	0.00234031	0.00234031	0.00234031	0.00234031	516
0.16	0.00192945	0.00192945	0.00192945	0.00192945	567
0.161	-0.000448727	-0.000448727	-0.000448727	-0.000448727	550
0.162	0.00019697	0.00019697	0.00019697	0.00019697	528
0.163	-0.000564623	-0.000564623	-0.000564623	-0.000564623	571
0.164	0.00018523	0.00018523	0.00018523	0.00018523	501
0.165	0.000745392	0.000745392	0.000745392	0.000745392	586
0.166	0.000703806	0.000703806	0.000703806	0.000703806	578
0.167	0.000509848	0.000509848	0.000509848	0.000509848	528
0.168	0.000673529	0.000673529	0.000673529	0.000673529	544
0.169	0.000682136	0.000682136	0.000682136	0.000682136	543
0.17	0.000903161	0.000903161	0.000903161	0.000903161	601
0.171	0.000583607	0.000583607	0.000583607	0.000583607	549
0.172	0.000241636	0.000241636	0.000241636	0.000241636	538
0.173	0.000544665	0.000544665	0.000544665	0.000544665	553
0.174	-0.000982726	-0.000982726	-0.000982726	-0.000982726	521
0.175	-0.000807626	-0.000807626	-0.000807626	-0.000807626	577
0.176	0.00056	0.00056	0.00056	0.00056	565
0.177	0.0004	0.0004	0.0004	0.0004	522
0.178	0.00118984	0.00118984	0.00118984	0.00118984	551
0.179	0.0011221	0.0011221	0.0011221	0.0011221	534
0.18	0.00198271	0.00198271	0.00198271	0.00198271	509
0.181	0.00184075	0.00184075	0.00184075	0.00184075	535
0.182	7.46562e-05	7.46562e-05	7.46562e-05	7.46562e-05	509
0.183	0.00036494	0.00036494	0.00036494	0.00036494	502
0.184	-0.000430126	-0.000430126	-0.000430126	-0.000430126	478
0.185	0.00187723	0.00187723	0.00187723	0.00187723	505
0.186	0.00144665	0.00144665	0.00144665	0.00144665	493
0.187	0.00176238	0.00176238	0.00176238	0.00176238	537
0.188	0.00138824	0.00138824	0.00138824	0.00138824	544
0.189	0.000939645	0.000939645	0.000939645	0.000939645	507
0.19	0.0013363	0.0013363	0.0013363	0.0013363	540
0.191	0.00102661	0.00102661	0.00102661	0.00102661	496
0.192	0.00119355	0.00119355	0.00119355	0.00119355	496
0.193	0.0017813	0.0017813	0.0017813	0.0017813	492
0.194	0.00122246	0.00122246	0.00122246	0.00122246	552
0.195	0.00142752	0.00142752	0.00142752	0.00142752	545
0.196	0.00199844	0.00199844	0.00199844	0.00199844	514
0.197	0.000954182	0.000954182	0.000954182	0.000954182	550
0.198	9.71888e-05	9.71888e-05	9.71888e-05	9.71888e-05	498
0.199	-0.000616421	-0.000616421	-0.000616421	-0.000616421	475
0.2	0.00160076	0.00160076	0.00160076	0.00160076	526
0.201	0.000262451	0.000262451	0.000262451	0.000262451	506
0.202	0.00063346	0.00063346	0.00063346	0.00063346	526
0.203	0.000150175	0.000150175	0.000150175	0.000150175	570
0.204	-0.000314286	-0.000314286	-0.000314286	-0.000314286	490
0.205	0.000219689	0.000219689	0.000219689	0.000219689	579
0.206	-0.000462566	-0.000462566	-0.000462566	-0.000462566	569
0.207	-0.000193651	-0.000193651	-0.000193651	-0.000193651	504
0.208	0.00024	0.00024	0.00024	0.00024	515
0.209	0.000945736	0.000945736	0.000945736	0.000945736	516
0.21	-0.00042344	-0.00042344	-0.00042344	-0.00042344	529
0.211	0.00158628	0.00158628	0.00158628	0.00158628	554
0.212	-6.4684e-05	-6.4684e-05	-6.4684e-05	-6.4684e-05	538
0.213	0.000163671	0.000163671	0.000163671	0.000163671	523
0.214	0.00129562	0.00129562	0.00129562	0.00129562	548
0.215	0.000538931	0.000538931	0.000538931	0.000538931	524
0.216	0.00231469	0.00231469	0.00231469	0.00231469	497
0.217	0.000332	0.000332	0.000332	0.000332	500
0.218	0.000578349	0.000578349	0.000578349	0.000578349	545
0.219	0.00300687	0.00300687	0.00300687	0.00300687	553
0.22	0.00176175	0.00176175	0.00176175	0.00176175	549
0.221	0.0020132	0.0020132	0.0020132	0.0020132	485
0.222	0.000936255	0.000936255	0.000936255	0.000936255	502
0.223	0.000645365	0.000645365	0.000645365	0.000645365	507
0.224	0.000168421	0.000168421	0.000168421	0.000168421	494
0.225	0.000356377	0.000356377	0.000356377	0.000356377	541
0.226	0.00122628	0.00122628	0.00122628	0.00122628	548
0.227	0.00131252	0.00131252	0.00131252	0.00131252	519
0.228	0.00148397	0.00148397	0.00148397	0.00148397	524
0.229	-0.000431852	-0.000431852	-0.000431852	-0.000431852	540
0.23	-0.000118571	-0.000118571	-0.000118571	-0.000118571	560
0.231	0.000205964	0.000205964	0.000205964	0.000205964	503
0.232	0.000959375	0.000959375	0.000959375	0.000959375	512
0.233	0.00118273	0.00118273	0.00118273	0.00118273	556
0.234	8.98246e-05	8.98246e-05	8.98246e-05	8.98246e-05	570
0.235	0.000169147	0.000169147	0.000169147	0.000169147	551
0.236	0.000684105	0.000684105	0.000684105	0.000684105	497
0.237	0.00082226	0.00082226	0.00082226	0.00082226	593
0.238	0.00241216	0.00241216	0.00241216	0.00241216	559
0.239	0.000473179	0.000473179	0.000473179	0.000473179	563
0.24	-0.000591304	-0.000591304	-0.000591304	-0.000591304	552
0.241	0.000405911	0.000405911	0.000405911	0.000405911	609
0.242	0.00109394	0.00109394	0.00109394	0.00109394	528
0.243	0.00024375	0.00024375	0.00024375	0.00024375	576
0.244	0.000693934	0.000693934	0.000693934	0.000693934	577
0.245	-0.000334572	-0.000334572	-0.000334572	-0.000334572	538
0.246	0.00032809	0.00032809	0.00032809	0.00032809	534
0.247	0.000321986	0.000321986	0.000321986	0.000321986	564
0.248	-0.00113145	-0.00113145	-0.00113145	-0.00113145	531
0.249	-0.000577617	-0.000577617	-0.000577617	-0.000577617	554
0.25	-0.00105306	-0.00105306	-0.00105306	-0.00105306	588
0.251	-0.000751111	-0.000751111	-0.000751111	-0.000751111	540
0.252	-0.000911661	-0.000911661	-0.000911661	-0.000911661	566
0.253	-0.000806593	-0.000806593	-0.000806593	-0.000806593	546
0.254	-0.000203413	-0.000203413	-0.000203413	-0.000203413	586
0.255	-0.000530769	-0.000530769	-0.000530769	-0.000530769	520
0.256	0.00042449	0.00042449	0.00042449	0.00042449	490
0.257	0.000155224	0.000155224	0.000155224	0.000155224	469
0.258	-0.00101226	-0.00101226	-0.00101226	-0.00101226	522
0.259	-0.0015159	-0.0015159	-0.0015159	-0.0015159	566
0.26	-0.000106849	-0.000106849	-0.000106849	-0.000106849	584
0.261	-0.00083871	-0.00083871	-0.00083871	-0.00083871	558
0.262	-0.000720921	-0.000720921	-0.000720921	-0.000720921	521
0.263	-0.00153004	-0.00153004	-0.00153004	-0.00153004	526
0.264	0.000235294	0.000235294	0.000235294	0.000235294	544
0.265	0.000603442	0.000603442	0.000603442	0.000603442	523
0.266	-0.000195522	-0.000195522	-0.000195522	-0.000195522	536
0.267	-7.35354e-05	-7.35354e-05	-7.35354e-05	-7.35354e-05	495
0.268	-0.000356394	-0.000356394	-0.000356394	-0.000356394	477
0.269	-0.00105984	-0.00105984	-0.00105984	-0.00105984	488
0.27	-0.00212282	-0.00212282	-0.00212282	-0.00212282	482
0.271	-0.00030495	-0.00030495	-0.00030495	-0.00030495	505
0.272	-0.00219677	-0.00219677	-0.00219677	-0.00219677	496
0.273	-0.000151503	-0.000151503	-0.000151503	-0.000151503	499
0.274	-0.000412024	-0.000412024	-0.000412024	-0.000412024	499
0.275	0.000134122	0.000134122	0.000134122	0.000134122	507
0.276	-0.0011045	-0.0011045	-0.0011045	-0.0011045	511
0.277	-0.000954667	-0.000954667	-0.000954667	-0.000954667	525
0.278	-0.000127042	-0.000127042	-0.000127042	-0.000127042	551
0.279	0.000719835	0.000719835	0.000719835	0.000719835	484
0.28	-0.000544841	-0.000544841	-0.000544841	-0.000544841	533
0.281	0.00135639	0.00135639	0.00135639	0.00135639	509
0.282	0.000337132	0.000337132	0.000337132	0.000337132	509
0.283	-0.000176447	-0.000176447	-0.000176447	-0.000176447	501
0.284	0.000316883	0.000316883	0.000316883	0.000316883	539
0.285	-0.00121206	-0.00121206	-0.00121206	-0.00121206	564
0.286	-0.000870293	-0.000870293	-0.000870293	-0.000870293	478
0.287	-0.000884015	-0.000884015	-0.000884015	-0.000884015	538
0.288	-0.00107232	-0.00107232	-0.00107232	-0.00107232	495
0.289	0.0001361	0.0001361	0.0001361	0.0001361	482
0.29	-0.000122288	-0.000122288	-0.000122288	-0.000122288	507
0.291	-0.0009921	-0.0009921	-0.0009921	-0.0009921	481
0.292	-0.000533049	-0.000533049	-0.000533049	-0.000533049	469
0.293	-0.00163926	-0.00163926	-0.00163926	-0.00163926	489
0.294	-0.00126312	-0.00126312	-0.00126312	-0.00126312	507
0.295	-0.000709322	-0.000709322	-0.000709322	-0.000709322	472
0.296	-0.00101297	-0.00101297	-0.00101297	-0.00101297	509
0.297	-0.00189752	-0.00189752	-0.00189752	-0.00189752	484
0.298	6.4466e-05	6.4466e-05	6.4466e-05	6.4466e-05	515
0.299	-5.69106e-06	-5.69106e-06	-5.69106e-06	-5.69106e-06	492
0.3	-0.0004704	-0.0004704	-0.0004704	-0.0004704	500
0.301	-0.00106182	-0.00106182	-0.00106182	-0.00106182	495
0.302	-0.000247577	-0.000247577	-0.000247577	-0.000247577	454
0.303	-0.000212448	-0.000212448	-0.000212448	-0.000212448	482
0.304	-0.000732681	-0.000732681	-0.000732681	-0.000732681	511
0.305	-0.000466926	-0.000466926	-0.000466926	-0.000466926	514
0.306	-2.09709e-05	-2.09709e-05	-2.09709e-05	-2.09709e-05	515
0.307	0.00051844	0.00051844	0.00051844	0.00051844	564
0.308	0.00071984	0.00071984	0.00071984	0.00071984	499
0.309	-0.000778093	-0.000778093	-0.000778093	-0.000778093	493
0.31	0.000685283	0.000685283	0.000685283	0.000685283	530
0.311	-8.92495e-05	-8.92495e-05	-8.92495e-05	-8.92495e-05	493
0.312	-0.000641393	-0.000641393	-0.000641393	-0.000641393	517
0.313	-0.000728857	-0.000728857	-0.000728857	-0.000728857	551
0.314	0.000176147	0.000176147	0.000176147	0.000176147	545
0.315	0.00156824	0.00156824	0.00156824	0.00156824	529
0.316	-1.53257e-06	-1.53257e-06	-1.53257e-06	-1.53257e-06	522
0.317	-0.000807707	-0.000807707	-0.000807707	-0.000807707	519
0.318	-0.000299225	-0.000299225	-0.000299225	-0.000299225	516
0.319	-0.00046379	-0.00046379	-0.00046379	-0.00046379	533
0.32	-0.00175907	-0.00175907	-0.00175907	-0.00175907	518
0.321	-0.000593043	-0.000593043	-0.000593043	-0.000593043	460
0.322	-0.000871078	-0.000871078	-0.000871078	-0.000871078	529
0.323	-0.00106316	-0.00106316	-0.00106316	-0.00106316	532
0.324	-0.000565909	-0.000565909	-0.000565909	-0.000565909	528
0.325	-0.000270291	-0.000270291	-0.000270291	-0.000270291	515
0.326	-0.00020998	-0.00020998	-0.00020998	-0.00020998	501
0.327	0.00114015	0.00114015	0.00114015	0.00114015	528
0.328	-0.000184151	-0.000184151	-0.000184151	-0.000184151	530
0.329	-4.48898e-05	-4.48898e-05	-4.48898e-05	-4.48898e-05	499
0.33	-0.00038034	-0.00038034	-0.00038034	-0.00038034	529
0.331	-0.000291935	-0.000291935	-0.000291935	-0.000291935	496
0.332	-0.000122896	-0.000122896	-0.000122896	-0.000122896	511
0.333	-0.00120369	-0.00120369	-0.00120369	-0.00120369	542
0.334	0.000895379	0.000895379	0.000895379	0.000895379	541
0.335	0.00104627	0.00104627	0.00104627	0.00104627	523
0.336	-0.000124008	-0.000124008	-0.000124008	-0.000124008	529
0.337	0.000374171	0.000374171	0.000374171	0.000374171	573
0.338	-0.00101508	-0.00101508	-0.00101508	-0.00101508	504
0.339	-0.00152707	-0.00152707	-0.00152707	-0.00152707	543
0.34	-0.000905333	-0.000905333	-0.000905333	-0.000905333	600
0.341	-0.0020449	-0.0020449	-0.0020449	-0.0020449	588
0.342	-0.00208027	-0.00208027	-0.00208027	-0.00208027	593
0.343	-0.00119229	-0.00119229	-0.00119229	-0.00119229	571
0.344	-0.00118047	-0.00118047	-0.00118047	-0.00118047	594
0.345	-0.000250575	-0.000250575	-0.000250575	-0.000250575	522
0.346	0.000399286	0.000399286	0.000399286	0.000399286	560
0.347	-0.00023295	-0.00023295	-0.00023295	-0.00023295	522
0.348	0.000569697	0.000569697	0.000569697	0.000569697	561
0.349	0.000710615	0.000710615	0.000710615	0.000710615	537
0.35	-9.92754e-05	-9.92754e-05	-9.92754e-05	-9.92754e-05	552
0.351	0.000922667	0.000922667	0.000922667	0.000922667	525
0.352	0.00113939	0.00113939	0.00113939	0.00113939	561
0.353	0.000528864	0.000528864	0.000528864	0.000528864	537
0.354	0.000593309	0.000593309	0.000593309	0.000593309	538
0.355	-0.000179026	-0.000179026	-0.000179026	-0.000179026	534
0.356	0.000631218	0.000631218	0.000631218	0.000631218	583
0.357	0.000902896	0.000902896	0.000902896	0.000902896	587
0.358	6.08696e-05	6.08696e-05	6.08696e-05	6.08696e-05	552
0.359	0.000587571	0.000587571	0.000587571	0.000587571	531
0.36	-0.000949458	-0.000949458	-0.000949458	-0.000949458	554
0.361	-0.000577264	-0.000577264	-0.000577264	-0.000577264	519
0.362	0.001168	0.001168	0.001168	0.001168	550
0.363	0.000270039	0.000270039	0.000270039	0.000270039	514
0.364	4.6595e-05	4.6595e-05	4.6595e-05	4.6595e-05	558
0.365	-0.000699259	-0.000699259	-0.000699259	-0.000699259	540
0.366	-0.000545731	-0.000545731	-0.000545731	-0.000545731	527
0.367	0.000340883	0.000340883	0.000340883	0.000340883	521
0.368	4.96183e-05	4.96183e-05	4.96183e-05	4.96183e-05	524
0.369	3.65145e-05	3.65145e-05	3.65145e-05	3.65145e-05	482
0.37	0.000213235	0.000213235	0.000213235	0.000213235	544
0.371	0.000769231	0.000769231	0.000769231	0.000769231	546
0.372	0.000866041	0.000866041	0.000866041	0.000866041	533
0.373	-0.000290714	-0.000290714	-0.000290714	-0.000290714	560
0.374	0.000329813	0.000329813	0.000329813	0.000329813	587
0.375	0.000517604	0.000517604	0.000517604	0.000517604	551
0.376	0.000265169	0.000265169	0.000265169	0.000265169	534
0.377	0.000737996	0.000737996	0.000737996	0.000737996	529
0.378	0.00121974	0.00121974	0.00121974	0.00121974	547
0.379	-0.000649206	-0.000649206	-0.000649206	-0.000649206	504
0.38	0.000775348	0.000775348	0.000775348	0.000775348	503
0.381	0.000966469	0.000966469	0.000966469	0.000966469	507
0.382	0.00200241	0.00200241	0.00200241	0.00200241	498
0.383	0.00116674	0.00116674	0.00116674	0.00116674	481
0.384	0.000955556	0.000955556	0.000955556	0.000955556	450
0.385	-8.70637e-05	-8.70637e-05	-8.70637e-05	-8.70637e-05	487
0.386	-0.000106288	-0.000106288	-0.000106288	-0.000106288	493
0.387	-0.000427324	-0.000427324	-0.000427324	-0.000427324	527
0.388	-0.000521022	-0.000521022	-0.000521022	-0.000521022	509
0.389	0.000554955	0.000554955	0.000554955	0.000554955	444
0.39	0.00125242	0.00125242	0.00125242	0.00125242	496
0.391	0.00139074	0.00139074	0.00139074	0.00139074	497
0.392	-0.000477014	-0.000477014	-0.000477014	-0.000477014	509
0.393	-0.000591845	-0.000591845	-0.000591845	-0.000591845	515
0.394	6.22407e-05	6.22407e-05	6.22407e-05	6.22407e-05	482
0.395	8.33638e-05	8.33638e-05	8.33638e-05	8.33638e-05	547
0.396	-0.000852652	-0.000852652	-0.000852652	-0.000852652	509
0.397	-0.000610352	-0.000610352	-0.000610352	-0.000610352	483
0.398	-0.00118462	-0.00118462	-0.00118462	-0.00118462	520
0.399	-0.000213169	-0.000213169	-0.000213169	-0.000213169	486
0.4	0.000798566	0.000798566	0.000798566	0.000798566	558
0.401	-0.000541683	-0.000541683	-0.000541683	-0.000541683	511
0.402	0.000102811	0.000102811	0.000102811	0.000102811	498
0.403	0.000130645	0.000130645	0.000130645	0.000130645	496
0.404	-0.000901386	-0.000901386	-0.000901386	-0.000901386	505
0.405	-1.6e-06	-1.6e-06	-1.6e-06	-1.6e-06	500
0.406	-0.00104953	-0.00104953	-0.00104953	-0.00104953	529
0.407	-9.87552e-05	-9.87552e-05	-9.87552e-05	-9.87552e-05	482
0.408	-0.000623729	-0.000623729	-0.000623729	-0.000623729	531
0.409	-0.00097165	-0.00097165	-0.00097165	-0.00097165	515
0.41	1.75182e-05	1.75182e-05	1.75182e-05	1.75182e-05	548
0.411	0.00106548	0.00106548	0.00106548	0.00106548	562
0.412	0.000377936	0.000377936	0.000377936	0.000377936	562
0.413	-0.000203788	-0.000203788	-0.000203788	-0.000203788	528
0.414	0.000790438	0.000790438	0.000790438	0.000790438	502
0.415	-0.000356693	-0.000356693	-0.000356693	-0.000356693	508
0.416	-0.000473402	-0.000473402	-0.000473402	-0.000473402	485
0.417	-8.42536e-05	-8.42536e-05	-8.42536e-05	-8.42536e-05	489
0.418	-0.00057247	-0.00057247	-0.00057247	-0.00057247	494
0.419	0.000781315	0.000781315	0.000781315	0.000781315	578
0.42	0.00114611	0.00114611	0.00114611	0.00114611	527
0.421	0.000847672	0.000847672	0.000847672	0.000847672	537
0.422	-0.000331801	-0.000331801	-0.000331801	-0.000331801	522
0.423	0.000486822	0.000486822	0.000486822	0.000486822	516
0.424	0.00037218	0.00037218	0.00037218	0.00037218	532
0.425	0.000990138	0.000990138	0.000990138	0.000990138	507
0.426	0.000915768	0.000915768	0.000915768	0.000915768	501
0.427	-1.95122e-05	-1.95122e-05	-1.95122e-05	-1.95122e-05	533
0.428	-0.000213278	-0.000213278	-0.000213278	-0.000213278	482
0.429	0.000153722	0.000153722	0.000153722	0.000153722	497
0.43	8.65306e-05	8.65306e-05	8.65306e-05	8.65306e-05	490
0.431	6.16034e-05	6.16034e-05	6.16034e-05	6.16034e-05	474
0.432	0.000913562	0.000913562	0.000913562	0.000913562	553
0.433	-0.000395303	-0.000395303	-0.000395303	-0.000395303	511
0.434	-9.25267e-06	-9.25267e-06	-9.25267e-06	-9.25267e-06	562
0.435	0.000899231	0.000899231	0.000899231	0.000899231	520
0.436	-0.000633198	-0.000633198	-0.000633198	-0.000633198	494
0.437	-0.000102196	-0.000102196	-0.000102196	-0.000102196	501
0.438	-0.000680639	-0.000680639	-0.000680639	-0.000680639	563
0.439	-0.000115183	-0.000115183	-0.000115183	-0.000115183	573
0.44	0.000475254	0.000475254	0.000475254	0.000475254	590
0.441	0.000417889	0.000417889	0.000417889	0.000417889	559
0.442	0.00181091	0.00181091	0.00181091	0.00181091	550
0.443	0.000652823	0.000652823	0.000652823	0.000652823	549
0.444	-4.48399e-05	-4.48399e-05	-4.48399e-05	-4.48399e-05	562
0.445	0.0004	0.0004	0.0004	0.0004	550
0.446	0.00063327	0.00063327	0.00063327	0.00063327	523
0.447	0.000551538	0.000551538	0.000551538	0.000551538	520
0.448	0.00100585	0.00100585	0.00100585	0.00100585	513
0.449	0.00166357	0.00166357	0.00166357	0.00166357	516
0.45	0.00049165	0.00049165	0.00049165	0.00049165	515
0.451	0.000149729	0.000149729	0.000149729	0.000149729	553
0.452	0.00102105	0.00102105	0.00102105	0.00102105	532
0.453	0.00110281	0.00110281	0.00110281	0.00110281	498
0.454	0.000563786	0.000563786	0.000563786	0.000563786	486
0.455	0.000393232	0.000393232	0.000393232	0.000393232	591
0.456	0.000892364	0.000892364	0.000892364	0.000892364	550
0.457	0.00116144	0.00116144	0.00116144	0.00116144	529
0.458	-0.000297967	-0.000297967	-0.000297967	-0.000297967	541
0.459	-0.00010155	-0.00010155	-0.00010155	-0.00010155	516
0.46	-8e-05	-8e-05	-8e-05	-8e-05	515
0.461	0.000176329	0.000176329	0.000176329	0.000176329	583
0.462	0.000689895	0.000689895	0.000689895	0.000689895	574
0.463	-0.000152941	-0.000152941	-0.000152941	-0.000152941	544
0.464	8.44291e-05	8.44291e-05	8.44291e-05	8.44291e-05	578
0.465	-0.0005411	-0.0005411	-0.0005411	-0.0005411	618
0.466	-0.000421818	-0.000421818	-0.000421818	-0.000421818	550
0.467	-0.00052278	-0.00052278	-0.00052278	-0.00052278	518
0.468	0.000156057	0.000156057	0.000156057	0.000156057	487
0.469	-0.00125444	-0.00125444	-0.00125444	-0.00125444	529
0.47	-0.000420641	-0.000420641	-0.000420641	-0.000420641	562
0.471	-9.20696e-05	-9.20696e-05	-9.20696e-05	-9.20696e-05	517
0.472	7.45763e-05	7.45763e-05	7.45763e-05	7.45763e-05	531
0.473	-0.000394435	-0.000394435	-0.000394435	-0.000394435	575
0.474	0.000290647	0.000290647	0.000290647	0.000290647	556
0.475	-0.000905066	-0.000905066	-0.000905066	-0.000905066	533
0.476	-0.000814787	-0.000814787	-0.000814787	-0.000814787	541
0.477	-2.78075e-05	-2.78075e-05	-2.78075e-05	-2.78075e-05	561
0.478	0.000128788	0.000128788	0.000128788	0.000128788	528
0.479	-0.00115315	-0.00115315	-0.00115315	-0.00115315	555
0.48	-0.000429503	-0.000429503	-0.000429503	-0.000429503	583
0.481	-0.000904042	-0.000904042	-0.000904042	-0.000904042	569
0.482	0.00079287	0.00079287	0.00079287	0.00079287	561
0.483	0.000334168	0.000334168	0.000334168	0.000334168	559
0.484	-0.000305147	-0.000305147	-0.000305147	-0.000305147	544
0.485	0.000438879	0.000438879	0.000438879	0.000438879	535
0.486	0.000108041	0.000108041	0.000108041	0.000108041	485
0.487	0.000675044	0.000675044	0.000675044	0.000675044	573
0.488	0.00107664	0.00107664	0.00107664	0.00107664	548
0.489	0.00143681	0.00143681	0.00143681	0.00143681	527
0.49	0.000853996	0.000853996	0.000853996	0.000853996	563
0.491	0.000783853	0.000783853	0.000783853	0.000783853	545
0.492	0.000676056	0.000676056	0.000676056	0.000676056	568
0.493	0.00111959	0.00111959	0.00111959	0.00111959	582
0.494	0.00141223	0.00141223	0.00141223	0.00141223	556
0.495	0.00113609	0.00113609	0.00113609	0.00113609	532
0.496	0.000265043	0.000265043	0.000265043	0.000265043	575
0.497	0.0010834	0.0010834	0.0010834	0.0010834	518
0.498	0.00146667	0.00146667	0.00146667	0.00146667	510
0.499	0.000312849	0.000312849	0.000312849	0.000312849	537
0.5	0.000304215	0.000304215	0.000304215	0.000304215	522
0.501	-0.000993407	-0.000993407	-0.000993407	-0.000993407	546
0.502	0.0015107	0.0015107	0.0015107	0.0015107	542
0.503	3.51494e-05	3.51494e-05	3.51494e-05	3.51494e-05	569
0.504	-0.000346484	-0.000346484	-0.000346484	-0.000346484	583
0.505	-0.000605303	-0.000605303	-0.000605303	-0.000605303	528
0.506	-0.000333221	-0.000333221	-0.000333221	-0.000333221	593
0.507	0.000363985	0.000363985	0.000363985	0.000363985	522
0.508	-0.000665719	-0.000665719	-0.000665719	-0.000665719	563
0.509	-0.000421705	-0.000421705	-0.000421705	-0.000421705	516
0.51	-0.00108776	-0.00108776	-0.00108776	-0.00108776	531
0.511	-0.000605964	-0.000605964	-0.000605964	-0.000605964	503
0.512	-0.000300177	-0.000300177	-0.000300177	-0.000300177	565
0.513	-0.00146738	-0.00146738	-0.00146738	-0.00146738	558
0.514	-0.000890485	-0.000890485	-0.000890485	-0.000890485	557
0.515	0.000340255	0.000340255	0.000340255	0.000340255	549
0.516	-0.000570577	-0.000570577	-0.000570577	-0.000570577	537
0.517	-0.000832298	-0.000832298	-0.000832298	-0.000832298	483
0.518	0.000172152	0.000172152	0.000172152	0.000172152	553
0.519	0.000621166	0.000621166	0.000621166	0.000621166	463
0.52	0.000655577	0.000655577	0.000655577	0.000655577	529
0.521	0.00035485	0.00035485	0.00035485	0.00035485	567
0.522	-0.00105136	-0.00105136	-0.00105136	-0.00105136	514
0.523	-0.0011789	-0.0011789	-0.0011789	-0.0011789	455
0.524	-0.000344238	-0.000344238	-0.000344238	-0.000344238	538
0.525	-0.000935458	-0.000935458	-0.000935458	-0.000935458	502
0.526	-0.000185441	-0.000185441	-0.000185441	-0.000185441	522
0.527	-0.000869261	-0.000869261	-0.000869261	-0.000869261	514
0.528	-0.000377331	-0.000377331	-0.000377331	-0.000377331	547
0.529	-0.000270943	-0.000270943	-0.000270943	-0.000270943	530
0.53	0.000444082	0.000444082	0.000444082	0.000444082	490
0.531	-2.88577e-05	-2.88577e-05	-2.88577e-05	-2.88577e-05	499
0.532	0.000983333	0.000983333	0.000983333	0.000983333	480
0.533	-0.000201587	-0.000201587	-0.000201587	-0.000201587	504
0.534	-0.00026194	-0.00026194	-0.00026194	-0.00026194	536
0.535	-0.000384962	-0.000384962	-0.000384962	-0.000384962	532
0.536	-0.000635917	-0.000635917	-0.000635917	-0.000635917	529
0.537	-0.00051581	-0.00051581	-0.00051581	-0.00051581	525
0.538	0.000152741	0.000152741	0.000152741	0.000152741	529
0.539	2.67857e-05	2.67857e-05	2.67857e-05	2.67857e-05	448
0.54	0.000401556	0.000401556	0.000401556	0.000401556	514
0.541	0.00166194	0.00166194	0.00166194	0.00166194	465
0.542	0.00156379	0.00156379	0.00156379	0.00156379	475
0.543	0.000816379	0.000816379	0.000816379	0.000816379	464
0.544	0.000173991	0.000173991	0.000173991	0.000173991	446
0.545	9.53586e-05	9.53586e-05	9.53586e-05	9.53586e-05	474
0.546	-0.00136084	-0.00136084	-0.00136084	-0.00136084	475
0.547	-0.000388817	-0.000388817	-0.000388817	-0.000388817	465
0.548	-0.000936774	-0.000936774	-0.000936774	-0.000936774	465
0.549	3.94251e-05	3.94251e-05	3.94251e-05	3.94251e-05	487
0.55	0.000537526	0.000537526	0.000537526	0.000537526	477
0.551	0.000195437	0.000195437	0.000195437	0.000195437	526
0.552	0.000359619	0.000359619	0.000359619	0.000359619	525
0.553	0.000973085	0.000973085	0.000973085	0.000973085	483
0.554	-2.28571e-06	-2.28571e-06	-2.28571e-06	-2.28571e-06	525
0.555	0.000193846	0.000193846	0.000193846	0.000193846	520
0.556	0.000929032	0.000929032	0.000929032	0.000929032	496
0.557	-0.000335593	-0.000335593	-0.000335593	-0.000335593	472
0.558	-8.9613e-05	-8.9613e-05	-8.9613e-05	-8.9613e-05	491
0.559	-0.000702899	-0.000702899	-0.000702899	-0.000702899	552
0.56	0.000875502	0.000875502	0.000875502	0.000875502	498
0.561	0.00106836	0.00106836	0.00106836	0.00106836	550
0.562	0.000677821	0.000677821	0.000677821	0.000677821	514
0.563	0.00143399	0.00143399	0.00143399	0.00143399	506
0.564	0.000242661	0.000242661	0.000242661	0.000242661	511
0.565	-0.000440079	-0.000440079	-0.000440079	-0.000440079	509
0.566	-0.000178277	-0.000178277	-0.000178277	-0.000178277	534
0.567	-0.000390698	-0.000390698	-0.000390698	-0.000390698	516
0.568	-0.000609311	-0.000609311	-0.000609311	-0.000609311	537
0.569	-0.000324528	-0.000324528	-0.000324528	-0.000324528	530
0.57	0.000419085	0.000419085	0.000419085	0.000419085	503
0.571	0.000962906	0.000962906	0.000962906	0.000962906	523
0.572	0.000409143	0.000409143	0.000409143	0.000409143	525
0.573	0.000185606	0.000185606	0.000185606	0.000185606	528
0.574	-0.000802847	-0.000802847	-0.000802847	-0.000802847	562
0.575	0.000457582	0.000457582	0.000457582	0.000457582	521
0.576	-0.000418391	-0.000418391	-0.000418391	-0.000418391	522
0.577	0.000293773	0.000293773	0.000293773	0.000293773	546
0.578	0.000478519	0.000478519	0.000478519	0.000478519	540
0.579	-7.15564e-05	-7.15564e-05	-7.15564e-05	-7.15564e-05	559
0.58	-0.000492308	-0.000492308	-0.000492308	-0.000492308	494
0.581	-0.000365913	-0.000365913	-0.000365913	-0.000365913	575
0.582	-0.000339394	-0.000339394	-0.000339394	-0.000339394	528
0.583	2.97952e-06	2.97952e-06	2.97952e-06	2.97952e-06	537
0.584	-0.00102437	-0.00102437	-0.00102437	-0.00102437	476
0.585	0.00126444	0.00126444	0.00126444	0.00126444	540
0.586	-0.00146087	-0.00146087	-0.00146087	-0.00146087	506
0.587	-0.000875714	-0.000875714	-0.000875714	-0.000875714	560
0.588	-0.000703578	-0.000703578	-0.000703578	-0.000703578	531
0.589	-0.00108482	-0.00108482	-0.00108482	-0.00108482	514
0.59	0.000101786	0.000101786	0.000101786	0.000101786	448
0.591	-7.21311e-05	-7.21311e-05	-7.21311e-05	-7.21311e-05	488
0.592	0.000325599	0.000325599	0.000325599	0.000325599	543
0.593	-0.00111389	-0.00111389	-0.00111389	-0.00111389	511
0.594	-0.000825483	-0.000825483	-0.000825483	-0.000825483	518
0.595	-3.24752e-05	-3.24752e-05	-3.24752e-05	-3.24752e-05	505
0.596	-0.00102036	-0.00102036	-0.00102036	-0.00102036	550
0.597	-0.000472802	-0.000472802	-0.000472802	-0.000472802	489
0.598	-0.000215598	-0.000215598	-0.000215598	-0.000215598	577
0.599	-0.000968821	-0.000968821	-0.000968821	-0.000968821	526
0.6	-0.00114979	-0.00114979	-0.00114979	-0.00114979	470
0.601	-0.000527481	-0.000527481	-0.000527481	-0.000527481	524
0.602	-0.00156283	-0.00156283	-0.00156283	-0.00156283	538
0.603	-0.000672545	-0.000672545	-0.000672545	-0.000672545	499
0.604	-0.00127472	-0.00127472	-0.00127472	-0.00127472	530
0.605	-0.000182213	-0.000182213	-0.000182213	-0.000182213	461
0.606	0.000617787	0.000617787	0.000617787	0.000617787	461
0.607	-0.000180698	-0.000180698	-0.000180698	-0.000180698	487
0.608	-0.00084489	-0.00084489	-0.00084489	-0.00084489	499
0.609	-0.000813412	-0.000813412	-0.000813412	-0.000813412	507
0.61	-0.0008	-0.0008	-0.0008	-0.0008	505
0.611	-0.000105833	-0.000105833	-0.000105833	-0.000105833	480
0.612	-0.000731141	-0.000731141	-0.000731141	-0.000731141	517
0.613	0.000712974	0.000712974	0.000712974	0.000712974	501
0.614	0.000593701	0.000593701	0.000593701	0.000593701	508
0.615	-0.000471735	-0.000471735	-0.000471735	-0.000471735	513
0.616	-0.00177442	-0.00177442	-0.00177442	-0.00177442	516
0.617	-0.00119667	-0.00119667	-0.00119667	-0.00119667	481
0.618	-0.00161771	-0.00161771	-0.00161771	-0.00161771	497
0.619	-0.000975732	-0.000975732	-0.000975732	-0.000975732	478
0.62	-0.000764516	-0.000764516	-0.000764516	-0.000764516	496
0.621	-0.000656093	-0.000656093	-0.000656093	-0.000656093	517
0.622	-0.00175	-0.00175	-0.00175	-0.00175	520
0.623	-0.00135581	-0.00135581	-0.00135581	-0.00135581	534
0.624	-0.00142901	-0.00142901	-0.00142901	-0.00142901	517
0.625	-0.000892969	-0.000892969	-0.000892969	-0.000892969	512
0.626	-0.00115748	-0.00115748	-0.00115748	-0.00115748	508
0.627	-0.000391193	-0.000391193	-0.000391193	-0.000391193	545
0.628	-0.000814815	-0.000814815	-0.000814815	-0.000814815	567
0.629	-0.000801954	-0.000801954	-0.000801954	-0.000801954	614
0.63	-0.000766434	-0.000766434	-0.000766434	-0.000766434	572
0.631	-0.000821091	-0.000821091	-0.000821091	-0.000821091	550
0.632	-0.00102778	-0.00102778	-0.00102778	-0.00102778	504
0.633	-6.64122e-05	-6.64122e-05	-6.64122e-05	-6.64122e-05	524
0.634	-0.000606154	-0.000606154	-0.000606154	-0.000606154	520
0.635	0.00017795	0.00017795	0.00017795	0.00017795	517
0.636	-0.000328545	-0.000328545	-0.000328545	-0.000328545	543
0.637	0.00154041	0.00154041	0.00154041	0.00154041	537
0.638	5.33333e-06	5.33333e-06	5.33333e-06	5.33333e-06	525
0.639	-0.000421514	-0.000421514	-0.000421514	-0.000421514	502
0.64	-0.000522008	-0.000522008	-0.000522008	-0.000522008	518
0.641	-0.00103185	-0.00103185	-0.00103185	-0.00103185	540
0.642	-0.000802218	-0.000802218	-0.000802218	-0.000802218	541
0.643	-0.00030289	-0.00030289	-0.00030289	-0.00030289	519
0.644	-0.00045	-0.00045	-0.00045	-0.00045	504
0.645	-0.000148117	-0.000148117	-0.000148117	-0.000148117	478
0.646	-0.000493204	-0.000493204	-0.000493204	-0.000493204	515
0.647	0.000308841	0.000308841	0.000308841	0.000308841	509
0.648	-0.000839506	-0.000839506	-0.000839506	-0.000839506	567
0.649	0.000447706	0.000447706	0.000447706	0.000447706	545
0.65	0.000674733	0.000674733	0.000674733	0.000674733	562
0.651	0.000898578	0.000898578	0.000898578	0.000898578	633
0.652	-0.000885974	-0.000885974	-0.000885974	-0.000885974	549
0.653	0.000134501	0.000134501	0.000134501	0.000134501	571
0.654	-6.32411e-05	-6.32411e-05	-6.32411e-05	-6.32411e-05	506
0.655	-0.00054403	-0.00054403	-0.00054403	-0.00054403	536
0.656	-0.000933826	-0.000933826	-0.000933826	-0.000933826	541
0.657	-0.000155133	-0.000155133	-0.000155133	-0.000155133	526
0.658	0.000570037	0.000570037	0.000570037	0.000570037	534
0.659	-0.000834026	-0.000834026	-0.000834026	-0.000834026	529
0.66	0.000104545	0.000104545	0.000104545	0.000104545	528
0.661	0.000162852	0.000162852	0.000162852	0.000162852	533
0.662	0.00043506	0.00043506	0.00043506	0.00043506	502
0.663	0.00022	0.00022	0.00022	0.00022	520
0.664	0.00038215	0.00038215	0.00038215	0.00038215	493
0.665	0.00062994	0.00062994	0.00062994	0.00062994	501
0.666	-0.000385216	-0.000385216	-0.000385216	-0.000385216	487
0.667	-0.000594083	-0.000594083	-0.000594083	-0.000594083	507
0.668	-0.00092623	-0.00092623	-0.00092623	-0.00092623	488
0.669	-0.000339606	-0.000339606	-0.000339606	-0.000339606	457
0.67	-0.000225296	-0.000225296	-0.000225296	-0.000225296	506
0.671	0.000508527	0.000508527	0.000508527	0.000508527	516
0.672	-0.000303578	-0.000303578	-0.000303578	-0.000303578	531
0.673	-0.0006832	-0.0006832	-0.0006832	-0.0006832	500
0.674	-8.56611e-05	-8.56611e-05	-8.56611e-05	-8.56611e-05	537
0.675	-5.29183e-05	-5.29183e-05	-5.29183e-05	-5.29183e-05	514
0.676	7.01754e-06	7.01754e-06	7.01754e-06	7.01754e-06	513
0.677	-0.000662097	-0.000662097	-0.000662097	-0.000662097	496
0.678	-0.00137981	-0.00137981	-0.00137981	-0.00137981	525
0.679	0.000169672	0.000169672	0.000169672	0.000169672	488
0.68	-0.000651515	-0.000651515	-0.000651515	-0.000651515	528
0.681	-0.00174959	-0.00174959	-0.00174959	-0.00174959	484
0.682	-0.00109035	-0.00109035	-0.00109035	-0.00109035	456
0.683	-0.000589513	-0.000589513	-0.000589513	-0.000589513	534
0.684	2.17119e-05	2.17119e-05	2.17119e-05	2.17119e-05	479
0.685	-0.0020056	-0.0020056	-0.0020056	-0.0020056	500
0.686	0.00144677	0.00144677	0.00144677	0.00144677	496
0.687	-0.000592825	-0.000592825	-0.000592825	-0.000592825	446
0.688	-0.000369796	-0.000369796	-0.000369796	-0.000369796	490
0.689	0.000610084	0.000610084	0.000610084	0.000610084	476
0.69	-0.000827888	-0.000827888	-0.000827888	-0.000827888	502
0.691	-0.000625	-0.000625	-0.000625	-0.000625	464
0.692	0.00144107	0.00144107	0.00144107	0.00144107	448
0.693	0.00103274	0.00103274	0.00103274	0.00103274	507
0.694	6.26016e-05	6.26016e-05	6.26016e-05	6.26016e-05	492
0.695	0.000506564	0.000506564	0.000506564	0.000506564	518
0.696	0.000255118	0.000255118	0.000255118	0.000255118	508
0.697	7.18929e-05	7.18929e-05	7.18929e-05	7.18929e-05	523
0.698	-0.000621856	-0.000621856	-0.000621856	-0.000621856	485
0.699	-0.000550308	-0.000550308	-0.000550308	-0.000550308	487
0.7	4e-05	4e-05	4e-05	4e-05	490
0.701	0.000210317	0.000210317	0.000210317	0.000210317	504
0.702	-0.000841588	-0.000841588	-0.000841588	-0.000841588	529
0.703	-0.000685499	-0.000685499	-0.000685499	-0.000685499	531
0.704	-0.000910588	-0.000910588	-0.000910588	-0.000910588	510
0.705	-0.00125081	-0.00125081	-0.00125081	-0.00125081	559
0.706	-0.00060458	-0.00060458	-0.00060458	-0.00060458	524
0.707	-0.00117516	-0.00117516	-0.00117516	-0.00117516	483
0.708	-0.000513834	-0.000513834	-0.000513834	-0.000513834	506
0.709	-0.000289286	-0.000289286	-0.000289286	-0.000289286	448
0.71	-0.000438843	-0.000438843	-0.000438843	-0.000438843	484
0.711	-0.000421538	-0.000421538	-0.000421538	-0.000421538	520
0.712	-0.000809877	-0.000809877	-0.000809877	-0.000809877	486
0.713	-0.000901386	-0.000901386	-0.000901386	-0.000901386	505
0.714	0.000269548	0.000269548	0.000269548	0.000269548	509
0.715	-0.000267762	-0.000267762	-0.000267762	-0.000267762	487
0.716	-0.000492308	-0.000492308	-0.000492308	-0.000492308	494
0.717	-0.000519828	-0.000519828	-0.000519828	-0.000519828	464
0.718	-0.000804494	-0.000804494	-0.000804494	-0.000804494	534
0.719	-0.000474766	-0.000474766	-0.000474766	-0.000474766	535
0.72	-0.00048499	-0.00048499	-0.00048499	-0.00048499	513
0.721	0.000162838	0.000162838	0.000162838	0.000162838	592
0.722	0.000243411	0.000243411	0.000243411	0.000243411	516
0.723	-0.000746257	-0.000746257	-0.000746257	-0.000746257	521
0.724	-0.000266667	-0.000266667	-0.000266667	-0.000266667	513
0.725	-0.000361475	-0.000361475	-0.000361475	-0.000361475	488
0.726	-0.00092605	-0.00092605	-0.00092605	-0.00092605	476
0.727	-0.000493333	-0.000493333	-0.000493333	-0.000493333	450
0.728	-0.000774837	-0.000774837	-0.000774837	-0.000774837	461
0.729	-0.000175862	-0.000175862	-0.000175862	-0.000175862	464
0.73	-0.000688935	-0.000688935	-0.000688935	-0.000688935	479
0.731	0.000861603	0.000861603	0.000861603	0.000861603	474
0.732	-5.89569e-05	-5.89569e-05	-5.89569e-05	-5.89569e-05	441
0.733	-0.000271967	-0.000271967	-0.000271967	-0.000271967	478
0.734	7.12329e-05	7.12329e-05	7.12329e-05	7.12329e-05	511
0.735	0.0014766	0.0014766	0.0014766	0.0014766	483
0.736	0.00077381	0.00077381	0.00077381	0.00077381	504
0.737	-5.9448e-05	-5.9448e-05	-5.9448e-05	-5.9448e-05	471
0.738	-0.00102533	-0.00102533	-0.00102533	-0.00102533	458
0.739	-0.000981205	-0.000981205	-0.000981205	-0.000981205	415
0.74	0.000574468	0.000574468	0.000574468	0.000574468	470
0.741	0.000104641	0.000104641	0.000104641	0.000104641	474
0.742	-0.000571197	-0.000571197	-0.000571197	-0.000571197	493
0.743	0.000675109	0.000675109	0.000675109	0.000675109	458
0.744	-0.000492308	-0.000492308	-0.000492308	-0.000492308	481
0.745	-0.000871287	-0.000871287	-0.000871287	-0.000871287	505
0.746	-0.0004	-0.0004	-0.0004	-0.0004	460
0.747	0.0005656	0.0005656	0.0005656	0.0005656	500
0.748	0.00078326	0.00078326	0.00078326	0.00078326	454
0.749	0.00152688	0.00152688	0.00152688	0.00152688	465
0.75	0.00149241	0.00149241	0.00149241	0.00149241	461
0.751	0.000504828	0.000504828	0.000504828	0.000504828	435
0.752	-0.000964211	-0.000964211	-0.000964211	-0.000964211	475
0.753	0.000854584	0.000854584	0.000854584	0.000854584	469
0.754	-0.000583936	-0.000583936	-0.000583936	-0.000583936	498
0.755	-0.000774538	-0.000774538	-0.000774538	-0.000774538	487
0.756	-0.00102797	-0.00102797	-0.00102797	-0.00102797	479
0.757	-0.00128482	-0.00128482	-0.00128482	-0.00128482	448
0.758	-7.5e-05	-7.5e-05	-7.5e-05	-7.5e-05	464
0.759	0.000130061	0.000130061	0.000130061	0.000130061	489
0.76	0.00116743	0.00116743	0.00116743	0.00116743	479
0.761	-0.00158017	-0.00158017	-0.00158017	-0.00158017	484
0.762	0.00025272	0.00025272	0.00025272	0.00025272	478
0.763	0.000519751	0.000519751	0.000519751	0.000519751	481
0.764	0.000236404	0.000236404	0.000236404	0.000236404	445
0.765	0.000981967	0.000981967	0.000981967	0.000981967	488
0.766	0.000505447	0.000505447	0.000505447	0.000505447	459
0.767	0.000720769	0.000720769	0.000720769	0.000720769	520
0.768	0.0011499	0.0011499	0.0011499	0.0011499	487
0.769	0.00208739	0.00208739	0.00208739	0.00208739	476
0.77	0.000738645	0.000738645	0.000738645	0.000738645	502
0.771	0.000618655	0.000618655	0.000618655	0.000618655	461
0.772	0.00107431	0.00107431	0.00107431	0.00107431	471
0.773	0.000325	0.000325	0.000325	0.000325	464
0.774	0.00069187	0.00069187	0.00069187	0.00069187	492
0.775	0.00162905	0.00162905	0.00162905	0.00162905	482
0.776	0.000453704	0.000453704	0.000453704	0.000453704	432
0.777	0.000149896	0.000149896	0.000149896	0.000149896	483
0.778	0.000453215	0.000453215	0.000453215	0.000453215	451
0.779	-0.000579015	-0.000579015	-0.000579015	-0.000579015	467
0.78	-5.9292e-05	-5.9292e-05	-5.9292e-05	-5.9292e-05	452
0.781	0.000783019	0.000783019	0.000783019	0.000783019	424
0.782	0.00183105	0.00183105	0.00183105	0.00183105	438
0.783	0.000222796	0.000222796	0.000222796	0.000222796	465
0.784	0.000358537	0.000358537	0.000358537	0.000358537	492
0.785	-0.000116488	-0.000116488	-0.000116488	-0.000116488	467
0.786	0.0008	0.0008	0.0008	0.0008	466
0.787	-0.000427088	-0.000427088	-0.000427088	-0.000427088	443
0.788	0.00125981	0.00125981	0.00125981	0.00125981	515
0.789	0.000914286	0.000914286	0.000914286	0.000914286	462
0.79	0.000858296	0.000858296	0.000858296	0.000858296	446
0.791	0.000193913	0.000193913	0.000193913	0.000193913	460
0.792	0.000144289	0.000144289	0.000144289	0.000144289	499
0.793	0.000317363	0.000317363	0.000317363	0.000317363	455
0.794	0.000487846	0.000487846	0.000487846	0.000487846	469
0.795	-0.000253333	-0.000253333	-0.000253333	-0.000253333	450
0.796	-0.000239184	-0.000239184	-0.000239184	-0.000239184	490
0.797	0.00131308	0.00131308	0.00131308	0.00131308	474
0.798	0.000105133	0.000105133	0.000105133	0.000105133	487
0.799	0.0019064	0.0019064	0.0019064	0.0019064	500
0.8	0.00216681	0.00216681	0.00216681	0.00216681	470
0.801	5.63492e-05	5.63492e-05	5.63492e-05	5.63492e-05	504
0.802	0.000348786	0.000348786	0.000348786	0.000348786	453
0.803	0.00115974	0.00115974	0.00115974	0.00115974	457
0.804	0.00088121	0.00088121	0.00088121	0.00088121	463
0.805	0.00262175	0.00262175	0.00262175	0.00262175	469
0.806	0.000997831	0.000997831	0.000997831	0.000997831	461
0.807	0.000526749	0.000526749	0.000526749	0.000526749	486
0.808	0.000638596	0.000638596	0.000638596	0.000638596	456
0.809	0.000897105	0.000897105	0.000897105	0.000897105	449
0.81	-0.000312473	-0.000312473	-0.000312473	-0.000312473	457
0.811	-0.00033576	-0.00033576	-0.00033576	-0.00033576	467
0.812	0.000261258	0.000261258	0.000261258	0.000261258	493
0.813	3.3121e-05	3.3121e-05	3.3121e-05	3.3121e-05	471
0.814	-0.000251402	-0.000251402	-0.000251402	-0.000251402	428
0.815	-0.000767171	-0.000767171	-0.000767171	-0.000767171	463
0.816	-0.000465254	-0.000465254	-0.000465254	-0.000465254	472
0.817	-0.000502879	-0.000502879	-0.000502879	-0.000502879	521
0.818	0.000717597	0.000717597	0.000717597	0.000717597	466
0.819	0.000917598	0.000917598	0.000917598	0.000917598	483
0.82	0.000943478	0.000943478	0.000943478	0.000943478	460
0.821	0.000236111	0.000236111	0.000236111	0.000236111	432
0.822	0.0012	0.0012	0.0012	0.0012	412
0.823	-0.00041913	-0.00041913	-0.00041913	-0.00041913	460
0.824	0.000688889	0.000688889	0.000688889	0.000688889	432
0.825	-0.000479625	-0.000479625	-0.000479625	-0.000479625	427
0.826	0.000298938	0.000298938	0.000298938	0.000298938	471
0.827	-0.00102613	-0.00102613	-0.00102613	-0.00102613	444
0.828	2.38921e-05	2.38921e-05	2.38921e-05	2.38921e-05	519
0.829	0.000412308	0.000412308	0.000412308	0.000412308	520
0.83	0.000208889	0.000208889	0.000208889	0.000208889	450
0.831	0.000469959	0.000469959	0.000469959	0.000469959	486
0.832	0.000877339	0.000877339	0.000877339	0.000877339	481
0.833	0.000530416	0.000530416	0.000530416	0.000530416	457
0.834	0.000674542	0.000674542	0.000674542	0.000674542	491
0.835	0.000510021	0.000510021	0.000510021	0.000510021	469
0.836	0.000124348	0.000124348	0.000124348	0.000124348	460
0.837	-0.00154694	-0.00154694	-0.00154694	-0.00154694	490
0.838	-0.00153106	-0.00153106	-0.00153106	-0.00153106	499
0.839	-0.00117853	-0.00117853	-0.00117853	-0.00117853	503
0.84	-0.000339655	-0.000339655	-0.000339655	-0.000339655	464
0.841	0.000228023	0.000228023	0.000228023	0.000228023	521
0.842	-0.000790144	-0.000790144	-0.000790144	-0.000790144	487
0.843	0.00016963	0.00016963	0.00016963	0.00016963	540
0.844	-0.000816136	-0.000816136	-0.000816136	-0.000816136	471
0.845	-3.12381e-05	-3.12381e-05	-3.12381e-05	-3.12381e-05	525
0.846	0.000355882	0.000355882	0.000355882	0.000355882	544
0.847	-0.000837951	-0.000837951	-0.000837951	-0.000837951	527
0.848	0.000574749	0.000574749	0.000574749	0.000574749	499
0.849	0.000216541	0.000216541	0.000216541	0.000216541	532
0.85	-3.74745e-05	-3.74745e-05	-3.74745e-05	-3.74745e-05	491
0.851	-4.92091e-05	-4.92091e-05	-4.92091e-05	-4.92091e-05	569
0.852	0.000212066	0.000212066	0.000212066	0.000212066	547
0.853	-0.000194444	-0.000194444	-0.000194444	-0.000194444	504
0.854	-0.000258462	-0.000258462	-0.000258462	-0.000258462	520
0.855	-0.00136779	-0.00136779	-0.00136779	-0.00136779	503
0.856	-0.000269767	-0.000269767	-0.000269767	-0.000269767	516
0.857	0.000527088	0.000527088	0.000527088	0.000527088	491
0.858	-6.34328e-05	-6.34328e-05	-6.34328e-05	-6.34328e-05	536
0.859	-0.000231489	-0.000231489	-0.000231489	-0.000231489	470
0.86	-0.000357053	-0.000357053	-0.000357053	-0.000357053	475
0.861	0.000648692	0.000648692	0.000648692	0.000648692	497
0.862	0.000620492	0.000620492	0.000620492	0.000620492	488
0.863	-0.000210667	-0.000210667	-0.000210667	-0.000210667	450
0.864	0.000783656	0.000783656	0.000783656	0.000783656	465
0.865	0.00140122	0.00140122	0.00140122	0.00140122	493
0.866	0.00130393	0.00130393	0.00130393	0.00130393	458
0.867	0.00015033	0.00015033	0.00015033	0.00015033	455
0.868	0.000861233	0.000861233	0.000861233	0.000861233	503
0.869	0.00073507	0.00073507	0.00073507	0.00073507	499
0.87	0.000715226	0.000715226	0.000715226	0.000715226	486
0.871	-0.00126526	-0.00126526	-0.00126526	-0.00126526	521
0.872	0.000717241	0.000717241	0.000717241	0.000717241	464
0.873	0.00125937	0.00125937	0.00125937	0.00125937	512
0.874	0.000168288	0.000168288	0.000168288	0.000168288	473
0.875	0.000401695	0.000401695	0.000401695	0.000401695	472
0.876	-0.000262357	-0.000262357	-0.000262357	-0.000262357	526
0.877	0.000902231	0.000902231	0.000902231	0.000902231	493
0.878	-0.000456566	-0.000456566	-0.000456566	-0.000456566	495
0.879	0.000655441	0.000655441	0.000655441	0.000655441	487
0.88	0.000869185	0.000869185	0.000869185	0.000869185	503
0.881	0.000348104	0.000348104	0.000348104	0.000348104	501
0.882	-0.000295335	-0.000295335	-0.000295335	-0.000295335	493
0.883	-0.000249687	-0.000249687	-0.000249687	-0.000249687	479
0.884	0.000418075	0.000418075	0.000418075	0.000418075	509
0.885	-0.00100422	-0.00100422	-0.00100422	-0.00100422	474
0.886	-0.0010259	-0.0010259	-0.0010259	-0.0010259	471
0.887	0.000131868	0.000131868	0.000131868	0.000131868	455
0.888	-0.000747392	-0.000747392	-0.000747392	-0.000747392	441
0.889	0.00117824	0.00117824	0.00117824	0.00117824	478
0.89	0.000362281	0.000362281	0.000362281	0.000362281	456
0.891	-0.000705532	-0.000705532	-0.000705532	-0.000705532	470
0.892	5.53459e-05	5.53459e-05	5.53459e-05	5.53459e-05	477
0.893	0.000199149	0.000199149	0.000199149	0.000199149	470
0.894	-0.000380469	-0.000380469	-0.000380469	-0.000380469	512
0.895	0.00177684	0.00177684	0.00177684	0.00177684	475
0.896	0.00179459	0.00179459	0.00179459	0.00179459	518
0.897	0.00071185	0.00071185	0.00071185	0.00071185	481
0.898	0.000107042	0.000107042	0.000107042	0.000107042	497
0.899	0.00183889	0.00183889	0.00183889	0.00183889	432
0.9	0.00104865	0.00104865	0.00104865	0.00104865	481
0.901	0.000954839	0.000954839	0.000954839	0.000954839	527
0.902	-0.000552542	-0.000552542	-0.000552542	-0.000552542	472
0.903	0.00011291	0.00011291	0.00011291	0.00011291	457
0.904	-0.000169979	-0.000169979	-0.000169979	-0.000169979	473
0.905	-0.000419632	-0.000419632	-0.000419632	-0.000419632	489
0.906	0.000570355	0.000570355	0.000570355	0.000570355	479
0.907	0.00172016	0.00172016	0.00172016	0.00172016	516
0.908	0.000431939	0.000431939	0.000431939	0.000431939	526
0.909	0.00115447	0.00115447	0.00115447	0.00115447	492
0.91	0.00199028	0.00199028	0.00199028	0.00199028	494
0.911	0.0001897	0.0001897	0.0001897	0.0001897	466
0.912	0.00155416	0.00155416	0.00155416	0.00155416	445
0.913	0.00117439	0.00117439	0.00117439	0.00117439	453
0.914	0.0013879	0.0013879	0.0013879	0.0013879	496
0.915	0.00160326	0.00160326	0.00160326	0.00160326	491
0.916	0.000293893	0.000293893	0.000293893	0.000293893	524
0.917	0.00107731	0.00107731	0.00107731	0.00107731	476
0.918	0.00163679	0.00163679	0.00163679	0.00163679	511
0.919	0.00146772	0.00146772	0.00146772	0.00146772	505
0.92	0.00123287	0.00123287	0.00123287	0.00123287	499
0.921	0.00113136	0.00113136	0.00113136	0.00113136	507
0.922	0.000246085	0.000246085	0.000246085	0.000246085	447
0.923	0.000393456	0.000393456	0.000393456	0.000393456	489
0.924	0.000445203	0.000445203	0.000445203	0.000445203	469
0.925	0.000540928	0.000540928	0.000540928	0.000540928	474
0.926	0.000405031	0.000405031	0.000405031	0.000405031	477
0.927	0.000304132	0.000304132	0.000304132	0.000304132	484
0.928	-9.3617e-06	-9.3617e-06	-9.3617e-06	-9.3617e-06	470
0.929	0.000342128	0.000342128	0.000342128	0.000342128	470
0.93	0.00111416	0.00111416	0.00111416	0.00111416	466
0.931	0.000452652	0.000452652	0.000452652	0.000452652	509
0.932	5.82441e-05	5.82441e-05	5.82441e-05	5.82441e-05	467
0.933	0.00149642	0.00149642	0.00149642	0.00149642	475
0.934	0.00130625	0.00130625	0.00130625	0.00130625	448
0.935	0.00163369	0.00163369	0.00163369	0.00163369	463
0.936	0.00138225	0.00138225	0.00138225	0.00138225	507
0.937	0.0018325	0.0018325	0.0018325	0.0018325	480
0.938	0.00154722	0.00154722	0.00154722	0.00154722	485
0.939	0.000331646	0.000331646	0.000331646	0.000331646	474
0.94	0.0022051	0.0022051	0.0022051	0.0022051	431
0.941	0.000597531	0.000597531	0.000597531	0.000597531	486
0.942	0.000803245	0.000803245	0.000803245	0.000803245	493
0.943	0.000135747	0.000135747	0.000135747	0.000135747	442
0.944	0.000637668	0.000637668	0.000637668	0.000637668	446
0.945	-0.00048037	-0.00048037	-0.00048037	-0.00048037	433
0.946	0.000564758	0.000564758	0.000564758	0.000564758	454
0.947	0.00106834	0.00106834	0.00106834	0.00106834	477
0.948	0.00106531	0.00106531	0.00106531	0.00106531	493
0.949	-0.000736842	-0.000736842	-0.000736842	-0.000736842	437
0.95	0.000284096	0.000284096	0.000284096	0.000284096	459
0.951	-0.000143311	-0.000143311	-0.000143311	-0.000143311	441
0.952	5.42797e-05	5.42797e-05	5.42797e-05	5.42797e-05	479
0.953	0.000248182	0.000248182	0.000248182	0.000248182	440
0.954	0.00260821	0.00260821	0.00260821	0.00260821	463
0.955	0.00264348	0.00264348	0.00264348	0.00264348	460
0.956	0.000324512	0.000324512	0.000324512	0.000324512	461
0.957	0.00184533	0.00184533	0.00184533	0.00184533	450
0.958	0.00270736	0.00270736	0.00270736	0.00270736	462
0.959	0.00130068	0.00130068	0.00130068	0.00130068	441
0.96	0.000933045	0.000933045	0.000933045	0.000933045	463
0.961	0.0025852	0.0025852	0.0025852	0.0025852	419
0.962	0.000587471	0.000587471	0.000587471	0.000587471	431
0.963	0.00100988	0.00100988	0.00100988	0.00100988	486
0.964	0.00019684	0.00019684	0.00019684	0.00019684	443
0.965	0.000164602	0.000164602	0.000164602	0.000164602	452
0.966	0.000200816	0.000200816	0.000200816	0.000200816	490
0.967	0.00093011	0.00093011	0.00093011	0.00093011	455
0.968	0.000608772	0.000608772	0.000608772	0.000608772	456
0.969	-0.000443683	-0.000443683	-0.000443683	-0.000443683	467
0.97	-0.000105306	-0.000105306	-0.000105306	-0.000105306	490
0.971	0.000176975	0.000176975	0.000176975	0.000176975	443
0.972	-0.000477626	-0.000477626	-0.000477626	-0.000477626	438
0.973	-0.000415966	-0.000415966	-0.000415966	-0.000415966	476
0.974	-0.00156387	-0.00156387	-0.00156387	-0.00156387	476
0.975	0.000251327	0.000251327	0.000251327	0.000251327	452
0.976	-0.000969298	-0.000969298	-0.000969298	-0.000969298	456
0.977	-0.00092095	-0.00092095	-0.00092095	-0.00092095	463
0.978	-0.000573121	-0.000573121	-0.000573121	-0.000573121	439
0.979	0.000571915	0.000571915	0.000571915	0.000571915	470
0.98	-0.00074352	-0.00074352	-0.00074352	-0.00074352	517
0.981	9.15556e-05	9.15556e-05	9.15556e-05	9.15556e-05	450
0.982	9.57265e-05	9.57265e-05	9.57265e-05	9.57265e-05	468
0.983	-0.000826914	-0.000826914	-0.000826914	-0.000826914	431
0.984	-0.000288066	-0.000288066	-0.000288066	-0.000288066	486
0.985	-0.000941725	-0.000941725	-0.000941725	-0.000941725	429
0.986	-0.000282299	-0.000282299	-0.000282299	-0.000282299	435
0.987	-0.000183982	-0.000183982	-0.000183982	-0.000183982	437
0.988	-0.000465268	-0.000465268	-0.000465268	-0.000465268	429
0.989	0.00217588	0.00217588	0.00217588	0.00217588	398
0.99	0.00204938	0.00204938	0.00204938	0.00204938	405
0.991	0.000323951	0.000323951	0.000323951	0.000323951	405
0.992	5.11931e-05	5.11931e-05	5.11931e-05	5.11931e-05	461
0.993	0.00132605	0.00132605	0.00132605	0.00132605	476
0.994	0.00080515	0.00080515	0.00080515	0.00080515	466
0.995	0.000869053	0.000869053	0.000869053	0.000869053	475
0.996	-0.000281746	-0.000281746	-0.000281746	-0.000281746	504
0.997	0.00128205	0.00128205	0.00128205	0.00128205	507
0.998	-5.94912e-05	-5.94912e-05	-5.94912e-05	-5.94912e-05	511
0.999	0.00115343	0.00115343	0.00115343	0.00115343	481
1	0.00118303	0.00118303	0.00118303	0.00118303	495
