0.001	0.0846743	0.0846743	0.0846743	0.0846743	1286
0.002	0.0781507	0.0781507	0.0781507	0.0781507	889
0.003	0.0735758	0.0735758	0.0735758	0.0735758	611
0.004	0.0658801	0.0658801	0.0658801	0.0658801	574
0.005	0.0586143	0.0586143	0.0586143	0.0586143	446
0.006	0.0536265	0.0536265	0.0536265	0.0536265	347
0.007	0.0552966	0.0552966	0.0552966	0.0552966	323
0.008	0.0537087	0.0537087	0.0537087	0.0537087	298
0.009	0.0521972	0.0521972	0.0521972	0.0521972	290
0.01	0.0466132	0.0466132	0.0466132	0.0466132	227
0.011	0.0387065	0.0387065	0.0387065	0.0387065	248
0.012	0.0352232	0.0352232	0.0352232	0.0352232	224
0.013	0.0231835	0.0231835	0.0231835	0.0231835	218
0.014	0.0294978	0.0294978	0.0294978	0.0294978	180
0.015	0.0207504	0.0207504	0.0207504	0.0207504	129
0.016	0.020348	0.020348	0.020348	0.020348	200
0.017	0.0130815	0.0130815	0.0130815	0.0130815	189
0.018	0.0152874	0.0152874	0.0152874	0.0152874	183
0.019	0.0142071	0.0142071	0.0142071	0.0142071	170
0.02	0.0136535	0.0136535	0.0136535	0.0136535	172
0.021	0.00585306	0.00585306	0.00585306	0.00585306	147
0.022	0.0101698	0.0101698	0.0101698	0.0101698	179
0.023	0.012522	0.012522	0.012522	0.012522	164
0.024	0.0111064	0.0111064	0.0111064	0.0111064	141
0.025	0.00546441	0.00546441	0.00546441	0.00546441	177
0.026	0.00757015	0.00757015	0.00757015	0.00757015	134
0.027	0.00356645	0.00356645	0.00356645	0.00356645	155
0.028	0.00470504	0.00470504	0.00470504	0.00470504	139
0.029	0.00280288	0.00280288	0.00280288	0.00280288	139
0.03	0.0106156	0.0106156	0.0106156	0.0106156	128
0.031	0.00632977	0.00632977	0.00632977	0.00632977	131
0.032	0.00339542	0.00339542	0.00339542	0.00339542	131
0.033	0.00194493	0.00194493	0.00194493	0.00194493	138
0.034	0.0015194	0.0015194	0.0015194	0.0015194	134
0.035	0.0030209	0.0030209	0.0030209	0.0030209	134
0.036	0.00944874	0.00944874	0.00944874	0.00944874	119
0.037	0.00639084	0.00639084	0.00639084	0.00639084	131
0.038	0.00252847	0.00252847	0.00252847	0.00252847	137
0.039	0.00216286	0.00216286	0.00216286	0.00216286	140
0.04	0.000954601	0.000954601	0.000954601	0.000954601	163
0.041	0.002864	0.002864	0.002864	0.002864	150
0.042	0.003048	0.003048	0.003048	0.003048	150
0.043	0.00505397	0.00505397	0.00505397	0.00505397	126
0.044	0.00339344	0.00339344	0.00339344	0.00339344	122
0.045	0.00382373	0.00382373	0.00382373	0.00382373	118
0.046	0.0032	0.0032	0.0032	0.0032	104
0.047	0.00664444	0.00664444	0.00664444	0.00664444	108
0.048	0.00434286	0.00434286	0.00434286	0.00434286	126
0.049	0.00114545	0.00114545	0.00114545	0.00114545	132
0.05	0.00352459	0.00352459	0.00352459	0.00352459	122
0.051	0.00598333	0.00598333	0.00598333	0.00598333	144
0.052	0.00369429	0.00369429	0.00369429	0.00369429	140
0.053	0.0043302	0.0043302	0.0043302	0.0043302	149
0.054	0.00282192	0.00282192	0.00282192	0.00282192	146
0.055	0.00173451	0.00173451	0.00173451	0.00173451	113
0.056	0.00333543	0.00333543	0.00333543	0.00333543	127
0.057	0.00304615	0.00304615	0.00304615	0.00304615	104
0.058	0.0015871	0.0015871	0.0015871	0.0015871	124
0.059	0.00387107	0.00387107	0.00387107	0.00387107	121
0.06	0.00452886	0.00452886	0.00452886	0.00452886	149
0.061	0.000192701	0.000192701	0.000192701	0.000192701	137
0.062	0.000934454	0.000934454	0.000934454	0.000934454	119
0.063	0.00253793	0.00253793	0.00253793	0.00253793	116
0.064	-0.00119118	-0.00119118	-0.00119118	-0.00119118	136
0.065	0.000545098	0.000545098	0.000545098	0.000545098	102
0.066	-0.000550877	-0.000550877	-0.000550877	-0.000550877	114
0.067	0.00218915	0.00218915	0.00218915	0.00218915	129
0.068	0.00157913	0.00157913	0.00157913	0.00157913	115
0.069	0.00145938	0.00145938	0.00145938	0.00145938	128
0.07	0.00129929	0.00129929	0.00129929	0.00129929	141
0.071	-0.000633333	-0.000633333	-0.000633333	-0.000633333	120
0.072	0.000511475	0.000511475	0.000511475	0.000511475	122
0.073	-0.000952727	-0.000952727	-0.000952727	-0.000952727	110
0.074	0.000447222	0.000447222	0.000447222	0.000447222	144
0.075	0.00103934	0.00103934	0.00103934	0.00103934	122
0.076	0.00239459	0.00239459	0.00239459	0.00239459	148
0.077	0.00227952	0.00227952	0.00227952	0.00227952	166
0.078	0.00207591	0.00207591	0.00207591	0.00207591	137
0.079	0.00144615	0.00144615	0.00144615	0.00144615	130
0.08	0.000393893	0.000393893	0.000393893	0.000393893	131
0.081	0.00328529	0.00328529	0.00328529	0.00328529	136
0.082	0.00354214	0.00354214	0.00354214	0.00354214	159
0.083	0.0028	0.0028	0.0028	0.0028	153
0.084	0.00475616	0.00475616	0.00475616	0.00475616	146
0.085	0.00468065	0.00468065	0.00468065	0.00468065	124
0.086	0.00546216	0.00546216	0.00546216	0.00546216	148
0.087	0.00357419	0.00357419	0.00357419	0.00357419	124
0.088	-0.000280556	-0.000280556	-0.000280556	-0.000280556	144
0.089	0.0022963	0.0022963	0.0022963	0.0022963	135
0.09	0.00080916	0.00080916	0.00080916	0.00080916	131
0.091	0.00370769	0.00370769	0.00370769	0.00370769	130
0.092	0.00133835	0.00133835	0.00133835	0.00133835	133
0.093	-0.0008928	-0.0008928	-0.0008928	-0.0008928	125
0.094	0.00135639	0.00135639	0.00135639	0.00135639	133
0.095	0.00234094	0.00234094	0.00234094	0.00234094	149
0.096	0.000405714	0.000405714	0.000405714	0.000405714	140
0.097	0.00183673	0.00183673	0.00183673	0.00183673	147
0.098	0.00456364	0.00456364	0.00456364	0.00456364	132
0.099	0.00265827	0.00265827	0.00265827	0.00265827	127
0.1	0.00135882	0.00135882	0.00135882	0.00135882	136
0.101	-0.000595804	-0.000595804	-0.000595804	-0.000595804	143
0.102	0.00192756	0.00192756	0.00192756	0.00192756	127
0.103	-0.000497902	-0.000497902	-0.000497902	-0.000497902	143
0.104	-0.000540541	-0.000540541	-0.000540541	-0.000540541	111
0.105	0.000186861	0.000186861	0.000186861	0.000186861	137
0.106	-0.000972973	-0.000972973	-0.000972973	-0.000972973	111
0.107	0.00135304	0.00135304	0.00135304	0.00135304	115
0.108	0.000232353	0.000232353	0.000232353	0.000232353	136
0.109	-0.000415038	-0.000415038	-0.000415038	-0.000415038	133
0.11	0.00330935	0.00330935	0.00330935	0.00330935	139
0.111	0.00134857	0.00134857	0.00134857	0.00134857	140
0.112	-0.000237594	-0.000237594	-0.000237594	-0.000237594	133
0.113	0.00221818	0.00221818	0.00221818	0.00221818	143
0.114	0.00377815	0.00377815	0.00377815	0.00377815	119
0.115	0.00377576	0.00377576	0.00377576	0.00377576	132
0.116	0.00189851	0.00189851	0.00189851	0.00189851	134
0.117	0.00149524	0.00149524	0.00149524	0.00149524	126
0.118	0.000729231	0.000729231	0.000729231	0.000729231	130
0.119	0.00121667	0.00121667	0.00121667	0.00121667	144
0.12	0.00293008	0.00293008	0.00293008	0.00293008	123
0.121	0.00163664	0.00163664	0.00163664	0.00163664	131
0.122	0.000674627	0.000674627	0.000674627	0.000674627	134
0.123	0.00279365	0.00279365	0.00279365	0.00279365	126
0.124	0.00210526	0.00210526	0.00210526	0.00210526	133
0.125	5e-05	5e-05	5e-05	5e-05	136
0.126	-0.00193821	-0.00193821	-0.00193821	-0.00193821	123
0.127	0.000738931	0.000738931	0.000738931	0.000738931	131
0.128	0.00446774	0.00446774	0.00446774	0.00446774	124
0.129	0.000670588	0.000670588	0.000670588	0.000670588	102
0.13	-0.00226142	-0.00226142	-0.00226142	-0.00226142	127
0.131	-7.85047e-05	-7.85047e-05	-7.85047e-05	-7.85047e-05	107
0.132	0.000647761	0.000647761	0.000647761	0.000647761	134
0.133	0.000964706	0.000964706	0.000964706	0.000964706	136
0.134	-0.000470922	-0.000470922	-0.000470922	-0.000470922	141
0.135	0.00105344	0.00105344	0.00105344	0.00105344	131
0.136	-0.000247059	-0.000247059	-0.000247059	-0.000247059	136
0.137	0.00348444	0.00348444	0.00348444	0.00348444	135
0.138	-0.00135254	-0.00135254	-0.00135254	-0.00135254	118
0.139	-0.00185417	-0.00185417	-0.00185417	-0.00185417	96
0.14	0.000866187	0.000866187	0.000866187	0.000866187	139
0.141	-0.000402857	-0.000402857	-0.000402857	-0.000402857	140
0.142	0.00344361	0.00344361	0.00344361	0.00344361	133
0.143	0.00352	0.00352	0.00352	0.00352	135
0.144	0.00199512	0.00199512	0.00199512	0.00199512	164
0.145	-0.00254595	-0.00254595	-0.00254595	-0.00254595	148
0.146	-0.0026944	-0.0026944	-0.0026944	-0.0026944	125
0.147	-0.00217255	-0.00217255	-0.00217255	-0.00217255	153
0.148	0.00212941	0.00212941	0.00212941	0.00212941	136
0.149	0.000779412	0.000779412	0.000779412	0.000779412	136
0.15	0.000943333	0.000943333	0.000943333	0.000943333	120
0.151	0.00070229	0.00070229	0.00070229	0.00070229	131
0.152	1.98347e-05	1.98347e-05	1.98347e-05	1.98347e-05	121
0.153	0.00113968	0.00113968	0.00113968	0.00113968	126
0.154	0.00306019	0.00306019	0.00306019	0.00306019	103
0.155	0.000736691	0.000736691	0.000736691	0.000736691	139
0.156	0.00227302	0.00227302	0.00227302	0.00227302	126
0.157	-1.26984e-05	-1.26984e-05	-1.26984e-05	-1.26984e-05	126
0.158	0.000436364	0.000436364	0.000436364	0.000436364	99
0.159	-0.000180822	-0.000180822	-0.000180822	-0.000180822	146
0.16	0.000201739	0.000201739	0.000201739	0.000201739	115
0.161	0.00144962	0.00144962	0.00144962	0.00144962	133
0.162	0.00411881	0.00411881	0.00411881	0.00411881	101
0.163	0.00237273	0.00237273	0.00237273	0.00237273	88
0.164	0.00316044	0.00316044	0.00316044	0.00316044	91
0.165	0.00241429	0.00241429	0.00241429	0.00241429	112
0.166	-0.00249917	-0.00249917	-0.00249917	-0.00249917	121
0.167	-0.000259542	-0.000259542	-0.000259542	-0.000259542	131
0.168	0.000670769	0.000670769	0.000670769	0.000670769	130
0.169	0.000421978	0.000421978	0.000421978	0.000421978	91
0.17	0.00135806	0.00135806	0.00135806	0.00135806	124
0.171	-0.00241008	-0.00241008	-0.00241008	-0.00241008	119
0.172	0.000218182	0.000218182	0.000218182	0.000218182	121
0.173	0.000134483	0.000134483	0.000134483	0.000134483	116
0.174	-0.00053125	-0.00053125	-0.00053125	-0.00053125	128
0.175	0.00256115	0.00256115	0.00256115	0.00256115	139
0.176	-0.000705036	-0.000705036	-0.000705036	-0.000705036	139
0.177	-0.00063622	-0.00063622	-0.00063622	-0.00063622	127
0.178	0.000628125	0.000628125	0.000628125	0.000628125	128
0.179	-0.0008	-0.0008	-0.0008	-0.0008	158
0.18	-0.000721622	-0.000721622	-0.000721622	-0.000721622	148
0.181	-0.000821239	-0.000821239	-0.000821239	-0.000821239	113
0.182	0.00176364	0.00176364	0.00176364	0.00176364	110
0.183	0.00236364	0.00236364	0.00236364	0.00236364	110
0.184	0.00112566	0.00112566	0.00112566	0.00112566	113
0.185	0.0019322	0.0019322	0.0019322	0.0019322	118
0.186	0.00321802	0.00321802	0.00321802	0.00321802	111
0.187	0.0022048	0.0022048	0.0022048	0.0022048	125
0.188	0.00129333	0.00129333	0.00129333	0.00129333	120
0.189	0.000485981	0.000485981	0.000485981	0.000485981	107
0.19	0.00230222	0.00230222	0.00230222	0.00230222	135
0.191	0.00109402	0.00109402	0.00109402	0.00109402	117
0.192	-0.000166667	-0.000166667	-0.000166667	-0.000166667	108
0.193	0.0028878	0.0028878	0.0028878	0.0028878	123
0.194	0.00140513	0.00140513	0.00140513	0.00140513	117
0.195	0.0010125	0.0010125	0.0010125	0.0010125	128
0.196	0.00245333	0.00245333	0.00245333	0.00245333	120
0.197	0.00284364	0.00284364	0.00284364	0.00284364	110
0.198	0.00199124	0.00199124	0.00199124	0.00199124	137
0.199	0.000392857	0.000392857	0.000392857	0.000392857	112
0.2	-0.0004064	-0.0004064	-0.0004064	-0.0004064	125
0.201	-2.72109e-05	-2.72109e-05	-2.72109e-05	-2.72109e-05	147
0.202	0.00276923	0.00276923	0.00276923	0.00276923	130
0.203	-0.0020352	-0.0020352	-0.0020352	-0.0020352	125
0.204	0.0037984	0.0037984	0.0037984	0.0037984	125
0.205	0.00213458	0.00213458	0.00213458	0.00213458	107
0.206	0.00315659	0.00315659	0.00315659	0.00315659	129
0.207	-0.000413008	-0.000413008	-0.000413008	-0.000413008	123
0.208	0.0008768	0.0008768	0.0008768	0.0008768	125
0.209	0.00313091	0.00313091	0.00313091	0.00313091	110
0.21	0.00192	0.00192	0.00192	0.00192	120
0.211	0.00605101	0.00605101	0.00605101	0.00605101	149
0.212	0.00282685	0.00282685	0.00282685	0.00282685	149
0.213	0.00275844	0.00275844	0.00275844	0.00275844	154
0.214	-0.00118	-0.00118	-0.00118	-0.00118	140
0.215	-0.00152162	-0.00152162	-0.00152162	-0.00152162	148
0.216	-0.000581022	-0.000581022	-0.000581022	-0.000581022	137
0.217	-0.00025034	-0.00025034	-0.00025034	-0.00025034	147
0.218	0.002305	0.002305	0.002305	0.002305	160
0.219	0.00296805	0.00296805	0.00296805	0.00296805	169
0.22	0.00199685	0.00199685	0.00199685	0.00199685	127
0.221	0.0044	0.0044	0.0044	0.0044	129
0.222	0.00290647	0.00290647	0.00290647	0.00290647	139
0.223	0.000526619	0.000526619	0.000526619	0.000526619	139
0.224	0.00165289	0.00165289	0.00165289	0.00165289	121
0.225	-0.00249784	-0.00249784	-0.00249784	-0.00249784	139
0.226	-0.000696296	-0.000696296	-0.000696296	-0.000696296	135
0.227	-0.00218684	-0.00218684	-0.00218684	-0.00218684	152
0.228	-8.22695e-05	-8.22695e-05	-8.22695e-05	-8.22695e-05	141
0.229	0.00241389	0.00241389	0.00241389	0.00241389	144
0.23	0.000830476	0.000830476	0.000830476	0.000830476	105
0.231	0.00425143	0.00425143	0.00425143	0.00425143	140
0.232	0.00174687	0.00174687	0.00174687	0.00174687	128
0.233	-0.00161449	-0.00161449	-0.00161449	-0.00161449	138
0.234	-0.000366667	-0.000366667	-0.000366667	-0.000366667	120
0.235	0.000819048	0.000819048	0.000819048	0.000819048	126
0.236	-0.00300504	-0.00300504	-0.00300504	-0.00300504	119
0.237	-0.00241221	-0.00241221	-0.00241221	-0.00241221	131
0.238	-0.00277926	-0.00277926	-0.00277926	-0.00277926	135
0.239	-0.00318261	-0.00318261	-0.00318261	-0.00318261	115
0.24	0.00392203	0.00392203	0.00392203	0.00392203	118
0.241	0.000743363	0.000743363	0.000743363	0.000743363	113
0.242	0.00277015	0.00277015	0.00277015	0.00277015	134
0.243	0.000644295	0.000644295	0.000644295	0.000644295	149
0.244	0.0038383	0.0038383	0.0038383	0.0038383	141
0.245	0.00305574	0.00305574	0.00305574	0.00305574	122
0.246	-0.000718248	-0.000718248	-0.000718248	-0.000718248	137
0.247	0.00204956	0.00204956	0.00204956	0.00204956	113
0.248	0.00177481	0.00177481	0.00177481	0.00177481	135
0.249	0.0023084	0.0023084	0.0023084	0.0023084	131
0.25	0.000808955	0.000808955	0.000808955	0.000808955	134
0.251	0.000131818	0.000131818	0.000131818	0.000131818	176
0.252	-0.00129308	-0.00129308	-0.00129308	-0.00129308	159
0.253	-0.000726316	-0.000726316	-0.000726316	-0.000726316	114
0.254	0.00138276	0.00138276	0.00138276	0.00138276	116
0.255	-0.00114462	-0.00114462	-0.00114462	-0.00114462	130
0.256	-0.000702521	-0.000702521	-0.000702521	-0.000702521	119
0.257	1.62602e-05	1.62602e-05	1.62602e-05	1.62602e-05	123
0.258	-1.65289e-05	-1.65289e-05	-1.65289e-05	-1.65289e-05	121
0.259	-0.000856	-0.000856	-0.000856	-0.000856	150
0.26	-0.00272759	-0.00272759	-0.00272759	-0.00272759	116
0.261	-0.00255046	-0.00255046	-0.00255046	-0.00255046	109
0.262	-0.00332542	-0.00332542	-0.00332542	-0.00332542	118
0.263	0.0010087	0.0010087	0.0010087	0.0010087	115
0.264	0.000926154	0.000926154	0.000926154	0.000926154	130
0.265	-0.0003584	-0.0003584	-0.0003584	-0.0003584	125
0.266	0.000858716	0.000858716	0.000858716	0.000858716	109
0.267	0.000541379	0.000541379	0.000541379	0.000541379	116
0.268	-8.13559e-05	-8.13559e-05	-8.13559e-05	-8.13559e-05	118
0.269	-0.000474227	-0.000474227	-0.000474227	-0.000474227	97
0.27	-9.6e-06	-9.6e-06	-9.6e-06	-9.6e-06	125
0.271	-0.00251765	-0.00251765	-0.00251765	-0.00251765	119
0.272	-0.00268929	-0.00268929	-0.00268929	-0.00268929	112
0.273	-0.00150609	-0.00150609	-0.00150609	-0.00150609	115
0.274	-0.000752	-0.000752	-0.000752	-0.000752	125
0.275	-0.00135	-0.00135	-0.00135	-0.00135	120
0.276	-0.000869841	-0.000869841	-0.000869841	-0.000869841	126
0.277	-0.00224234	-0.00224234	-0.00224234	-0.00224234	137
0.278	-0.000192366	-0.000192366	-0.000192366	-0.000192366	131
0.279	-0.000581081	-0.000581081	-0.000581081	-0.000581081	148
0.28	0.000151825	0.000151825	0.000151825	0.000151825	137
0.281	0.00275844	0.00275844	0.00275844	0.00275844	154
0.282	-0.00140845	-0.00140845	-0.00140845	-0.00140845	142
0.283	-0.00145926	-0.00145926	-0.00145926	-0.00145926	162
0.284	-0.00102893	-0.00102893	-0.00102893	-0.00102893	159
0.285	0.000487805	0.000487805	0.000487805	0.000487805	164
0.286	-0.0013619	-0.0013619	-0.0013619	-0.0013619	168
0.287	0.00233789	0.00233789	0.00233789	0.00233789	161
0.288	-0.00230504	-0.00230504	-0.00230504	-0.00230504	139
0.289	0.00234857	0.00234857	0.00234857	0.00234857	140
0.29	-0.00081039	-0.00081039	-0.00081039	-0.00081039	154
0.291	-0.00118954	-0.00118954	-0.00118954	-0.00118954	153
0.292	-0.00278108	-0.00278108	-0.00278108	-0.00278108	148
0.293	0.000116364	0.000116364	0.000116364	0.000116364	110
0.294	-0.00404786	-0.00404786	-0.00404786	-0.00404786	117
0.295	0.0017042	0.0017042	0.0017042	0.0017042	119
0.296	0.000631373	0.000631373	0.000631373	0.000631373	102
0.297	-0.000820513	-0.000820513	-0.000820513	-0.000820513	117
0.298	0.00130847	0.00130847	0.00130847	0.00130847	118
0.299	-0.000488276	-0.000488276	-0.000488276	-0.000488276	145
0.3	-0.00211631	-0.00211631	-0.00211631	-0.00211631	141
0.301	-0.00137647	-0.00137647	-0.00137647	-0.00137647	136
0.302	0.00175	0.00175	0.00175	0.00175	136
0.303	-8.34532e-05	-8.34532e-05	-8.34532e-05	-8.34532e-05	139
0.304	0.00142388	0.00142388	0.00142388	0.00142388	134
0.305	0.000658065	0.000658065	0.000658065	0.000658065	155
0.306	0.00186452	0.00186452	0.00186452	0.00186452	124
0.307	0.001225	0.001225	0.001225	0.001225	144
0.308	0.0022375	0.0022375	0.0022375	0.0022375	160
0.309	0.00139868	0.00139868	0.00139868	0.00139868	151
0.31	-0.000131343	-0.000131343	-0.000131343	-0.000131343	134
0.311	0.000562581	0.000562581	0.000562581	0.000562581	155
0.312	0.000695541	0.000695541	0.000695541	0.000695541	157
0.313	0.00155659	0.00155659	0.00155659	0.00155659	129
0.314	0.00205246	0.00205246	0.00205246	0.00205246	122
0.315	0.00163964	0.00163964	0.00163964	0.00163964	111
0.316	0.000603448	0.000603448	0.000603448	0.000603448	116
0.317	0.00427914	0.00427914	0.00427914	0.00427914	139
0.318	0.000333793	0.000333793	0.000333793	0.000333793	145
0.319	0.000690323	0.000690323	0.000690323	0.000690323	124
0.32	-0.00133217	-0.00133217	-0.00133217	-0.00133217	115
0.321	0.000778378	0.000778378	0.000778378	0.000778378	111
0.322	-0.00052069	-0.00052069	-0.00052069	-0.00052069	116
0.323	1.35593e-05	1.35593e-05	1.35593e-05	1.35593e-05	118
0.324	0.00177479	0.00177479	0.00177479	0.00177479	119
0.325	0.000895082	0.000895082	0.000895082	0.000895082	122
0.326	0.00151594	0.00151594	0.00151594	0.00151594	138
0.327	0.000254545	0.000254545	0.000254545	0.000254545	143
0.328	-0.001088	-0.001088	-0.001088	-0.001088	125
0.329	-0.000471698	-0.000471698	-0.000471698	-0.000471698	106
0.33	5.35714e-05	5.35714e-05	5.35714e-05	5.35714e-05	112
0.331	-0.000290909	-0.000290909	-0.000290909	-0.000290909	132
0.332	-0.000420339	-0.000420339	-0.000420339	-0.000420339	118
0.333	0.000117073	0.000117073	0.000117073	0.000117073	123
0.334	-0.000154455	-0.000154455	-0.000154455	-0.000154455	101
0.335	0.000910345	0.000910345	0.000910345	0.000910345	116
0.336	-0.000851908	-0.000851908	-0.000851908	-0.000851908	131
0.337	-0.00200923	-0.00200923	-0.00200923	-0.00200923	130
0.338	0.00267368	0.00267368	0.00267368	0.00267368	133
0.339	0.000576271	0.000576271	0.000576271	0.000576271	118
0.34	0.00354667	0.00354667	0.00354667	0.00354667	135
0.341	-4.7619e-05	-4.7619e-05	-4.7619e-05	-4.7619e-05	126
0.342	0.000845802	0.000845802	0.000845802	0.000845802	131
0.343	0.000121379	0.000121379	0.000121379	0.000121379	145
0.344	0.00105588	0.00105588	0.00105588	0.00105588	136
0.345	0.0010976	0.0010976	0.0010976	0.0010976	125
0.346	-0.000293333	-0.000293333	-0.000293333	-0.000293333	135
0.347	-6.08e-05	-6.08e-05	-6.08e-05	-6.08e-05	125
0.348	0.00250909	0.00250909	0.00250909	0.00250909	143
0.349	0.000826846	0.000826846	0.000826846	0.000826846	149
0.35	0.000934454	0.000934454	0.000934454	0.000934454	119
0.351	-0.000337984	-0.000337984	-0.000337984	-0.000337984	129
0.352	-0.000349153	-0.000349153	-0.000349153	-0.000349153	118
0.353	-0.000846429	-0.000846429	-0.000846429	-0.000846429	112
0.354	0.000696552	0.000696552	0.000696552	0.000696552	116
0.355	-0.00330087	-0.00330087	-0.00330087	-0.00330087	115
0.356	0.0013661	0.0013661	0.0013661	0.0013661	118
0.357	-0.000768504	-0.000768504	-0.000768504	-0.000768504	127
0.358	-0.00272701	-0.00272701	-0.00272701	-0.00272701	137
0.359	-0.000671698	-0.000671698	-0.000671698	-0.000671698	106
0.36	-0.00181765	-0.00181765	-0.00181765	-0.00181765	136
0.361	-0.00325766	-0.00325766	-0.00325766	-0.00325766	111
0.362	-0.00298074	-0.00298074	-0.00298074	-0.00298074	135
0.363	-0.00204789	-0.00204789	-0.00204789	-0.00204789	142
0.364	0.000703125	0.000703125	0.000703125	0.000703125	128
0.365	-0.000945736	-0.000945736	-0.000945736	-0.000945736	129
0.366	0.00289825	0.00289825	0.00289825	0.00289825	114
0.367	-0.000711864	-0.000711864	-0.000711864	-0.000711864	118
0.368	0.000523077	0.000523077	0.000523077	0.000523077	104
0.369	0.000133333	0.000133333	0.000133333	0.000133333	105
0.37	-0.00187879	-0.00187879	-0.00187879	-0.00187879	99
0.371	-0.00257481	-0.00257481	-0.00257481	-0.00257481	135
0.372	0.00106796	0.00106796	0.00106796	0.00106796	103
0.373	-0.000531092	-0.000531092	-0.000531092	-0.000531092	119
0.374	-0.00242745	-0.00242745	-0.00242745	-0.00242745	102
0.375	0.000449275	0.000449275	0.000449275	0.000449275	138
0.376	-0.00131901	-0.00131901	-0.00131901	-0.00131901	121
0.377	-0.000832787	-0.000832787	-0.000832787	-0.000832787	122
0.378	0.00213986	0.00213986	0.00213986	0.00213986	143
0.379	9.23077e-05	9.23077e-05	9.23077e-05	9.23077e-05	130
0.38	-0.000657971	-0.000657971	-0.000657971	-0.000657971	138
0.381	0.000473043	0.000473043	0.000473043	0.000473043	115
0.382	0.00278437	0.00278437	0.00278437	0.00278437	128
0.383	0.00191923	0.00191923	0.00191923	0.00191923	104
0.384	-0.00106019	-0.00106019	-0.00106019	-0.00106019	103
0.385	0.00532824	0.00532824	0.00532824	0.00532824	131
0.386	0.0029	0.0029	0.0029	0.0029	144
0.387	0.00342149	0.00342149	0.00342149	0.00342149	121
0.388	-0.000733945	-0.000733945	-0.000733945	-0.000733945	109
0.389	0.000445902	0.000445902	0.000445902	0.000445902	122
0.39	0.00026087	0.00026087	0.00026087	0.00026087	92
0.391	-0.000213793	-0.000213793	-0.000213793	-0.000213793	116
0.392	-0.000821053	-0.000821053	-0.000821053	-0.000821053	133
0.393	-0.000316129	-0.000316129	-0.000316129	-0.000316129	124
0.394	0.000695	0.000695	0.000695	0.000695	160
0.395	0.00271448	0.00271448	0.00271448	0.00271448	145
0.396	0.00215652	0.00215652	0.00215652	0.00215652	115
0.397	-0.000607273	-0.000607273	-0.000607273	-0.000607273	110
0.398	0.00316145	0.00316145	0.00316145	0.00316145	166
0.399	0.00235312	0.00235312	0.00235312	0.00235312	128
0.4	0.00112	0.00112	0.00112	0.00112	110
0.401	0.0057632	0.0057632	0.0057632	0.0057632	125
0.402	0.00372923	0.00372923	0.00372923	0.00372923	130
0.403	0.0055811	0.0055811	0.0055811	0.0055811	127
0.404	0.000130081	0.000130081	0.000130081	0.000130081	123
0.405	0.00189517	0.00189517	0.00189517	0.00189517	145
0.406	0.00259104	0.00259104	0.00259104	0.00259104	134
0.407	0.00207132	0.00207132	0.00207132	0.00207132	129
0.408	0.00311278	0.00311278	0.00311278	0.00311278	133
0.409	0.00403537	0.00403537	0.00403537	0.00403537	147
0.41	0.000940171	0.000940171	0.000940171	0.000940171	117
0.411	0.0018528	0.0018528	0.0018528	0.0018528	125
0.412	0.00243137	0.00243137	0.00243137	0.00243137	102
0.413	0.00436	0.00436	0.00436	0.00436	130
0.414	0.0017479	0.0017479	0.0017479	0.0017479	119
0.415	0.00170462	0.00170462	0.00170462	0.00170462	130
0.416	0.00272289	0.00272289	0.00272289	0.00272289	83
0.417	0.00201416	0.00201416	0.00201416	0.00201416	113
0.418	0.00226824	0.00226824	0.00226824	0.00226824	85
0.419	0.00209254	0.00209254	0.00209254	0.00209254	134
0.42	0.00151712	0.00151712	0.00151712	0.00151712	111
0.421	7.36842e-05	7.36842e-05	7.36842e-05	7.36842e-05	114
0.422	0.000425532	0.000425532	0.000425532	0.000425532	94
0.423	0.00185758	0.00185758	0.00185758	0.00185758	132
0.424	0.00149268	0.00149268	0.00149268	0.00149268	123
0.425	0.00167448	0.00167448	0.00167448	0.00167448	145
0.426	0.00214803	0.00214803	0.00214803	0.00214803	127
0.427	0.0021157	0.0021157	0.0021157	0.0021157	121
0.428	0.00106	0.00106	0.00106	0.00106	140
0.429	-0.0020031	-0.0020031	-0.0020031	-0.0020031	129
0.43	0.00170704	0.00170704	0.00170704	0.00170704	142
0.431	0.00232441	0.00232441	0.00232441	0.00232441	127
0.432	0.00106667	0.00106667	0.00106667	0.00106667	144
0.433	-0.00162837	-0.00162837	-0.00162837	-0.00162837	141
0.434	-0.000548837	-0.000548837	-0.000548837	-0.000548837	129
0.435	0.00460263	0.00460263	0.00460263	0.00460263	152
0.436	0.00140588	0.00140588	0.00140588	0.00140588	136
0.437	0.00147222	0.00147222	0.00147222	0.00147222	144
0.438	-0.00321835	-0.00321835	-0.00321835	-0.00321835	109
0.439	0.000564286	0.000564286	0.000564286	0.000564286	168
0.44	0.000271756	0.000271756	0.000271756	0.000271756	131
0.441	0.000778626	0.000778626	0.000778626	0.000778626	131
0.442	0.00265133	0.00265133	0.00265133	0.00265133	113
0.443	0.0022697	0.0022697	0.0022697	0.0022697	132
0.444	0.00264561	0.00264561	0.00264561	0.00264561	114
0.445	0.00221497	0.00221497	0.00221497	0.00221497	147
0.446	3.33333e-05	3.33333e-05	3.33333e-05	3.33333e-05	120
0.447	0.00203097	0.00203097	0.00203097	0.00203097	155
0.448	-0.0006688	-0.0006688	-0.0006688	-0.0006688	125
0.449	-0.0008675	-0.0008675	-0.0008675	-0.0008675	160
0.45	-0.000967568	-0.000967568	-0.000967568	-0.000967568	148
0.451	-0.00085122	-0.00085122	-0.00085122	-0.00085122	164
0.452	1.93103e-05	1.93103e-05	1.93103e-05	1.93103e-05	145
0.453	-0.000558273	-0.000558273	-0.000558273	-0.000558273	139
0.454	0.00134194	0.00134194	0.00134194	0.00134194	124
0.455	-0.000768254	-0.000768254	-0.000768254	-0.000768254	126
0.456	0.0010176	0.0010176	0.0010176	0.0010176	125
0.457	-0.00264296	-0.00264296	-0.00264296	-0.00264296	135
0.458	-0.00251212	-0.00251212	-0.00251212	-0.00251212	132
0.459	-0.000270423	-0.000270423	-0.000270423	-0.000270423	142
0.46	-0.00188485	-0.00188485	-0.00188485	-0.00188485	132
0.461	-0.000975676	-0.000975676	-0.000975676	-0.000975676	148
0.462	0.000865753	0.000865753	0.000865753	0.000865753	146
0.463	0.00210769	0.00210769	0.00210769	0.00210769	130
0.464	-0.000578571	-0.000578571	-0.000578571	-0.000578571	112
0.465	-0.000967521	-0.000967521	-0.000967521	-0.000967521	117
0.466	0.000621053	0.000621053	0.000621053	0.000621053	114
0.467	0.00209275	0.00209275	0.00209275	0.00209275	138
0.468	0.00037913	0.00037913	0.00037913	0.00037913	115
0.469	0.00381053	0.00381053	0.00381053	0.00381053	114
0.47	0.0014993	0.0014993	0.0014993	0.0014993	143
0.471	0.00144815	0.00144815	0.00144815	0.00144815	108
0.472	0.000669027	0.000669027	0.000669027	0.000669027	113
0.473	-9.67742e-05	-9.67742e-05	-9.67742e-05	-9.67742e-05	124
0.474	-0.00083609	-0.00083609	-0.00083609	-0.00083609	133
0.475	0.000729412	0.000729412	0.000729412	0.000729412	136
0.476	0.00160303	0.00160303	0.00160303	0.00160303	132
0.477	0.00126364	0.00126364	0.00126364	0.00126364	132
0.478	0.00337568	0.00337568	0.00337568	0.00337568	148
0.479	0.00309402	0.00309402	0.00309402	0.00309402	117
0.48	0.000353623	0.000353623	0.000353623	0.000353623	138
0.481	0.000192366	0.000192366	0.000192366	0.000192366	131
0.482	-5.37815e-05	-5.37815e-05	-5.37815e-05	-5.37815e-05	119
0.483	0.00235888	0.00235888	0.00235888	0.00235888	107
0.484	0.00146667	0.00146667	0.00146667	0.00146667	129
0.485	0.00292437	0.00292437	0.00292437	0.00292437	119
0.486	0.00145379	0.00145379	0.00145379	0.00145379	145
0.487	0.00227941	0.00227941	0.00227941	0.00227941	136
0.488	0.00221923	0.00221923	0.00221923	0.00221923	104
0.489	-0.000387097	-0.000387097	-0.000387097	-0.000387097	155
0.49	0.00275588	0.00275588	0.00275588	0.00275588	136
0.491	0.000635115	0.000635115	0.000635115	0.000635115	131
0.492	0.0026029	0.0026029	0.0026029	0.0026029	138
0.493	-5.13514e-05	-5.13514e-05	-5.13514e-05	-5.13514e-05	148
0.494	0.000519708	0.000519708	0.000519708	0.000519708	137
0.495	0.000260465	0.000260465	0.000260465	0.000260465	129
0.496	-0.00135211	-0.00135211	-0.00135211	-0.00135211	142
0.497	-0.000106475	-0.000106475	-0.000106475	-0.000106475	139
0.498	-0.000529412	-0.000529412	-0.000529412	-0.000529412	136
0.499	0.000244295	0.000244295	0.000244295	0.000244295	149
0.5	-0.00144496	-0.00144496	-0.00144496	-0.00144496	129
0.501	-2.02532e-05	-2.02532e-05	-2.02532e-05	-2.02532e-05	158
0.502	0.00109429	0.00109429	0.00109429	0.00109429	140
0.503	0.00141212	0.00141212	0.00141212	0.00141212	132
0.504	0.00122414	0.00122414	0.00122414	0.00122414	116
0.505	0.00163582	0.00163582	0.00163582	0.00163582	134
0.506	0.00294884	0.00294884	0.00294884	0.00294884	129
0.507	0.000825197	0.000825197	0.000825197	0.000825197	127
0.508	0.00104202	0.00104202	0.00104202	0.00104202	119
0.509	0.00226116	0.00226116	0.00226116	0.00226116	121
0.51	-0.000225	-0.000225	-0.000225	-0.000225	96
0.511	0.00122435	0.00122435	0.00122435	0.00122435	115
0.512	0.000906667	0.000906667	0.000906667	0.000906667	105
0.513	0.000840678	0.000840678	0.000840678	0.000840678	118
0.514	-0.000356667	-0.000356667	-0.000356667	-0.000356667	120
0.515	0.00105324	0.00105324	0.00105324	0.00105324	139
0.516	-0.00195	-0.00195	-0.00195	-0.00195	120
0.517	-0.00252653	-0.00252653	-0.00252653	-0.00252653	98
0.518	-0.0013875	-0.0013875	-0.0013875	-0.0013875	96
0.519	-0.000812121	-0.000812121	-0.000812121	-0.000812121	99
0.52	-0.00105641	-0.00105641	-0.00105641	-0.00105641	117
0.521	-0.000449558	-0.000449558	-0.000449558	-0.000449558	113
0.522	-0.00207448	-0.00207448	-0.00207448	-0.00207448	145
0.523	-0.00140597	-0.00140597	-0.00140597	-0.00140597	134
0.524	-0.0008544	-0.0008544	-0.0008544	-0.0008544	125
0.525	0.000907143	0.000907143	0.000907143	0.000907143	112
0.526	-0.00222029	-0.00222029	-0.00222029	-0.00222029	138
0.527	-6.98413e-05	-6.98413e-05	-6.98413e-05	-6.98413e-05	126
0.528	-0.00186165	-0.00186165	-0.00186165	-0.00186165	133
0.529	0.00235294	0.00235294	0.00235294	0.00235294	119
0.53	-0.000159375	-0.000159375	-0.000159375	-0.000159375	128
0.531	-0.00176	-0.00176	-0.00176	-0.00176	120
0.532	-0.00216115	-0.00216115	-0.00216115	-0.00216115	139
0.533	-0.00178969	-0.00178969	-0.00178969	-0.00178969	97
0.534	-0.000261818	-0.000261818	-0.000261818	-0.000261818	110
0.535	0.00160364	0.00160364	0.00160364	0.00160364	110
0.536	-0.0040378	-0.0040378	-0.0040378	-0.0040378	127
0.537	-0.000577778	-0.000577778	-0.000577778	-0.000577778	117
0.538	-0.0002976	-0.0002976	-0.0002976	-0.0002976	125
0.539	0.00161333	0.00161333	0.00161333	0.00161333	120
0.54	-0.000618182	-0.000618182	-0.000618182	-0.000618182	110
0.541	-0.00127832	-0.00127832	-0.00127832	-0.00127832	143
0.542	-0.000434646	-0.000434646	-0.000434646	-0.000434646	127
0.543	-0.0024252	-0.0024252	-0.0024252	-0.0024252	127
0.544	-1.95122e-05	-1.95122e-05	-1.95122e-05	-1.95122e-05	123
0.545	-0.00198305	-0.00198305	-0.00198305	-0.00198305	118
0.546	-0.00190169	-0.00190169	-0.00190169	-0.00190169	118
0.547	-0.00173016	-0.00173016	-0.00173016	-0.00173016	126
0.548	-0.00154194	-0.00154194	-0.00154194	-0.00154194	124
0.549	-0.000873973	-0.000873973	-0.000873973	-0.000873973	146
0.55	-0.00165802	-0.00165802	-0.00165802	-0.00165802	131
0.551	-0.00136393	-0.00136393	-0.00136393	-0.00136393	122
0.552	-0.0022432	-0.0022432	-0.0022432	-0.0022432	125
0.553	-0.00265763	-0.00265763	-0.00265763	-0.00265763	118
0.554	-0.00242353	-0.00242353	-0.00242353	-0.00242353	119
0.555	-0.001012	-0.001012	-0.001012	-0.001012	100
0.556	-0.00296	-0.00296	-0.00296	-0.00296	115
0.557	-0.00171048	-0.00171048	-0.00171048	-0.00171048	105
0.558	-0.000487273	-0.000487273	-0.000487273	-0.000487273	110
0.559	-0.000685714	-0.000685714	-0.000685714	-0.000685714	126
0.56	-0.00117879	-0.00117879	-0.00117879	-0.00117879	132
0.561	2.02899e-05	2.02899e-05	2.02899e-05	2.02899e-05	138
0.562	0.00200667	0.00200667	0.00200667	0.00200667	120
0.563	0.00112846	0.00112846	0.00112846	0.00112846	123
0.564	-0.000265806	-0.000265806	-0.000265806	-0.000265806	155
0.565	0.00336066	0.00336066	0.00336066	0.00336066	122
0.566	0.00192079	0.00192079	0.00192079	0.00192079	101
0.567	0.00193496	0.00193496	0.00193496	0.00193496	123
0.568	0.000949153	0.000949153	0.000949153	0.000949153	118
0.569	-0.00080678	-0.00080678	-0.00080678	-0.00080678	118
0.57	-0.000315646	-0.000315646	-0.000315646	-0.000315646	147
0.571	0.00202857	0.00202857	0.00202857	0.00202857	112
0.572	0.00241538	0.00241538	0.00241538	0.00241538	104
0.573	0.0001	0.0001	0.0001	0.0001	112
0.574	0.000264	0.000264	0.000264	0.000264	100
0.575	-0.00195966	-0.00195966	-0.00195966	-0.00195966	119
0.576	0.000689655	0.000689655	0.000689655	0.000689655	116
0.577	0.000317526	0.000317526	0.000317526	0.000317526	97
0.578	0.00287312	0.00287312	0.00287312	0.00287312	93
0.579	0.00258049	0.00258049	0.00258049	0.00258049	82
0.58	-1.14286e-05	-1.14286e-05	-1.14286e-05	-1.14286e-05	105
0.581	-0.000523364	-0.000523364	-0.000523364	-0.000523364	107
0.582	0.0013916	0.0013916	0.0013916	0.0013916	119
0.583	-0.00267068	-0.00267068	-0.00267068	-0.00267068	133
0.584	-0.000703333	-0.000703333	-0.000703333	-0.000703333	120
0.585	-0.00111074	-0.00111074	-0.00111074	-0.00111074	121
0.586	0.000951724	0.000951724	0.000951724	0.000951724	116
0.587	0.00537778	0.00537778	0.00537778	0.00537778	153
0.588	0.00250877	0.00250877	0.00250877	0.00250877	114
0.589	0.00200645	0.00200645	0.00200645	0.00200645	124
0.59	0.000936986	0.000936986	0.000936986	0.000936986	146
0.591	0.00121493	0.00121493	0.00121493	0.00121493	134
0.592	0.00100142	0.00100142	0.00100142	0.00100142	141
0.593	0.000571014	0.000571014	0.000571014	0.000571014	138
0.594	0.00118361	0.00118361	0.00118361	0.00118361	122
0.595	-8.7395e-05	-8.7395e-05	-8.7395e-05	-8.7395e-05	119
0.596	0.00486723	0.00486723	0.00486723	0.00486723	119
0.597	-0.000316547	-0.000316547	-0.000316547	-0.000316547	139
0.598	0.000184848	0.000184848	0.000184848	0.000184848	132
0.599	0.000324138	0.000324138	0.000324138	0.000324138	116
0.6	-0.000947059	-0.000947059	-0.000947059	-0.000947059	136
0.601	-0.0021781	-0.0021781	-0.0021781	-0.0021781	137
0.602	-0.00182781	-0.00182781	-0.00182781	-0.00182781	151
0.603	0.000606667	0.000606667	0.000606667	0.000606667	120
0.604	-0.000906832	-0.000906832	-0.000906832	-0.000906832	161
0.605	-0.000386577	-0.000386577	-0.000386577	-0.000386577	149
0.606	0.0017216	0.0017216	0.0017216	0.0017216	125
0.607	-0.00122791	-0.00122791	-0.00122791	-0.00122791	129
0.608	-0.000313158	-0.000313158	-0.000313158	-0.000313158	152
0.609	-0.00292239	-0.00292239	-0.00292239	-0.00292239	134
0.61	0.000432	0.000432	0.000432	0.000432	125
0.611	0.00342769	0.00342769	0.00342769	0.00342769	130
0.612	0.00024127	0.00024127	0.00024127	0.00024127	126
0.613	-0.00131304	-0.00131304	-0.00131304	-0.00131304	138
0.614	-0.00104397	-0.00104397	-0.00104397	-0.00104397	141
0.615	-0.00367158	-0.00367158	-0.00367158	-0.00367158	95
0.616	-0.00022069	-0.00022069	-0.00022069	-0.00022069	116
0.617	0.000700917	0.000700917	0.000700917	0.000700917	109
0.618	-0.00125763	-0.00125763	-0.00125763	-0.00125763	118
0.619	-0.00215856	-0.00215856	-0.00215856	-0.00215856	111
0.62	0.00223333	0.00223333	0.00223333	0.00223333	144
0.621	-0.000653571	-0.000653571	-0.000653571	-0.000653571	112
0.622	-0.00138378	-0.00138378	-0.00138378	-0.00138378	111
0.623	-0.00104793	-0.00104793	-0.00104793	-0.00104793	121
0.624	-0.000537374	-0.000537374	-0.000537374	-0.000537374	99
0.625	-0.00169014	-0.00169014	-0.00169014	-0.00169014	142
0.626	0.000805674	0.000805674	0.000805674	0.000805674	141
0.627	0.0012918	0.0012918	0.0012918	0.0012918	122
0.628	-0.000455285	-0.000455285	-0.000455285	-0.000455285	123
0.629	-0.00412239	-0.00412239	-0.00412239	-0.00412239	134
0.63	-0.00410462	-0.00410462	-0.00410462	-0.00410462	130
0.631	-0.00238217	-0.00238217	-0.00238217	-0.00238217	157
0.632	-0.000933333	-0.000933333	-0.000933333	-0.000933333	132
0.633	-0.0016378	-0.0016378	-0.0016378	-0.0016378	127
0.634	-0.00196438	-0.00196438	-0.00196438	-0.00196438	146
0.635	-0.000444444	-0.000444444	-0.000444444	-0.000444444	135
0.636	-0.00281935	-0.00281935	-0.00281935	-0.00281935	124
0.637	-0.0025375	-0.0025375	-0.0025375	-0.0025375	128
0.638	-0.0014592	-0.0014592	-0.0014592	-0.0014592	125
0.639	-0.00102143	-0.00102143	-0.00102143	-0.00102143	112
0.64	-0.000392381	-0.000392381	-0.000392381	-0.000392381	105
0.641	-0.00204308	-0.00204308	-0.00204308	-0.00204308	130
0.642	-0.00223511	-0.00223511	-0.00223511	-0.00223511	131
0.643	-0.000827692	-0.000827692	-0.000827692	-0.000827692	130
0.644	-0.00218276	-0.00218276	-0.00218276	-0.00218276	116
0.645	-0.00308652	-0.00308652	-0.00308652	-0.00308652	141
0.646	-0.00221353	-0.00221353	-0.00221353	-0.00221353	133
0.647	-0.00187941	-0.00187941	-0.00187941	-0.00187941	136
0.648	-0.00110541	-0.00110541	-0.00110541	-0.00110541	148
0.649	-0.000995489	-0.000995489	-0.000995489	-0.000995489	133
0.65	0.00283368	0.00283368	0.00283368	0.00283368	95
0.651	-0.000707692	-0.000707692	-0.000707692	-0.000707692	130
0.652	-0.00022439	-0.00022439	-0.00022439	-0.00022439	123
0.653	-7.92079e-06	-7.92079e-06	-7.92079e-06	-7.92079e-06	101
0.654	3.85965e-05	3.85965e-05	3.85965e-05	3.85965e-05	114
0.655	-0.00178803	-0.00178803	-0.00178803	-0.00178803	117
0.656	-0.00206815	-0.00206815	-0.00206815	-0.00206815	135
0.657	-0.00471698	-0.00471698	-0.00471698	-0.00471698	106
0.658	-0.00226286	-0.00226286	-0.00226286	-0.00226286	105
0.659	0.00145041	0.00145041	0.00145041	0.00145041	123
0.66	0.00138966	0.00138966	0.00138966	0.00138966	116
0.661	0.00210612	0.00210612	0.00210612	0.00210612	147
0.662	-0.000856338	-0.000856338	-0.000856338	-0.000856338	142
0.663	-0.000752756	-0.000752756	-0.000752756	-0.000752756	127
0.664	0.00164553	0.00164553	0.00164553	0.00164553	123
0.665	0.0018	0.0018	0.0018	0.0018	122
0.666	0.000210169	0.000210169	0.000210169	0.000210169	118
0.667	-0.000867257	-0.000867257	-0.000867257	-0.000867257	113
0.668	-0.000473684	-0.000473684	-0.000473684	-0.000473684	114
0.669	-0.000724409	-0.000724409	-0.000724409	-0.000724409	127
0.67	-0.00112	-0.00112	-0.00112	-0.00112	125
0.671	0.00040315	0.00040315	0.00040315	0.00040315	127
0.672	-0.00145758	-0.00145758	-0.00145758	-0.00145758	132
0.673	-0.0026528	-0.0026528	-0.0026528	-0.0026528	125
0.674	-0.00151504	-0.00151504	-0.00151504	-0.00151504	113
0.675	-0.000547826	-0.000547826	-0.000547826	-0.000547826	138
0.676	-0.00268844	-0.00268844	-0.00268844	-0.00268844	147
0.677	-0.00143175	-0.00143175	-0.00143175	-0.00143175	126
0.678	-0.000724138	-0.000724138	-0.000724138	-0.000724138	116
0.679	-0.00130435	-0.00130435	-0.00130435	-0.00130435	138
0.68	-0.000456	-0.000456	-0.000456	-0.000456	150
0.681	-0.000380142	-0.000380142	-0.000380142	-0.000380142	141
0.682	-0.000411679	-0.000411679	-0.000411679	-0.000411679	137
0.683	0.00164848	0.00164848	0.00164848	0.00164848	132
0.684	-0.000989655	-0.000989655	-0.000989655	-0.000989655	116
0.685	-0.00166993	-0.00166993	-0.00166993	-0.00166993	143
0.686	-0.00302621	-0.00302621	-0.00302621	-0.00302621	145
0.687	-0.00362222	-0.00362222	-0.00362222	-0.00362222	126
0.688	-0.00306349	-0.00306349	-0.00306349	-0.00306349	126
0.689	-0.00345517	-0.00345517	-0.00345517	-0.00345517	116
0.69	-0.00111628	-0.00111628	-0.00111628	-0.00111628	129
0.691	-0.0036069	-0.0036069	-0.0036069	-0.0036069	116
0.692	-0.0016259	-0.0016259	-0.0016259	-0.0016259	139
0.693	-0.000624793	-0.000624793	-0.000624793	-0.000624793	121
0.694	-0.00144118	-0.00144118	-0.00144118	-0.00144118	136
0.695	-0.000894815	-0.000894815	-0.000894815	-0.000894815	135
0.696	0.00178611	0.00178611	0.00178611	0.00178611	144
0.697	-0.000503226	-0.000503226	-0.000503226	-0.000503226	155
0.698	0.00201657	0.00201657	0.00201657	0.00201657	169
0.699	-0.000367647	-0.000367647	-0.000367647	-0.000367647	136
0.7	0.00100719	0.00100719	0.00100719	0.00100719	139
0.701	0.00451189	0.00451189	0.00451189	0.00451189	143
0.702	0.00261311	0.00261311	0.00261311	0.00261311	122
0.703	0.000466116	0.000466116	0.000466116	0.000466116	121
0.704	-0.00235276	-0.00235276	-0.00235276	-0.00235276	127
0.705	-0.00252358	-0.00252358	-0.00252358	-0.00252358	123
0.706	-0.00163556	-0.00163556	-0.00163556	-0.00163556	135
0.707	-0.00189173	-0.00189173	-0.00189173	-0.00189173	133
0.708	-0.00270088	-0.00270088	-0.00270088	-0.00270088	113
0.709	-0.0025901	-0.0025901	-0.0025901	-0.0025901	101
0.71	-0.00121043	-0.00121043	-0.00121043	-0.00121043	115
0.711	-0.00162462	-0.00162462	-0.00162462	-0.00162462	130
0.712	-0.000290598	-0.000290598	-0.000290598	-0.000290598	117
0.713	-0.000743802	-0.000743802	-0.000743802	-0.000743802	121
0.714	-6.875e-05	-6.875e-05	-6.875e-05	-6.875e-05	128
0.715	0.000232653	0.000232653	0.000232653	0.000232653	98
0.716	0.000303876	0.000303876	0.000303876	0.000303876	129
0.717	0.0006592	0.0006592	0.0006592	0.0006592	125
0.718	0.000690909	0.000690909	0.000690909	0.000690909	110
0.719	-0.00101724	-0.00101724	-0.00101724	-0.00101724	116
0.72	-0.000657971	-0.000657971	-0.000657971	-0.000657971	138
0.721	-0.00110551	-0.00110551	-0.00110551	-0.00110551	127
0.722	-0.00245915	-0.00245915	-0.00245915	-0.00245915	142
0.723	-0.00104561	-0.00104561	-0.00104561	-0.00104561	114
0.724	0.00128519	0.00128519	0.00128519	0.00128519	108
0.725	0.00188515	0.00188515	0.00188515	0.00188515	101
0.726	-0.000204959	-0.000204959	-0.000204959	-0.000204959	121
0.727	-0.00162182	-0.00162182	-0.00162182	-0.00162182	110
0.728	-0.00203729	-0.00203729	-0.00203729	-0.00203729	118
0.729	-0.00292063	-0.00292063	-0.00292063	-0.00292063	126
0.73	-0.00168807	-0.00168807	-0.00168807	-0.00168807	109
0.731	-0.00182913	-0.00182913	-0.00182913	-0.00182913	103
0.732	-0.00367525	-0.00367525	-0.00367525	-0.00367525	101
0.733	-0.00080381	-0.00080381	-0.00080381	-0.00080381	105
0.734	0.000381982	0.000381982	0.000381982	0.000381982	111
0.735	-0.00184587	-0.00184587	-0.00184587	-0.00184587	109
0.736	-0.00143497	-0.00143497	-0.00143497	-0.00143497	143
0.737	6.41026e-05	6.41026e-05	6.41026e-05	6.41026e-05	156
0.738	0.000785185	0.000785185	0.000785185	0.000785185	135
0.739	-4.03101e-05	-4.03101e-05	-4.03101e-05	-4.03101e-05	129
0.74	-2.92683e-05	-2.92683e-05	-2.92683e-05	-2.92683e-05	123
0.741	8.17518e-05	8.17518e-05	8.17518e-05	8.17518e-05	137
0.742	-0.00163232	-0.00163232	-0.00163232	-0.00163232	99
0.743	0.0021963	0.0021963	0.0021963	0.0021963	108
0.744	0.00264463	0.00264463	0.00264463	0.00264463	121
0.745	0.00214624	0.00214624	0.00214624	0.00214624	93
0.746	0.00176934	0.00176934	0.00176934	0.00176934	137
0.747	0.000686897	0.000686897	0.000686897	0.000686897	145
0.748	0.00040597	0.00040597	0.00040597	0.00040597	134
0.749	0.00284404	0.00284404	0.00284404	0.00284404	109
0.75	0.0001	0.0001	0.0001	0.0001	116
0.751	0.000803077	0.000803077	0.000803077	0.000803077	130
0.752	0.00093871	0.00093871	0.00093871	0.00093871	124
0.753	-0.00173945	-0.00173945	-0.00173945	-0.00173945	109
0.754	-0.00127103	-0.00127103	-0.00127103	-0.00127103	107
0.755	-0.00152072	-0.00152072	-0.00152072	-0.00152072	111
0.756	-0.00049505	-0.00049505	-0.00049505	-0.00049505	101
0.757	0.000720721	0.000720721	0.000720721	0.000720721	111
0.758	-0.00141359	-0.00141359	-0.00141359	-0.00141359	103
0.759	0.00064466	0.00064466	0.00064466	0.00064466	103
0.76	0.00196697	0.00196697	0.00196697	0.00196697	109
0.761	6.66667e-05	6.66667e-05	6.66667e-05	6.66667e-05	126
0.762	-0.000262295	-0.000262295	-0.000262295	-0.000262295	122
0.763	0.000133333	0.000133333	0.000133333	0.000133333	135
0.764	0.00105478	0.00105478	0.00105478	0.00105478	157
0.765	0.000842478	0.000842478	0.000842478	0.000842478	113
0.766	0.00123243	0.00123243	0.00123243	0.00123243	111
0.767	0.00167037	0.00167037	0.00167037	0.00167037	108
0.768	0.001	0.001	0.001	0.001	86
0.769	0.000781651	0.000781651	0.000781651	0.000781651	109
0.77	0.000522523	0.000522523	0.000522523	0.000522523	111
0.771	0.00130783	0.00130783	0.00130783	0.00130783	115
0.772	-0.00143838	-0.00143838	-0.00143838	-0.00143838	99
0.773	0.000194059	0.000194059	0.000194059	0.000194059	101
0.774	-0.00223582	-0.00223582	-0.00223582	-0.00223582	134
0.775	-0.0020766	-0.0020766	-0.0020766	-0.0020766	94
0.776	0.0010991	0.0010991	0.0010991	0.0010991	111
0.777	-0.00205484	-0.00205484	-0.00205484	-0.00205484	124
0.778	-0.000636923	-0.000636923	-0.000636923	-0.000636923	130
0.779	-0.00264364	-0.00264364	-0.00264364	-0.00264364	110
0.78	0.00145091	0.00145091	0.00145091	0.00145091	110
0.781	-0.00308929	-0.00308929	-0.00308929	-0.00308929	112
0.782	-5.71429e-05	-5.71429e-05	-5.71429e-05	-5.71429e-05	119
0.783	0.00202667	0.00202667	0.00202667	0.00202667	90
0.784	-0.000410909	-0.000410909	-0.000410909	-0.000410909	110
0.785	-0.00129204	-0.00129204	-0.00129204	-0.00129204	113
0.786	-0.00210579	-0.00210579	-0.00210579	-0.00210579	121
0.787	-5.55556e-05	-5.55556e-05	-5.55556e-05	-5.55556e-05	108
0.788	-0.00174962	-0.00174962	-0.00174962	-0.00174962	131
0.789	0.00162124	0.00162124	0.00162124	0.00162124	113
0.79	0.000576923	0.000576923	0.000576923	0.000576923	104
0.791	0.00384463	0.00384463	0.00384463	0.00384463	121
0.792	0.00019802	0.00019802	0.00019802	0.00019802	101
0.793	0.0013504	0.0013504	0.0013504	0.0013504	125
0.794	0.00146944	0.00146944	0.00146944	0.00146944	144
0.795	-0.00224127	-0.00224127	-0.00224127	-0.00224127	126
0.796	0.00111429	0.00111429	0.00111429	0.00111429	126
0.797	-0.00150638	-0.00150638	-0.00150638	-0.00150638	94
0.798	-0.00135833	-0.00135833	-0.00135833	-0.00135833	96
0.799	0.000779487	0.000779487	0.000779487	0.000779487	117
0.8	0.00147692	0.00147692	0.00147692	0.00147692	91
0.801	0.00266809	0.00266809	0.00266809	0.00266809	94
0.802	0.0020812	0.0020812	0.0020812	0.0020812	133
0.803	0.00257872	0.00257872	0.00257872	0.00257872	141
0.804	-9.16031e-06	-9.16031e-06	-9.16031e-06	-9.16031e-06	131
0.805	0.000241096	0.000241096	0.000241096	0.000241096	146
0.806	0.00150571	0.00150571	0.00150571	0.00150571	140
0.807	-0.00185038	-0.00185038	-0.00185038	-0.00185038	131
0.808	9.92481e-05	9.92481e-05	9.92481e-05	9.92481e-05	133
0.809	-0.000332258	-0.000332258	-0.000332258	-0.000332258	124
0.81	0.000674453	0.000674453	0.000674453	0.000674453	137
0.811	0.00198824	0.00198824	0.00198824	0.00198824	102
0.812	-0.00191545	-0.00191545	-0.00191545	-0.00191545	123
0.813	-0.0001625	-0.0001625	-0.0001625	-0.0001625	128
0.814	-0.0042432	-0.0042432	-0.0042432	-0.0042432	125
0.815	-0.00425172	-0.00425172	-0.00425172	-0.00425172	116
0.816	0.000186861	0.000186861	0.000186861	0.000186861	137
0.817	-0.00135172	-0.00135172	-0.00135172	-0.00135172	116
0.818	-0.000757895	-0.000757895	-0.000757895	-0.000757895	114
0.819	-0.000209009	-0.000209009	-0.000209009	-0.000209009	111
0.82	0.00374312	0.00374312	0.00374312	0.00374312	109
0.821	0.00041	0.00041	0.00041	0.00041	120
0.822	-8.92562e-05	-8.92562e-05	-8.92562e-05	-8.92562e-05	121
0.823	0.00177886	0.00177886	0.00177886	0.00177886	123
0.824	0.00159398	0.00159398	0.00159398	0.00159398	133
0.825	0.000906897	0.000906897	0.000906897	0.000906897	116
0.826	-0.00137273	-0.00137273	-0.00137273	-0.00137273	132
0.827	0.00316641	0.00316641	0.00316641	0.00316641	131
0.828	0.0004	0.0004	0.0004	0.0004	125
0.829	-0.000848485	-0.000848485	-0.000848485	-0.000848485	132
0.83	-0.00143363	-0.00143363	-0.00143363	-0.00143363	113
0.831	0.00200857	0.00200857	0.00200857	0.00200857	140
0.832	0.00172923	0.00172923	0.00172923	0.00172923	130
0.833	-0.000454286	-0.000454286	-0.000454286	-0.000454286	140
0.834	0.000243478	0.000243478	0.000243478	0.000243478	138
0.835	-0.00103273	-0.00103273	-0.00103273	-0.00103273	110
0.836	-0.00127857	-0.00127857	-0.00127857	-0.00127857	112
0.837	-0.000357377	-0.000357377	-0.000357377	-0.000357377	122
0.838	-0.00116697	-0.00116697	-0.00116697	-0.00116697	109
0.839	-0.000365385	-0.000365385	-0.000365385	-0.000365385	104
0.84	0.00325895	0.00325895	0.00325895	0.00325895	95
0.841	-0.000368504	-0.000368504	-0.000368504	-0.000368504	127
0.842	0.0015395	0.0015395	0.0015395	0.0015395	119
0.843	0.00102366	0.00102366	0.00102366	0.00102366	93
0.844	0.00238857	0.00238857	0.00238857	0.00238857	105
0.845	-3.33333e-05	-3.33333e-05	-3.33333e-05	-3.33333e-05	120
0.846	0.00100855	0.00100855	0.00100855	0.00100855	117
0.847	-0.00189313	-0.00189313	-0.00189313	-0.00189313	131
0.848	-0.00226667	-0.00226667	-0.00226667	-0.00226667	114
0.849	0.000507586	0.000507586	0.000507586	0.000507586	145
0.85	-0.000343262	-0.000343262	-0.000343262	-0.000343262	141
0.851	-0.00174884	-0.00174884	-0.00174884	-0.00174884	86
0.852	0.000114783	0.000114783	0.000114783	0.000114783	115
0.853	-0.00205217	-0.00205217	-0.00205217	-0.00205217	115
0.854	-0.000304	-0.000304	-0.000304	-0.000304	125
0.855	-0.00316735	-0.00316735	-0.00316735	-0.00316735	98
0.856	-0.00156757	-0.00156757	-0.00156757	-0.00156757	111
0.857	0.00117551	0.00117551	0.00117551	0.00117551	98
0.858	0.000214876	0.000214876	0.000214876	0.000214876	121
0.859	0.00133333	0.00133333	0.00133333	0.00133333	132
0.86	0.00133878	0.00133878	0.00133878	0.00133878	147
0.861	-0.0005472	-0.0005472	-0.0005472	-0.0005472	125
0.862	-0.000100901	-0.000100901	-0.000100901	-0.000100901	111
0.863	0.000122222	0.000122222	0.000122222	0.000122222	108
0.864	0.00208828	0.00208828	0.00208828	0.00208828	145
0.865	-0.00106667	-0.00106667	-0.00106667	-0.00106667	132
0.866	-0.00113871	-0.00113871	-0.00113871	-0.00113871	124
0.867	-0.00128544	-0.00128544	-0.00128544	-0.00128544	103
0.868	-0.000439394	-0.000439394	-0.000439394	-0.000439394	132
0.869	0.00180426	0.00180426	0.00180426	0.00180426	141
0.87	-0.000666667	-0.000666667	-0.000666667	-0.000666667	129
0.871	-0.000656489	-0.000656489	-0.000656489	-0.000656489	131
0.872	-0.000166423	-0.000166423	-0.000166423	-0.000166423	137
0.873	0.00159733	0.00159733	0.00159733	0.00159733	150
0.874	0.00331111	0.00331111	0.00331111	0.00331111	126
0.875	0.00263729	0.00263729	0.00263729	0.00263729	118
0.876	0.0027609	0.0027609	0.0027609	0.0027609	133
0.877	-0.000241791	-0.000241791	-0.000241791	-0.000241791	134
0.878	0.000961345	0.000961345	0.000961345	0.000961345	119
0.879	-3.36134e-06	-3.36134e-06	-3.36134e-06	-3.36134e-06	119
0.88	0.000657627	0.000657627	0.000657627	0.000657627	118
0.881	-0.0016855	-0.0016855	-0.0016855	-0.0016855	131
0.882	-0.00181277	-0.00181277	-0.00181277	-0.00181277	141
0.883	0.000161832	0.000161832	0.000161832	0.000161832	131
0.884	-0.000890141	-0.000890141	-0.000890141	-0.000890141	142
0.885	0.000102479	0.000102479	0.000102479	0.000102479	121
0.886	0.000523077	0.000523077	0.000523077	0.000523077	143
0.887	0.000315493	0.000315493	0.000315493	0.000315493	142
0.888	0.00166275	0.00166275	0.00166275	0.00166275	153
0.889	-0.000255367	-0.000255367	-0.000255367	-0.000255367	177
0.89	-0.000830058	-0.000830058	-0.000830058	-0.000830058	173
0.891	0.0008125	0.0008125	0.0008125	0.0008125	160
0.892	-0.000563077	-0.000563077	-0.000563077	-0.000563077	130
0.893	0.00262819	0.00262819	0.00262819	0.00262819	149
0.894	0.00281842	0.00281842	0.00281842	0.00281842	152
0.895	-0.00252857	-0.00252857	-0.00252857	-0.00252857	168
0.896	-0.00167949	-0.00167949	-0.00167949	-0.00167949	156
0.897	-0.00121611	-0.00121611	-0.00121611	-0.00121611	149
0.898	-0.000964706	-0.000964706	-0.000964706	-0.000964706	153
0.899	-0.00396279	-0.00396279	-0.00396279	-0.00396279	172
0.9	-0.00368108	-0.00368108	-0.00368108	-0.00368108	148
0.901	-0.00257021	-0.00257021	-0.00257021	-0.00257021	141
0.902	-0.00270345	-0.00270345	-0.00270345	-0.00270345	145
0.903	0.0026303	0.0026303	0.0026303	0.0026303	132
0.904	-0.000474286	-0.000474286	-0.000474286	-0.000474286	140
0.905	0.000678899	0.000678899	0.000678899	0.000678899	109
0.906	-0.000296552	-0.000296552	-0.000296552	-0.000296552	116
0.907	0.000818349	0.000818349	0.000818349	0.000818349	109
0.908	-0.000241176	-0.000241176	-0.000241176	-0.000241176	136
0.909	-0.000521101	-0.000521101	-0.000521101	-0.000521101	109
0.91	-0.000552381	-0.000552381	-0.000552381	-0.000552381	126
0.911	0.00152475	0.00152475	0.00152475	0.00152475	101
0.912	-0.00246387	-0.00246387	-0.00246387	-0.00246387	119
0.913	-0.00109037	-0.00109037	-0.00109037	-0.00109037	135
0.914	-0.00127143	-0.00127143	-0.00127143	-0.00127143	112
0.915	-0.000592908	-0.000592908	-0.000592908	-0.000592908	141
0.916	0.000664748	0.000664748	0.000664748	0.000664748	139
0.917	0.000765354	0.000765354	0.000765354	0.000765354	127
0.918	9.18033e-05	9.18033e-05	9.18033e-05	9.18033e-05	122
0.919	0.000754717	0.000754717	0.000754717	0.000754717	106
0.92	0.00678125	0.00678125	0.00678125	0.00678125	128
0.921	8.05755e-05	8.05755e-05	8.05755e-05	8.05755e-05	139
0.922	-0.000255856	-0.000255856	-0.000255856	-0.000255856	111
0.923	-0.000513158	-0.000513158	-0.000513158	-0.000513158	152
0.924	0.000872993	0.000872993	0.000872993	0.000872993	137
0.925	-0.00219104	-0.00219104	-0.00219104	-0.00219104	134
0.926	-0.00205357	-0.00205357	-0.00205357	-0.00205357	112
0.927	-0.00278632	-0.00278632	-0.00278632	-0.00278632	117
0.928	0.00107097	0.00107097	0.00107097	0.00107097	124
0.929	-0.000762205	-0.000762205	-0.000762205	-0.000762205	127
0.93	0.000458065	0.000458065	0.000458065	0.000458065	124
0.931	0.000406504	0.000406504	0.000406504	0.000406504	123
0.932	0.0005792	0.0005792	0.0005792	0.0005792	125
0.933	-0.00117398	-0.00117398	-0.00117398	-0.00117398	123
0.934	-1.84615e-05	-1.84615e-05	-1.84615e-05	-1.84615e-05	130
0.935	0.00140656	0.00140656	0.00140656	0.00140656	122
0.936	0.00104571	0.00104571	0.00104571	0.00104571	140
0.937	0.000455046	0.000455046	0.000455046	0.000455046	109
0.938	0.00115702	0.00115702	0.00115702	0.00115702	121
0.939	-0.0003072	-0.0003072	-0.0003072	-0.0003072	125
0.94	0.00113391	0.00113391	0.00113391	0.00113391	115
0.941	-0.000477419	-0.000477419	-0.000477419	-0.000477419	124
0.942	-0.000866667	-0.000866667	-0.000866667	-0.000866667	96
0.943	-0.00132283	-0.00132283	-0.00132283	-0.00132283	127
0.944	-0.000171429	-0.000171429	-0.000171429	-0.000171429	105
0.945	-0.00278545	-0.00278545	-0.00278545	-0.00278545	110
0.946	-0.00153496	-0.00153496	-0.00153496	-0.00153496	123
0.947	-3.41085e-05	-3.41085e-05	-3.41085e-05	-3.41085e-05	129
0.948	-0.00355591	-0.00355591	-0.00355591	-0.00355591	127
0.949	-0.000981818	-0.000981818	-0.000981818	-0.000981818	143
0.95	-0.00115161	-0.00115161	-0.00115161	-0.00115161	124
0.951	0.000290265	0.000290265	0.000290265	0.000290265	113
0.952	-0.000220408	-0.000220408	-0.000220408	-0.000220408	98
0.953	-0.000968116	-0.000968116	-0.000968116	-0.000968116	138
0.954	0.00181867	0.00181867	0.00181867	0.00181867	150
0.955	0.000416	0.000416	0.000416	0.000416	125
0.956	0.00245965	0.00245965	0.00245965	0.00245965	114
0.957	0.0048391	0.0048391	0.0048391	0.0048391	133
0.958	0.000364912	0.000364912	0.000364912	0.000364912	114
0.959	0.00115229	0.00115229	0.00115229	0.00115229	109
0.96	0.000608264	0.000608264	0.000608264	0.000608264	121
0.961	0.00221488	0.00221488	0.00221488	0.00221488	121
0.962	-0.000684685	-0.000684685	-0.000684685	-0.000684685	111
0.963	-0.000346392	-0.000346392	-0.000346392	-0.000346392	97
0.964	-0.00107018	-0.00107018	-0.00107018	-0.00107018	114
0.965	-0.0020172	-0.0020172	-0.0020172	-0.0020172	93
0.966	0.00108679	0.00108679	0.00108679	0.00108679	106
0.967	-0.000495238	-0.000495238	-0.000495238	-0.000495238	105
0.968	-0.00154824	-0.00154824	-0.00154824	-0.00154824	85
0.969	0.00389091	0.00389091	0.00389091	0.00389091	99
0.97	0.00176124	0.00176124	0.00176124	0.00176124	129
0.971	0.000605217	0.000605217	0.000605217	0.000605217	115
0.972	2.37624e-05	2.37624e-05	2.37624e-05	2.37624e-05	101
0.973	-0.00213913	-0.00213913	-0.00213913	-0.00213913	115
0.974	0.000192593	0.000192593	0.000192593	0.000192593	108
0.975	-0.000455556	-0.000455556	-0.000455556	-0.000455556	108
0.976	0.00223571	0.00223571	0.00223571	0.00223571	112
0.977	0.000839604	0.000839604	0.000839604	0.000839604	101
0.978	0.00125528	0.00125528	0.00125528	0.00125528	123
0.979	-0.000806957	-0.000806957	-0.000806957	-0.000806957	115
0.98	-0.00264839	-0.00264839	-0.00264839	-0.00264839	124
0.981	0.000518033	0.000518033	0.000518033	0.000518033	122
0.982	0.000571429	0.000571429	0.000571429	0.000571429	112
0.983	-0.00135319	-0.00135319	-0.00135319	-0.00135319	94
0.984	-0.00197757	-0.00197757	-0.00197757	-0.00197757	107
0.985	-0.000281633	-0.000281633	-0.000281633	-0.000281633	98
0.986	-0.000989474	-0.000989474	-0.000989474	-0.000989474	114
0.987	0.00045	0.00045	0.00045	0.00045	128
0.988	-0.00328462	-0.00328462	-0.00328462	-0.00328462	104
0.989	-0.00273684	-0.00273684	-0.00273684	-0.00273684	133
0.99	-0.00428811	-0.00428811	-0.00428811	-0.00428811	143
0.991	-0.00126	-0.00126	-0.00126	-0.00126	120
0.992	0.00176429	0.00176429	0.00176429	0.00176429	112
0.993	0.00188772	0.00188772	0.00188772	0.00188772	114
0.994	0.005636	0.005636	0.005636	0.005636	100
0.995	0.00341739	0.00341739	0.00341739	0.00341739	92
0.996	0.0016375	0.0016375	0.0016375	0.0016375	96
0.997	0.000257576	0.000257576	0.000257576	0.000257576	132
0.998	0.00150949	0.00150949	0.00150949	0.00150949	137
0.999	0.00289091	0.00289091	0.00289091	0.00289091	132
1	0.00403179	0.00403179	0.00403179	0.00403179	151
