0.001	0.0646923	0.0646923	0.0646923	0.0646923	3885
0.002	0.0595663	0.0595663	0.0595663	0.0595663	3384
0.003	0.0538776	0.0538776	0.0538776	0.0538776	2889
0.004	0.0505657	0.0505657	0.0505657	0.0505657	2694
0.005	0.0473415	0.0473415	0.0473415	0.0473415	2524
0.006	0.0451982	0.0451982	0.0451982	0.0451982	2471
0.007	0.0430645	0.0430645	0.0430645	0.0430645	2347
0.008	0.0410808	0.0410808	0.0410808	0.0410808	2188
0.009	0.040644	0.040644	0.040644	0.040644	2157
0.01	0.0389331	0.0389331	0.0389331	0.0389331	1972
0.011	0.0364244	0.0364244	0.0364244	0.0364244	1969
0.012	0.0363011	0.0363011	0.0363011	0.0363011	1918
0.013	0.0355594	0.0355594	0.0355594	0.0355594	1943
0.014	0.0343679	0.0343679	0.0343679	0.0343679	1909
0.015	0.0344062	0.0344062	0.0344062	0.0344062	1922
0.016	0.0332435	0.0332435	0.0332435	0.0332435	1850
0.017	0.032783	0.032783	0.032783	0.032783	1856
0.018	0.0309814	0.0309814	0.0309814	0.0309814	1813
0.019	0.0309251	0.0309251	0.0309251	0.0309251	1797
0.02	0.0299683	0.0299683	0.0299683	0.0299683	1852
0.021	0.0290274	0.0290274	0.0290274	0.0290274	1717
0.022	0.0311782	0.0311782	0.0311782	0.0311782	1798
0.023	0.0292699	0.0292699	0.0292699	0.0292699	1712
0.024	0.029209	0.029209	0.029209	0.029209	1731
0.025	0.026628	0.026628	0.026628	0.026628	1688
0.026	0.0271912	0.0271912	0.0271912	0.0271912	1725
0.027	0.0281146	0.0281146	0.0281146	0.0281146	1714
0.028	0.0291738	0.0291738	0.0291738	0.0291738	1646
0.029	0.0266497	0.0266497	0.0266497	0.0266497	1719
0.03	0.0268075	0.0268075	0.0268075	0.0268075	1708
0.031	0.0271093	0.0271093	0.0271093	0.0271093	1653
0.032	0.025449	0.025449	0.025449	0.025449	1748
0.033	0.0269353	0.0269353	0.0269353	0.0269353	1623
0.034	0.024553	0.024553	0.024553	0.024553	1707
0.035	0.0263936	0.0263936	0.0263936	0.0263936	1689
0.036	0.0246694	0.0246694	0.0246694	0.0246694	1642
0.037	0.0251964	0.0251964	0.0251964	0.0251964	1658
0.038	0.0254847	0.0254847	0.0254847	0.0254847	1623
0.039	0.0248506	0.0248506	0.0248506	0.0248506	1621
0.04	0.0249556	0.0249556	0.0249556	0.0249556	1645
0.041	0.0250733	0.0250733	0.0250733	0.0250733	1607
0.042	0.0239211	0.0239211	0.0239211	0.0239211	1647
0.043	0.0244165	0.0244165	0.0244165	0.0244165	1647
0.044	0.0255212	0.0255212	0.0255212	0.0255212	1588
0.045	0.0241114	0.0241114	0.0241114	0.0241114	1637
0.046	0.0234882	0.0234882	0.0234882	0.0234882	1617
0.047	0.0215974	0.0215974	0.0215974	0.0215974	1665
0.048	0.0218205	0.0218205	0.0218205	0.0218205	1640
0.049	0.0223628	0.0223628	0.0223628	0.0223628	1654
0.05	0.0209393	0.0209393	0.0209393	0.0209393	1663
0.051	0.0197557	0.0197557	0.0197557	0.0197557	1744
0.052	0.0220571	0.0220571	0.0220571	0.0220571	1659
0.053	0.0209923	0.0209923	0.0209923	0.0209923	1681
0.054	0.022654	0.022654	0.022654	0.022654	1573
0.055	0.019713	0.019713	0.019713	0.019713	1614
0.056	0.0189004	0.0189004	0.0189004	0.0189004	1618
0.057	0.0206227	0.0206227	0.0206227	0.0206227	1613
0.058	0.0223034	0.0223034	0.0223034	0.0223034	1499
0.059	0.0211425	0.0211425	0.0211425	0.0211425	1599
0.06	0.021094	0.021094	0.021094	0.021094	1570
0.061	0.0202763	0.0202763	0.0202763	0.0202763	1655
0.062	0.02078	0.02078	0.02078	0.02078	1616
0.063	0.019789	0.019789	0.019789	0.019789	1615
0.064	0.0191545	0.0191545	0.0191545	0.0191545	1575
0.065	0.0197881	0.0197881	0.0197881	0.0197881	1618
0.066	0.0202619	0.0202619	0.0202619	0.0202619	1613
0.067	0.0194451	0.0194451	0.0194451	0.0194451	1593
0.068	0.0185715	0.0185715	0.0185715	0.0185715	1563
0.069	0.0212325	0.0212325	0.0212325	0.0212325	1563
0.07	0.0187587	0.0187587	0.0187587	0.0187587	1529
0.071	0.0181422	0.0181422	0.0181422	0.0181422	1491
0.072	0.0182145	0.0182145	0.0182145	0.0182145	1505
0.073	0.0182678	0.0182678	0.0182678	0.0182678	1580
0.074	0.016509	0.016509	0.016509	0.016509	1553
0.075	0.0184611	0.0184611	0.0184611	0.0184611	1545
0.076	0.0165716	0.0165716	0.0165716	0.0165716	1587
0.077	0.0153297	0.0153297	0.0153297	0.0153297	1573
0.078	0.0156116	0.0156116	0.0156116	0.0156116	1547
0.079	0.0163721	0.0163721	0.0163721	0.0163721	1589
0.08	0.0168084	0.0168084	0.0168084	0.0168084	1532
0.081	0.0165314	0.0165314	0.0165314	0.0165314	1528
0.082	0.0168941	0.0168941	0.0168941	0.0168941	1547
0.083	0.0151997	0.0151997	0.0151997	0.0151997	1509
0.084	0.014778	0.014778	0.014778	0.014778	1563
0.085	0.0148644	0.0148644	0.0148644	0.0148644	1535
0.086	0.0157992	0.0157992	0.0157992	0.0157992	1574
0.087	0.01458	0.01458	0.01458	0.01458	1567
0.088	0.0132171	0.0132171	0.0132171	0.0132171	1471
0.089	0.0144826	0.0144826	0.0144826	0.0144826	1497
0.09	0.0145461	0.0145461	0.0145461	0.0145461	1580
0.091	0.0144021	0.0144021	0.0144021	0.0144021	1548
0.092	0.0147816	0.0147816	0.0147816	0.0147816	1504
0.093	0.0143456	0.0143456	0.0143456	0.0143456	1449
0.094	0.0151383	0.0151383	0.0151383	0.0151383	1517
0.095	0.0158324	0.0158324	0.0158324	0.0158324	1480
0.096	0.0146303	0.0146303	0.0146303	0.0146303	1518
0.097	0.0135892	0.0135892	0.0135892	0.0135892	1479
0.098	0.0156183	0.0156183	0.0156183	0.0156183	1465
0.099	0.0126119	0.0126119	0.0126119	0.0126119	1495
0.1	0.0128684	0.0128684	0.0128684	0.0128684	1485
0.101	0.0138169	0.0138169	0.0138169	0.0138169	1483
0.102	0.0140211	0.0140211	0.0140211	0.0140211	1514
0.103	0.0131732	0.0131732	0.0131732	0.0131732	1565
0.104	0.0140727	0.0140727	0.0140727	0.0140727	1585
0.105	0.013975	0.013975	0.013975	0.013975	1442
0.106	0.0131195	0.0131195	0.0131195	0.0131195	1501
0.107	0.0137274	0.0137274	0.0137274	0.0137274	1520
0.108	0.0119517	0.0119517	0.0119517	0.0119517	1458
0.109	0.0121456	0.0121456	0.0121456	0.0121456	1462
0.11	0.0117695	0.0117695	0.0117695	0.0117695	1461
0.111	0.0129927	0.0129927	0.0129927	0.0129927	1453
0.112	0.0114764	0.0114764	0.0114764	0.0114764	1495
0.113	0.0112727	0.0112727	0.0112727	0.0112727	1463
0.114	0.0131551	0.0131551	0.0131551	0.0131551	1516
0.115	0.0128602	0.0128602	0.0128602	0.0128602	1516
0.116	0.0116947	0.0116947	0.0116947	0.0116947	1487
0.117	0.0131619	0.0131619	0.0131619	0.0131619	1470
0.118	0.0122551	0.0122551	0.0122551	0.0122551	1413
0.119	0.0108225	0.0108225	0.0108225	0.0108225	1403
0.12	0.0124425	0.0124425	0.0124425	0.0124425	1525
0.121	0.0112903	0.0112903	0.0112903	0.0112903	1430
0.122	0.0112601	0.0112601	0.0112601	0.0112601	1483
0.123	0.0122402	0.0122402	0.0122402	0.0122402	1387
0.124	0.0118884	0.0118884	0.0118884	0.0118884	1548
0.125	0.0107574	0.0107574	0.0107574	0.0107574	1466
0.126	0.011527	0.011527	0.011527	0.011527	1469
0.127	0.0108083	0.0108083	0.0108083	0.0108083	1497
0.128	0.0126869	0.0126869	0.0126869	0.0126869	1503
0.129	0.0105088	0.0105088	0.0105088	0.0105088	1474
0.13	0.0104334	0.0104334	0.0104334	0.0104334	1497
0.131	0.00997637	0.00997637	0.00997637	0.00997637	1439
0.132	0.0114144	0.0114144	0.0114144	0.0114144	1461
0.133	0.010334	0.010334	0.010334	0.010334	1461
0.134	0.0115329	0.0115329	0.0115329	0.0115329	1497
0.135	0.0105898	0.0105898	0.0105898	0.0105898	1473
0.136	0.0103699	0.0103699	0.0103699	0.0103699	1490
0.137	0.00987692	0.00987692	0.00987692	0.00987692	1456
0.138	0.0110062	0.0110062	0.0110062	0.0110062	1478
0.139	0.0113197	0.0113197	0.0113197	0.0113197	1440
0.14	0.0099116	0.0099116	0.0099116	0.0099116	1466
0.141	0.0106315	0.0106315	0.0106315	0.0106315	1420
0.142	0.0102553	0.0102553	0.0102553	0.0102553	1446
0.143	0.0090429	0.0090429	0.0090429	0.0090429	1515
0.144	0.00982909	0.00982909	0.00982909	0.00982909	1334
0.145	0.0106559	0.0106559	0.0106559	0.0106559	1363
0.146	0.00995027	0.00995027	0.00995027	0.00995027	1488
0.147	0.0100147	0.0100147	0.0100147	0.0100147	1441
0.148	0.0105858	0.0105858	0.0105858	0.0105858	1494
0.149	0.00992629	0.00992629	0.00992629	0.00992629	1476
0.15	0.00962988	0.00962988	0.00962988	0.00962988	1446
0.151	0.00963095	0.00963095	0.00963095	0.00963095	1396
0.152	0.00933526	0.00933526	0.00933526	0.00933526	1452
0.153	0.0112348	0.0112348	0.0112348	0.0112348	1460
0.154	0.00905375	0.00905375	0.00905375	0.00905375	1425
0.155	0.0100219	0.0100219	0.0100219	0.0100219	1406
0.156	0.00792556	0.00792556	0.00792556	0.00792556	1440
0.157	0.00912836	0.00912836	0.00912836	0.00912836	1368
0.158	0.00879696	0.00879696	0.00879696	0.00879696	1449
0.159	0.00859917	0.00859917	0.00859917	0.00859917	1442
0.16	0.00869378	0.00869378	0.00869378	0.00869378	1480
0.161	0.00820579	0.00820579	0.00820579	0.00820579	1452
0.162	0.00759179	0.00759179	0.00759179	0.00759179	1461
0.163	0.00848985	0.00848985	0.00848985	0.00848985	1429
0.164	0.00846065	0.00846065	0.00846065	0.00846065	1451
0.165	0.0082138	0.0082138	0.0082138	0.0082138	1377
0.166	0.00863901	0.00863901	0.00863901	0.00863901	1374
0.167	0.00810021	0.00810021	0.00810021	0.00810021	1441
0.168	0.00830669	0.00830669	0.00830669	0.00830669	1419
0.169	0.00922285	0.00922285	0.00922285	0.00922285	1418
0.17	0.00767229	0.00767229	0.00767229	0.00767229	1411
0.171	0.00768573	0.00768573	0.00768573	0.00768573	1451
0.172	0.00811521	0.00811521	0.00811521	0.00811521	1427
0.173	0.00852187	0.00852187	0.00852187	0.00852187	1431
0.174	0.00697778	0.00697778	0.00697778	0.00697778	1431
0.175	0.0071066	0.0071066	0.0071066	0.0071066	1469
0.176	0.00733426	0.00733426	0.00733426	0.00733426	1433
0.177	0.0070779	0.0070779	0.0070779	0.0070779	1543
0.178	0.00654791	0.00654791	0.00654791	0.00654791	1482
0.179	0.00646897	0.00646897	0.00646897	0.00646897	1479
0.18	0.00602884	0.00602884	0.00602884	0.00602884	1581
0.181	0.00627309	0.00627309	0.00627309	0.00627309	1453
0.182	0.0065204	0.0065204	0.0065204	0.0065204	1495
0.183	0.0066429	0.0066429	0.0066429	0.0066429	1464
0.184	0.00648055	0.00648055	0.00648055	0.00648055	1455
0.185	0.00656541	0.00656541	0.00656541	0.00656541	1480
0.186	0.00618877	0.00618877	0.00618877	0.00618877	1460
0.187	0.00679042	0.00679042	0.00679042	0.00679042	1503
0.188	0.00634228	0.00634228	0.00634228	0.00634228	1483
0.189	0.00625815	0.00625815	0.00625815	0.00625815	1441
0.19	0.00682989	0.00682989	0.00682989	0.00682989	1472
0.191	0.0074998	0.0074998	0.0074998	0.0074998	1489
0.192	0.00649583	0.00649583	0.00649583	0.00649583	1486
0.193	0.00691525	0.00691525	0.00691525	0.00691525	1482
0.194	0.00645361	0.00645361	0.00645361	0.00645361	1358
0.195	0.00684524	0.00684524	0.00684524	0.00684524	1512
0.196	0.00494735	0.00494735	0.00494735	0.00494735	1436
0.197	0.00540819	0.00540819	0.00540819	0.00540819	1441
0.198	0.00565936	0.00565936	0.00565936	0.00565936	1415
0.199	0.00450692	0.00450692	0.00450692	0.00450692	1343
0.2	0.00635022	0.00635022	0.00635022	0.00635022	1350
0.201	0.00635808	0.00635808	0.00635808	0.00635808	1479
0.202	0.00612842	0.00612842	0.00612842	0.00612842	1411
0.203	0.00711467	0.00711467	0.00711467	0.00711467	1486
0.204	0.00604358	0.00604358	0.00604358	0.00604358	1487
0.205	0.0065543	0.0065543	0.0065543	0.0065543	1418
0.206	0.00598355	0.00598355	0.00598355	0.00598355	1508
0.207	0.0045322	0.0045322	0.0045322	0.0045322	1407
0.208	0.00511285	0.00511285	0.00511285	0.00511285	1354
0.209	0.00579104	0.00579104	0.00579104	0.00579104	1451
0.21	0.00498799	0.00498799	0.00498799	0.00498799	1332
0.211	0.0052648	0.0052648	0.0052648	0.0052648	1358
0.212	0.00547394	0.00547394	0.00547394	0.00547394	1374
0.213	0.0055709	0.0055709	0.0055709	0.0055709	1347
0.214	0.00526227	0.00526227	0.00526227	0.00526227	1439
0.215	0.00494321	0.00494321	0.00494321	0.00494321	1363
0.216	0.005755	0.005755	0.005755	0.005755	1409
0.217	0.00483795	0.00483795	0.00483795	0.00483795	1444
0.218	0.00479636	0.00479636	0.00479636	0.00479636	1428
0.219	0.0061687	0.0061687	0.0061687	0.0061687	1444
0.22	0.0049193	0.0049193	0.0049193	0.0049193	1368
0.221	0.00438076	0.00438076	0.00438076	0.00438076	1372
0.222	0.00455713	0.00455713	0.00455713	0.00455713	1423
0.223	0.00579063	0.00579063	0.00579063	0.00579063	1452
0.224	0.00391732	0.00391732	0.00391732	0.00391732	1403
0.225	0.00496859	0.00496859	0.00496859	0.00496859	1407
0.226	0.0048544	0.0048544	0.0048544	0.0048544	1419
0.227	0.00449142	0.00449142	0.00449142	0.00449142	1387
0.228	0.00441065	0.00441065	0.00441065	0.00441065	1314
0.229	0.00452804	0.00452804	0.00452804	0.00452804	1359
0.23	0.00432684	0.00432684	0.00432684	0.00432684	1427
0.231	0.00508958	0.00508958	0.00508958	0.00508958	1420
0.232	0.00415698	0.00415698	0.00415698	0.00415698	1353
0.233	0.00478211	0.00478211	0.00478211	0.00478211	1476
0.234	0.00500043	0.00500043	0.00500043	0.00500043	1387
0.235	0.00544096	0.00544096	0.00544096	0.00544096	1416
0.236	0.00486916	0.00486916	0.00486916	0.00486916	1446
0.237	0.00377601	0.00377601	0.00377601	0.00377601	1484
0.238	0.00592094	0.00592094	0.00592094	0.00592094	1356
0.239	0.00489341	0.00489341	0.00489341	0.00489341	1426
0.24	0.00471281	0.00471281	0.00471281	0.00471281	1390
0.241	0.00435543	0.00435543	0.00435543	0.00435543	1400
0.242	0.00431096	0.00431096	0.00431096	0.00431096	1451
0.243	0.00474453	0.00474453	0.00474453	0.00474453	1435
0.244	0.00365337	0.00365337	0.00365337	0.00365337	1454
0.245	0.00462406	0.00462406	0.00462406	0.00462406	1430
0.246	0.00430976	0.00430976	0.00430976	0.00430976	1414
0.247	0.00391359	0.00391359	0.00391359	0.00391359	1361
0.248	0.00344107	0.00344107	0.00344107	0.00344107	1417
0.249	0.00417655	0.00417655	0.00417655	0.00417655	1416
0.25	0.00347095	0.00347095	0.00347095	0.00347095	1339
0.251	0.00396511	0.00396511	0.00396511	0.00396511	1456
0.252	0.0043632	0.0043632	0.0043632	0.0043632	1348
0.253	0.00362469	0.00362469	0.00362469	0.00362469	1377
0.254	0.00312069	0.00312069	0.00312069	0.00312069	1397
0.255	0.00248822	0.00248822	0.00248822	0.00248822	1392
0.256	0.00414896	0.00414896	0.00414896	0.00414896	1399
0.257	0.0036989	0.0036989	0.0036989	0.0036989	1460
0.258	0.00389746	0.00389746	0.00389746	0.00389746	1416
0.259	0.00380407	0.00380407	0.00380407	0.00380407	1425
0.26	0.00389612	0.00389612	0.00389612	0.00389612	1494
0.261	0.00442757	0.00442757	0.00442757	0.00442757	1393
0.262	0.0035351	0.0035351	0.0035351	0.0035351	1436
0.263	0.00363597	0.00363597	0.00363597	0.00363597	1401
0.264	0.0034877	0.0034877	0.0034877	0.0034877	1407
0.265	0.00402472	0.00402472	0.00402472	0.00402472	1343
0.266	0.00304857	0.00304857	0.00304857	0.00304857	1429
0.267	0.00339274	0.00339274	0.00339274	0.00339274	1378
0.268	0.00280268	0.00280268	0.00280268	0.00280268	1342
0.269	0.00349472	0.00349472	0.00349472	0.00349472	1383
0.27	0.00220431	0.00220431	0.00220431	0.00220431	1347
0.271	0.00193996	0.00193996	0.00193996	0.00193996	1339
0.272	0.00350941	0.00350941	0.00350941	0.00350941	1466
0.273	0.00244206	0.00244206	0.00244206	0.00244206	1360
0.274	0.00218353	0.00218353	0.00218353	0.00218353	1384
0.275	0.00339807	0.00339807	0.00339807	0.00339807	1347
0.276	0.00282775	0.00282775	0.00282775	0.00282775	1355
0.277	0.00266629	0.00266629	0.00266629	0.00266629	1418
0.278	0.00268747	0.00268747	0.00268747	0.00268747	1365
0.279	0.00266472	0.00266472	0.00266472	0.00266472	1369
0.28	0.00293978	0.00293978	0.00293978	0.00293978	1428
0.281	0.00233255	0.00233255	0.00233255	0.00233255	1370
0.282	0.00291538	0.00291538	0.00291538	0.00291538	1352
0.283	0.00287942	0.00287942	0.00287942	0.00287942	1390
0.284	0.00340784	0.00340784	0.00340784	0.00340784	1378
0.285	0.00283986	0.00283986	0.00283986	0.00283986	1395
0.286	0.00296044	0.00296044	0.00296044	0.00296044	1451
0.287	0.00318953	0.00318953	0.00318953	0.00318953	1414
0.288	0.0023094	0.0023094	0.0023094	0.0023094	1373
0.289	0.00211903	0.00211903	0.00211903	0.00211903	1398
0.29	0.00335163	0.00335163	0.00335163	0.00335163	1377
0.291	0.00340863	0.00340863	0.00340863	0.00340863	1390
0.292	0.00279484	0.00279484	0.00279484	0.00279484	1319
0.293	0.00288795	0.00288795	0.00288795	0.00288795	1319
0.294	0.00332972	0.00332972	0.00332972	0.00332972	1366
0.295	0.00270561	0.00270561	0.00270561	0.00270561	1284
0.296	0.00281267	0.00281267	0.00281267	0.00281267	1358
0.297	0.00219851	0.00219851	0.00219851	0.00219851	1344
0.298	0.00388605	0.00388605	0.00388605	0.00388605	1362
0.299	0.00335571	0.00335571	0.00335571	0.00335571	1400
0.3	0.00341818	0.00341818	0.00341818	0.00341818	1419
0.301	0.00326874	0.00326874	0.00326874	0.00326874	1385
0.302	0.00360495	0.00360495	0.00360495	0.00360495	1374
0.303	0.00280057	0.00280057	0.00280057	0.00280057	1401
0.304	0.00303597	0.00303597	0.00303597	0.00303597	1329
0.305	0.00403107	0.00403107	0.00403107	0.00403107	1352
0.306	0.00338881	0.00338881	0.00338881	0.00338881	1358
0.307	0.00305766	0.00305766	0.00305766	0.00305766	1391
0.308	0.00333034	0.00333034	0.00333034	0.00333034	1335
0.309	0.00283811	0.00283811	0.00283811	0.00283811	1354
0.31	0.00310853	0.00310853	0.00310853	0.00310853	1325
0.311	0.00256442	0.00256442	0.00256442	0.00256442	1338
0.312	0.00239915	0.00239915	0.00239915	0.00239915	1416
0.313	0.00293478	0.00293478	0.00293478	0.00293478	1386
0.314	0.00255912	0.00255912	0.00255912	0.00255912	1272
0.315	0.00240568	0.00240568	0.00240568	0.00240568	1337
0.316	0.00251282	0.00251282	0.00251282	0.00251282	1404
0.317	0.0021726	0.0021726	0.0021726	0.0021726	1409
0.318	0.00142486	0.00142486	0.00142486	0.00142486	1384
0.319	0.00224848	0.00224848	0.00224848	0.00224848	1386
0.32	0.00248301	0.00248301	0.00248301	0.00248301	1354
0.321	0.00174901	0.00174901	0.00174901	0.00174901	1361
0.322	0.00217819	0.00217819	0.00217819	0.00217819	1284
0.323	0.00183076	0.00183076	0.00183076	0.00183076	1359
0.324	0.00197256	0.00197256	0.00197256	0.00197256	1385
0.325	0.00213216	0.00213216	0.00213216	0.00213216	1362
0.326	0.00193141	0.00193141	0.00193141	0.00193141	1388
0.327	0.00164042	0.00164042	0.00164042	0.00164042	1336
0.328	0.00292879	0.00292879	0.00292879	0.00292879	1438
0.329	0.0024094	0.0024094	0.0024094	0.0024094	1362
0.33	0.00246973	0.00246973	0.00246973	0.00246973	1348
0.331	0.00235685	0.00235685	0.00235685	0.00235685	1335
0.332	0.00200549	0.00200549	0.00200549	0.00200549	1385
0.333	0.00241758	0.00241758	0.00241758	0.00241758	1456
0.334	0.00217465	0.00217465	0.00217465	0.00217465	1420
0.335	0.00228902	0.00228902	0.00228902	0.00228902	1384
0.336	0.00248623	0.00248623	0.00248623	0.00248623	1322
0.337	0.00231884	0.00231884	0.00231884	0.00231884	1385
0.338	0.00122105	0.00122105	0.00122105	0.00122105	1387
0.339	0.00188017	0.00188017	0.00188017	0.00188017	1392
0.34	0.0013313	0.0013313	0.0013313	0.0013313	1380
0.341	0.000636907	0.000636907	0.000636907	0.000636907	1371
0.342	0.000910158	0.000910158	0.000910158	0.000910158	1329
0.343	0.00188865	0.00188865	0.00188865	0.00188865	1322
0.344	0.00205047	0.00205047	0.00205047	0.00205047	1387
0.345	0.00133649	0.00133649	0.00133649	0.00133649	1351
0.346	0.00186476	0.00186476	0.00186476	0.00186476	1331
0.347	0.000737233	0.000737233	0.000737233	0.000737233	1402
0.348	0.00169076	0.00169076	0.00169076	0.00169076	1375
0.349	0.00160352	0.00160352	0.00160352	0.00160352	1364
0.35	0.00216236	0.00216236	0.00216236	0.00216236	1355
0.351	0.00261187	0.00261187	0.00261187	0.00261187	1348
0.352	0.00156201	0.00156201	0.00156201	0.00156201	1316
0.353	0.00178864	0.00178864	0.00178864	0.00178864	1321
0.354	0.00193386	0.00193386	0.00193386	0.00193386	1270
0.355	0.00167666	0.00167666	0.00167666	0.00167666	1341
0.356	0.00173584	0.00173584	0.00173584	0.00173584	1331
0.357	0.00228061	0.00228061	0.00228061	0.00228061	1253
0.358	0.0021247	0.0021247	0.0021247	0.0021247	1312
0.359	0.00242112	0.00242112	0.00242112	0.00242112	1269
0.36	0.00125957	0.00125957	0.00125957	0.00125957	1249
0.361	0.00221377	0.00221377	0.00221377	0.00221377	1278
0.362	0.0020971	0.0020971	0.0020971	0.0020971	1277
0.363	0.00233212	0.00233212	0.00233212	0.00233212	1267
0.364	0.00273673	0.00273673	0.00273673	0.00273673	1334
0.365	0.00282561	0.00282561	0.00282561	0.00282561	1312
0.366	0.00229121	0.00229121	0.00229121	0.00229121	1331
0.367	0.00191671	0.00191671	0.00191671	0.00191671	1388
0.368	0.00130116	0.00130116	0.00130116	0.00130116	1293
0.369	0.0020009	0.0020009	0.0020009	0.0020009	1336
0.37	0.00149518	0.00149518	0.00149518	0.00149518	1286
0.371	0.00197797	0.00197797	0.00197797	0.00197797	1362
0.372	0.00170773	0.00170773	0.00170773	0.00170773	1333
0.373	0.00108163	0.00108163	0.00108163	0.00108163	1328
0.374	0.00236242	0.00236242	0.00236242	0.00236242	1341
0.375	0.00140743	0.00140743	0.00140743	0.00140743	1292
0.376	0.00169984	0.00169984	0.00169984	0.00169984	1290
0.377	0.00258638	0.00258638	0.00258638	0.00258638	1307
0.378	0.00198317	0.00198317	0.00198317	0.00198317	1307
0.379	0.00117102	0.00117102	0.00117102	0.00117102	1339
0.38	0.0022249	0.0022249	0.0022249	0.0022249	1277
0.381	0.000934277	0.000934277	0.000934277	0.000934277	1272
0.382	0.00184483	0.00184483	0.00184483	0.00184483	1343
0.383	0.00157496	0.00157496	0.00157496	0.00157496	1358
0.384	0.0010061	0.0010061	0.0010061	0.0010061	1378
0.385	0.000630803	0.000630803	0.000630803	0.000630803	1357
0.386	0.00123012	0.00123012	0.00123012	0.00123012	1288
0.387	0.00126853	0.00126853	0.00126853	0.00126853	1290
0.388	0.00190913	0.00190913	0.00190913	0.00190913	1303
0.389	0.00120119	0.00120119	0.00120119	0.00120119	1346
0.39	0.00175801	0.00175801	0.00175801	0.00175801	1286
0.391	0.000960673	0.000960673	0.000960673	0.000960673	1307
0.392	0.00196398	0.00196398	0.00196398	0.00196398	1288
0.393	0.00181145	0.00181145	0.00181145	0.00181145	1258
0.394	0.0014292	0.0014292	0.0014292	0.0014292	1370
0.395	0.0022246	0.0022246	0.0022246	0.0022246	1325
0.396	0.00122026	0.00122026	0.00122026	0.00122026	1382
0.397	0.00151141	0.00151141	0.00151141	0.00151141	1350
0.398	0.00215323	0.00215323	0.00215323	0.00215323	1253
0.399	0.00170462	0.00170462	0.00170462	0.00170462	1342
0.4	0.00197487	0.00197487	0.00197487	0.00197487	1337
0.401	0.00124444	0.00124444	0.00124444	0.00124444	1359
0.402	0.00137541	0.00137541	0.00137541	0.00137541	1391
0.403	0.000647076	0.000647076	0.000647076	0.000647076	1368
0.404	0.00124099	0.00124099	0.00124099	0.00124099	1376
0.405	0.00213404	0.00213404	0.00213404	0.00213404	1313
0.406	0.00143713	0.00143713	0.00143713	0.00143713	1336
0.407	0.0013848	0.0013848	0.0013848	0.0013848	1342
0.408	0.00212976	0.00212976	0.00212976	0.00212976	1270
0.409	0.00123586	0.00123586	0.00123586	0.00123586	1372
0.41	0.00113903	0.00113903	0.00113903	0.00113903	1299
0.411	0.00185561	0.00185561	0.00185561	0.00185561	1338
0.412	0.00156769	0.00156769	0.00156769	0.00156769	1337
0.413	0.00210517	0.00210517	0.00210517	0.00210517	1335
0.414	0.00174917	0.00174917	0.00174917	0.00174917	1271
0.415	0.00130039	0.00130039	0.00130039	0.00130039	1291
0.416	0.00198572	0.00198572	0.00198572	0.00198572	1345
0.417	0.00196902	0.00196902	0.00196902	0.00196902	1304
0.418	0.00113973	0.00113973	0.00113973	0.00113973	1314
0.419	0.00147392	0.00147392	0.00147392	0.00147392	1323
0.42	0.00173292	0.00173292	0.00173292	0.00173292	1297
0.421	0.000910123	0.000910123	0.000910123	0.000910123	1304
0.422	0.00246889	0.00246889	0.00246889	0.00246889	1318
0.423	0.00196226	0.00196226	0.00196226	0.00196226	1293
0.424	0.00118695	0.00118695	0.00118695	0.00118695	1318
0.425	0.00174803	0.00174803	0.00174803	0.00174803	1343
0.426	0.00209903	0.00209903	0.00209903	0.00209903	1337
0.427	0.00156053	0.00156053	0.00156053	0.00156053	1368
0.428	0.00154504	0.00154504	0.00154504	0.00154504	1361
0.429	0.00136256	0.00136256	0.00136256	0.00136256	1282
0.43	0.00206714	0.00206714	0.00206714	0.00206714	1406
0.431	0.00230014	0.00230014	0.00230014	0.00230014	1382
0.432	0.00157623	0.00157623	0.00157623	0.00157623	1363
0.433	0.00154599	0.00154599	0.00154599	0.00154599	1385
0.434	0.00172197	0.00172197	0.00172197	0.00172197	1338
0.435	0.0019566	0.0019566	0.0019566	0.0019566	1410
0.436	0.00233214	0.00233214	0.00233214	0.00233214	1338
0.437	0.00117012	0.00117012	0.00117012	0.00117012	1352
0.438	0.00100541	0.00100541	0.00100541	0.00100541	1256
0.439	0.00152925	0.00152925	0.00152925	0.00152925	1289
0.44	0.00149344	0.00149344	0.00149344	0.00149344	1235
0.441	0.00195943	0.00195943	0.00195943	0.00195943	1272
0.442	0.000701504	0.000701504	0.000701504	0.000701504	1263
0.443	0.00117299	0.00117299	0.00117299	0.00117299	1303
0.444	0.00152758	0.00152758	0.00152758	0.00152758	1309
0.445	0.00108511	0.00108511	0.00108511	0.00108511	1323
0.446	0.00172371	0.00172371	0.00172371	0.00172371	1316
0.447	0.00100998	0.00100998	0.00100998	0.00100998	1242
0.448	0.00207673	0.00207673	0.00207673	0.00207673	1298
0.449	0.00177625	0.00177625	0.00177625	0.00177625	1255
0.45	0.00135173	0.00135173	0.00135173	0.00135173	1355
0.451	0.0018045	0.0018045	0.0018045	0.0018045	1244
0.452	0.00150557	0.00150557	0.00150557	0.00150557	1292
0.453	0.00148137	0.00148137	0.00148137	0.00148137	1315
0.454	0.00182782	0.00182782	0.00182782	0.00182782	1301
0.455	0.00151482	0.00151482	0.00151482	0.00151482	1343
0.456	0.00125956	0.00125956	0.00125956	0.00125956	1276
0.457	0.00208326	0.00208326	0.00208326	0.00208326	1326
0.458	0.00178455	0.00178455	0.00178455	0.00178455	1320
0.459	0.00134149	0.00134149	0.00134149	0.00134149	1292
0.46	0.00178231	0.00178231	0.00178231	0.00178231	1334
0.461	0.00121023	0.00121023	0.00121023	0.00121023	1368
0.462	0.00104432	0.00104432	0.00104432	0.00104432	1390
0.463	0.00172255	0.00172255	0.00172255	0.00172255	1348
0.464	0.001468	0.001468	0.001468	0.001468	1300
0.465	0.00183007	0.00183007	0.00183007	0.00183007	1224
0.466	0.00209212	0.00209212	0.00209212	0.00209212	1307
0.467	0.00170624	0.00170624	0.00170624	0.00170624	1314
0.468	0.00179243	0.00179243	0.00179243	0.00179243	1347
0.469	0.00151003	0.00151003	0.00151003	0.00151003	1276
0.47	0.00162985	0.00162985	0.00162985	0.00162985	1340
0.471	0.000889384	0.000889384	0.000889384	0.000889384	1347
0.472	0.00148172	0.00148172	0.00148172	0.00148172	1302
0.473	0.00170102	0.00170102	0.00170102	0.00170102	1366
0.474	0.00230123	0.00230123	0.00230123	0.00230123	1300
0.475	0.0013642	0.0013642	0.0013642	0.0013642	1313
0.476	0.00141103	0.00141103	0.00141103	0.00141103	1306
0.477	0.00198681	0.00198681	0.00198681	0.00198681	1304
0.478	0.000711145	0.000711145	0.000711145	0.000711145	1328
0.479	0.00197462	0.00197462	0.00197462	0.00197462	1387
0.48	0.00147763	0.00147763	0.00147763	0.00147763	1386
0.481	0.00168827	0.00168827	0.00168827	0.00168827	1373
0.482	0.000544523	0.000544523	0.000544523	0.000544523	1406
0.483	0.000660104	0.000660104	0.000660104	0.000660104	1341
0.484	0.00116006	0.00116006	0.00116006	0.00116006	1282
0.485	-6.25477e-05	-6.25477e-05	-6.25477e-05	-6.25477e-05	1311
0.486	0.00114836	0.00114836	0.00114836	0.00114836	1340
0.487	0.00152165	0.00152165	0.00152165	0.00152165	1307
0.488	0.00125048	0.00125048	0.00125048	0.00125048	1363
0.489	0.00049675	0.00049675	0.00049675	0.00049675	1323
0.49	0.000581281	0.000581281	0.000581281	0.000581281	1421
0.491	0.00102426	0.00102426	0.00102426	0.00102426	1286
0.492	0.000798271	0.000798271	0.000798271	0.000798271	1388
0.493	0.00112148	0.00112148	0.00112148	0.00112148	1401
0.494	0.000784593	0.000784593	0.000784593	0.000784593	1350
0.495	0.000851433	0.000851433	0.000851433	0.000851433	1361
0.496	0.000962757	0.000962757	0.000962757	0.000962757	1364
0.497	0.000152898	0.000152898	0.000152898	0.000152898	1363
0.498	0.000747361	0.000747361	0.000747361	0.000747361	1345
0.499	0.000873964	0.000873964	0.000873964	0.000873964	1352
0.5	0.000885912	0.000885912	0.000885912	0.000885912	1299
0.501	0.00132988	0.00132988	0.00132988	0.00132988	1389
0.502	0.00156937	0.00156937	0.00156937	0.00156937	1358
0.503	0.00114972	0.00114972	0.00114972	0.00114972	1249
0.504	0.000738261	0.000738261	0.000738261	0.000738261	1380
0.505	0.00120801	0.00120801	0.00120801	0.00120801	1349
0.506	0.000920868	0.000920868	0.000920868	0.000920868	1337
0.507	0.00104416	0.00104416	0.00104416	0.00104416	1345
0.508	6.17228e-05	6.17228e-05	6.17228e-05	6.17228e-05	1335
0.509	0.00103635	0.00103635	0.00103635	0.00103635	1381
0.51	0.000463677	0.000463677	0.000463677	0.000463677	1338
0.511	8.01815e-05	8.01815e-05	8.01815e-05	8.01815e-05	1322
0.512	2.74357e-05	2.74357e-05	2.74357e-05	2.74357e-05	1283
0.513	0.000403942	0.000403942	0.000403942	0.000403942	1319
0.514	0.000812722	0.000812722	0.000812722	0.000812722	1352
0.515	0.000723735	0.000723735	0.000723735	0.000723735	1285
0.516	0.000637433	0.000637433	0.000637433	0.000637433	1309
0.517	0.000635011	0.000635011	0.000635011	0.000635011	1331
0.518	0.00130284	0.00130284	0.00130284	0.00130284	1233
0.519	0.000978914	0.000978914	0.000978914	0.000978914	1252
0.52	0.000944487	0.000944487	0.000944487	0.000944487	1315
0.521	0.000845698	0.000845698	0.000845698	0.000845698	1383
0.522	0.000663256	0.000663256	0.000663256	0.000663256	1290
0.523	0.000523871	0.000523871	0.000523871	0.000523871	1395
0.524	0.000613294	0.000613294	0.000613294	0.000613294	1369
0.525	0.000432263	0.000432263	0.000432263	0.000432263	1339
0.526	0.000685236	0.000685236	0.000685236	0.000685236	1314
0.527	0.00109318	0.00109318	0.00109318	0.00109318	1393
0.528	0.000976765	0.000976765	0.000976765	0.000976765	1360
0.529	0.000971429	0.000971429	0.000971429	0.000971429	1386
0.53	0.00108646	0.00108646	0.00108646	0.00108646	1388
0.531	0.000636935	0.000636935	0.000636935	0.000636935	1305
0.532	0.000802514	0.000802514	0.000802514	0.000802514	1273
0.533	0.000869725	0.000869725	0.000869725	0.000869725	1308
0.534	0.0010516	0.0010516	0.0010516	0.0010516	1283
0.535	0.00126026	0.00126026	0.00126026	0.00126026	1321
0.536	0.00114687	0.00114687	0.00114687	0.00114687	1310
0.537	0.000622521	0.000622521	0.000622521	0.000622521	1341
0.538	0.000907494	0.000907494	0.000907494	0.000907494	1321
0.539	0.00123835	0.00123835	0.00123835	0.00123835	1335
0.54	0.000994212	0.000994212	0.000994212	0.000994212	1244
0.541	0.000454617	0.000454617	0.000454617	0.000454617	1267
0.542	0.000117698	0.000117698	0.000117698	0.000117698	1373
0.543	0.000806158	0.000806158	0.000806158	0.000806158	1364
0.544	0.000509091	0.000509091	0.000509091	0.000509091	1320
0.545	0.00131779	0.00131779	0.00131779	0.00131779	1321
0.546	0.000601058	0.000601058	0.000601058	0.000601058	1323
0.547	0.000263018	0.000263018	0.000263018	0.000263018	1279
0.548	0.00099344	0.00099344	0.00099344	0.00099344	1311
0.549	0.000634538	0.000634538	0.000634538	0.000634538	1245
0.55	0.000420949	0.000420949	0.000420949	0.000420949	1222
0.551	0.000575498	0.000575498	0.000575498	0.000575498	1306
0.552	5.13595e-06	5.13595e-06	5.13595e-06	5.13595e-06	1324
0.553	4.21696e-05	4.21696e-05	4.21696e-05	4.21696e-05	1309
0.554	0.000532523	0.000532523	0.000532523	0.000532523	1316
0.555	0.000124507	0.000124507	0.000124507	0.000124507	1269
0.556	0.000598811	0.000598811	0.000598811	0.000598811	1346
0.557	0.000459587	0.000459587	0.000459587	0.000459587	1309
0.558	0.00116224	0.00116224	0.00116224	0.00116224	1409
0.559	0.000905856	0.000905856	0.000905856	0.000905856	1315
0.56	0.000649366	0.000649366	0.000649366	0.000649366	1341
0.561	0.00137473	0.00137473	0.00137473	0.00137473	1298
0.562	0.000634234	0.000634234	0.000634234	0.000634234	1332
0.563	0.000632572	0.000632572	0.000632572	0.000632572	1314
0.564	3.18774e-05	3.18774e-05	3.18774e-05	3.18774e-05	1305
0.565	0.00063022	0.00063022	0.00063022	0.00063022	1317
0.566	0.0013284	0.0013284	0.0013284	0.0013284	1324
0.567	0.000714607	0.000714607	0.000714607	0.000714607	1335
0.568	0.000521477	0.000521477	0.000521477	0.000521477	1327
0.569	0.000702711	0.000702711	0.000702711	0.000702711	1365
0.57	0.00137589	0.00137589	0.00137589	0.00137589	1319
0.571	0.00110614	0.00110614	0.00110614	0.00110614	1385
0.572	0.000792677	0.000792677	0.000792677	0.000792677	1311
0.573	0.000631037	0.000631037	0.000631037	0.000631037	1321
0.574	0.000414631	0.000414631	0.000414631	0.000414631	1367
0.575	0.00011655	0.00011655	0.00011655	0.00011655	1287
0.576	0.000707763	0.000707763	0.000707763	0.000707763	1314
0.577	0.000904386	0.000904386	0.000904386	0.000904386	1368
0.578	0.000846402	0.000846402	0.000846402	0.000846402	1362
0.579	0.000793629	0.000793629	0.000793629	0.000793629	1444
0.58	0.000958872	0.000958872	0.000958872	0.000958872	1347
0.581	0.00130747	0.00130747	0.00130747	0.00130747	1325
0.582	0.00123639	0.00123639	0.00123639	0.00123639	1264
0.583	0.00084953	0.00084953	0.00084953	0.00084953	1276
0.584	0.00100274	0.00100274	0.00100274	0.00100274	1385
0.585	0.000863375	0.000863375	0.000863375	0.000863375	1357
0.586	0.000973283	0.000973283	0.000973283	0.000973283	1325
0.587	0.00025793	0.00025793	0.00025793	0.00025793	1343
0.588	0.000763038	0.000763038	0.000763038	0.000763038	1277
0.589	0.000603846	0.000603846	0.000603846	0.000603846	1352
0.59	0.00113505	0.00113505	0.00113505	0.00113505	1318
0.591	0.000981575	0.000981575	0.000981575	0.000981575	1346
0.592	0.00103708	0.00103708	0.00103708	0.00103708	1262
0.593	0.000838525	0.000838525	0.000838525	0.000838525	1329
0.594	0.000838269	0.000838269	0.000838269	0.000838269	1317
0.595	0.000813094	0.000813094	0.000813094	0.000813094	1283
0.596	0.000283125	0.000283125	0.000283125	0.000283125	1280
0.597	0.000220837	0.000220837	0.000220837	0.000220837	1315
0.598	0.000657036	0.000657036	0.000657036	0.000657036	1343
0.599	0.00102539	0.00102539	0.00102539	0.00102539	1276
0.6	0.000293764	0.000293764	0.000293764	0.000293764	1299
0.601	0.000164024	0.000164024	0.000164024	0.000164024	1312
0.602	-0.00018112	-0.00018112	-0.00018112	-0.00018112	1303
0.603	0.000472038	0.000472038	0.000472038	0.000472038	1266
0.604	-7.98701e-05	-7.98701e-05	-7.98701e-05	-7.98701e-05	1232
0.605	2.0695e-05	2.0695e-05	2.0695e-05	2.0695e-05	1295
0.606	5.62551e-05	5.62551e-05	5.62551e-05	5.62551e-05	1223
0.607	0.000454754	0.000454754	0.000454754	0.000454754	1220
0.608	0.000346961	0.000346961	0.000346961	0.000346961	1267
0.609	-4.79117e-05	-4.79117e-05	-4.79117e-05	-4.79117e-05	1269
0.61	-2.46835e-05	-2.46835e-05	-2.46835e-05	-2.46835e-05	1264
0.611	-1.42532e-05	-1.42532e-05	-1.42532e-05	-1.42532e-05	1319
0.612	0.000386367	0.000386367	0.000386367	0.000386367	1291
0.613	-0.000107125	-0.000107125	-0.000107125	-0.000107125	1221
0.614	-3.42165e-05	-3.42165e-05	-3.42165e-05	-3.42165e-05	1321
0.615	-0.00012332	-0.00012332	-0.00012332	-0.00012332	1265
0.616	0.000368546	0.000368546	0.000368546	0.000368546	1259
0.617	2.80274e-05	2.80274e-05	2.80274e-05	2.80274e-05	1313
0.618	8.52459e-05	8.52459e-05	8.52459e-05	8.52459e-05	1281
0.619	0.000208082	0.000208082	0.000208082	0.000208082	1361
0.62	0.000627692	0.000627692	0.000627692	0.000627692	1300
0.621	0.000314806	0.000314806	0.000314806	0.000314806	1263
0.622	2.71756e-05	2.71756e-05	2.71756e-05	2.71756e-05	1310
0.623	0.000302941	0.000302941	0.000302941	0.000302941	1224
0.624	-0.000289945	-0.000289945	-0.000289945	-0.000289945	1283
0.625	-6.20857e-05	-6.20857e-05	-6.20857e-05	-6.20857e-05	1237
0.626	0.000135806	0.000135806	0.000135806	0.000135806	1240
0.627	-0.000642144	-0.000642144	-0.000642144	-0.000642144	1343
0.628	6.35783e-05	6.35783e-05	6.35783e-05	6.35783e-05	1252
0.629	0.000555453	0.000555453	0.000555453	0.000555453	1302
0.63	0.000164907	0.000164907	0.000164907	0.000164907	1288
0.631	-0.000208012	-0.000208012	-0.000208012	-0.000208012	1323
0.632	-0.000176547	-0.000176547	-0.000176547	-0.000176547	1228
0.633	0.000162029	0.000162029	0.000162029	0.000162029	1301
0.634	-0.000199846	-0.000199846	-0.000199846	-0.000199846	1297
0.635	0.000536482	0.000536482	0.000536482	0.000536482	1228
0.636	0.000613355	0.000613355	0.000613355	0.000613355	1228
0.637	0.000453134	0.000453134	0.000453134	0.000453134	1340
0.638	-0.00049318	-0.00049318	-0.00049318	-0.00049318	1305
0.639	0.000259847	0.000259847	0.000259847	0.000259847	1310
0.64	0.000240371	0.000240371	0.000240371	0.000240371	1293
0.641	0.000175988	0.000175988	0.000175988	0.000175988	1291
0.642	0.000722436	0.000722436	0.000722436	0.000722436	1248
0.643	0.000261184	0.000261184	0.000261184	0.000261184	1216
0.644	-0.000442121	-0.000442121	-0.000442121	-0.000442121	1301
0.645	-0.000508718	-0.000508718	-0.000508718	-0.000508718	1365
0.646	2.88722e-05	2.88722e-05	2.88722e-05	2.88722e-05	1330
0.647	0.000138831	0.000138831	0.000138831	0.000138831	1334
0.648	0.000215748	0.000215748	0.000215748	0.000215748	1270
0.649	0.000217847	0.000217847	0.000217847	0.000217847	1412
0.65	-0.00037673	-0.00037673	-0.00037673	-0.00037673	1358
0.651	-0.000310365	-0.000310365	-0.000310365	-0.000310365	1370
0.652	3.14735e-06	3.14735e-06	3.14735e-06	3.14735e-06	1398
0.653	-0.000359347	-0.000359347	-0.000359347	-0.000359347	1348
0.654	-0.000404847	-0.000404847	-0.000404847	-0.000404847	1403
0.655	-0.000706407	-0.000706407	-0.000706407	-0.000706407	1389
0.656	0.000352656	0.000352656	0.000352656	0.000352656	1318
0.657	0.000189645	0.000189645	0.000189645	0.000189645	1352
0.658	0.000248338	0.000248338	0.000248338	0.000248338	1324
0.659	0.000303427	0.000303427	0.000303427	0.000303427	1313
0.66	0.000226636	0.000226636	0.000226636	0.000226636	1299
0.661	-0.000379712	-0.000379712	-0.000379712	-0.000379712	1321
0.662	-0.00027439	-0.00027439	-0.00027439	-0.00027439	1312
0.663	-0.00058518	-0.00058518	-0.00058518	-0.00058518	1363
0.664	0.0007142	0.0007142	0.0007142	0.0007142	1338
0.665	0.000139738	0.000139738	0.000139738	0.000139738	1374
0.666	0.000100365	0.000100365	0.000100365	0.000100365	1371
0.667	-0.000112394	-0.000112394	-0.000112394	-0.000112394	1299
0.668	0.00010265	0.00010265	0.00010265	0.00010265	1321
0.669	0.000169339	0.000169339	0.000169339	0.000169339	1285
0.67	-0.000281645	-0.000281645	-0.000281645	-0.000281645	1362
0.671	3.45716e-05	3.45716e-05	3.45716e-05	3.45716e-05	1319
0.672	0.000138592	0.000138592	0.000138592	0.000138592	1293
0.673	9.49464e-05	9.49464e-05	9.49464e-05	9.49464e-05	1306
0.674	0.000132063	0.000132063	0.000132063	0.000132063	1260
0.675	0.000535358	0.000535358	0.000535358	0.000535358	1383
0.676	0.000329931	0.000329931	0.000329931	0.000329931	1313
0.677	0.000169088	0.000169088	0.000169088	0.000169088	1294
0.678	0.000848379	0.000848379	0.000848379	0.000848379	1265
0.679	-8.16e-05	-8.16e-05	-8.16e-05	-8.16e-05	1250
0.68	2.12471e-05	2.12471e-05	2.12471e-05	2.12471e-05	1299
0.681	4.95917e-05	4.95917e-05	4.95917e-05	4.95917e-05	1347
0.682	8.37136e-05	8.37136e-05	8.37136e-05	8.37136e-05	1271
0.683	0.000371429	0.000371429	0.000371429	0.000371429	1274
0.684	0.00107136	0.00107136	0.00107136	0.00107136	1334
0.685	0.00102622	0.00102622	0.00102622	0.00102622	1312
0.686	0.000896572	0.000896572	0.000896572	0.000896572	1342
0.687	0.000356374	0.000356374	0.000356374	0.000356374	1357
0.688	0.000413401	0.000413401	0.000413401	0.000413401	1373
0.689	0.000518735	0.000518735	0.000518735	0.000518735	1233
0.69	0.000593072	0.000593072	0.000593072	0.000593072	1299
0.691	0.000923774	0.000923774	0.000923774	0.000923774	1325
0.692	0.00104068	0.00104068	0.00104068	0.00104068	1303
0.693	-0.000179762	-0.000179762	-0.000179762	-0.000179762	1344
0.694	0.000290431	0.000290431	0.000290431	0.000290431	1369
0.695	0.000480623	0.000480623	0.000480623	0.000480623	1285
0.696	0.000576211	0.000576211	0.000576211	0.000576211	1362
0.697	0.000323336	0.000323336	0.000323336	0.000323336	1367
0.698	3.51145e-05	3.51145e-05	3.51145e-05	3.51145e-05	1310
0.699	8.20046e-05	8.20046e-05	8.20046e-05	8.20046e-05	1317
0.7	-0.000413443	-0.000413443	-0.000413443	-0.000413443	1339
0.701	-0.000369185	-0.000369185	-0.000369185	-0.000369185	1350
0.702	0.000567789	0.000567789	0.000567789	0.000567789	1366
0.703	0.000207928	0.000207928	0.000207928	0.000207928	1337
0.704	-0.000182976	-0.000182976	-0.000182976	-0.000182976	1351
0.705	-0.000656528	-0.000656528	-0.000656528	-0.000656528	1394
0.706	-5.78387e-05	-5.78387e-05	-5.78387e-05	-5.78387e-05	1314
0.707	0.000281264	0.000281264	0.000281264	0.000281264	1297
0.708	0.000553365	0.000553365	0.000553365	0.000553365	1278
0.709	-0.000183514	-0.000183514	-0.000183514	-0.000183514	1201
0.71	-0.000624786	-0.000624786	-0.000624786	-0.000624786	1283
0.711	0.00019768	0.00019768	0.00019768	0.00019768	1293
0.712	0.000249128	0.000249128	0.000249128	0.000249128	1262
0.713	-0.000279662	-0.000279662	-0.000279662	-0.000279662	1303
0.714	-0.00098687	-0.00098687	-0.00098687	-0.00098687	1310
0.715	-0.000441864	-0.000441864	-0.000441864	-0.000441864	1309
0.716	-0.000499924	-0.000499924	-0.000499924	-0.000499924	1313
0.717	-0.000791566	-0.000791566	-0.000791566	-0.000791566	1328
0.718	-0.000240418	-0.000240418	-0.000240418	-0.000240418	1341
0.719	3.85027e-05	3.85027e-05	3.85027e-05	3.85027e-05	1309
0.72	-0.000484866	-0.000484866	-0.000484866	-0.000484866	1348
0.721	-0.000804382	-0.000804382	-0.000804382	-0.000804382	1278
0.722	-0.000242579	-0.000242579	-0.000242579	-0.000242579	1334
0.723	4.31884e-05	4.31884e-05	4.31884e-05	4.31884e-05	1380
0.724	9.10543e-05	9.10543e-05	9.10543e-05	9.10543e-05	1252
0.725	-0.00046874	-0.00046874	-0.00046874	-0.00046874	1286
0.726	-4.69225e-05	-4.69225e-05	-4.69225e-05	-4.69225e-05	1381
0.727	-0.000613003	-0.000613003	-0.000613003	-0.000613003	1292
0.728	-0.000431864	-0.000431864	-0.000431864	-0.000431864	1293
0.729	-0.000489365	-0.000489365	-0.000489365	-0.000489365	1213
0.73	0.000197308	0.000197308	0.000197308	0.000197308	1263
0.731	-0.000434656	-0.000434656	-0.000434656	-0.000434656	1235
0.732	-0.00117216	-0.00117216	-0.00117216	-0.00117216	1250
0.733	0.00031859	0.00031859	0.00031859	0.00031859	1248
0.734	-0.000378421	-0.000378421	-0.000378421	-0.000378421	1279
0.735	7.69112e-05	7.69112e-05	7.69112e-05	7.69112e-05	1295
0.736	2.263e-05	2.263e-05	2.263e-05	2.263e-05	1308
0.737	-0.000184542	-0.000184542	-0.000184542	-0.000184542	1255
0.738	0.000452982	0.000452982	0.000452982	0.000452982	1291
0.739	-0.00040495	-0.00040495	-0.00040495	-0.00040495	1293
0.74	-0.000222156	-0.000222156	-0.000222156	-0.000222156	1336
0.741	-0.000516078	-0.000516078	-0.000516078	-0.000516078	1275
0.742	-0.00022706	-0.00022706	-0.00022706	-0.00022706	1323
0.743	-0.000501875	-0.000501875	-0.000501875	-0.000501875	1280
0.744	-0.000282748	-0.000282748	-0.000282748	-0.000282748	1252
0.745	-0.000362379	-0.000362379	-0.000362379	-0.000362379	1244
0.746	-0.000448429	-0.000448429	-0.000448429	-0.000448429	1305
0.747	-0.000519849	-0.000519849	-0.000519849	-0.000519849	1325
0.748	-0.000357553	-0.000357553	-0.000357553	-0.000357553	1357
0.749	-0.000526733	-0.000526733	-0.000526733	-0.000526733	1313
0.75	-0.000270888	-0.000270888	-0.000270888	-0.000270888	1295
0.751	-0.000248078	-0.000248078	-0.000248078	-0.000248078	1327
0.752	-5.3681e-05	-5.3681e-05	-5.3681e-05	-5.3681e-05	1304
0.753	-0.000107347	-0.000107347	-0.000107347	-0.000107347	1293
0.754	-0.00047824	-0.00047824	-0.00047824	-0.00047824	1273
0.755	-0.000224793	-0.000224793	-0.000224793	-0.000224793	1210
0.756	-6.51093e-05	-6.51093e-05	-6.51093e-05	-6.51093e-05	1327
0.757	-2.92389e-05	-2.92389e-05	-2.92389e-05	-2.92389e-05	1327
0.758	0.000161721	0.000161721	0.000161721	0.000161721	1348
0.759	0.000350926	0.000350926	0.000350926	0.000350926	1296
0.76	0.000268918	0.000268918	0.000268918	0.000268918	1303
0.761	-6.38168e-05	-6.38168e-05	-6.38168e-05	-6.38168e-05	1310
0.762	0.000387743	0.000387743	0.000387743	0.000387743	1338
0.763	2.50774e-05	2.50774e-05	2.50774e-05	2.50774e-05	1292
0.764	-0.000445289	-0.000445289	-0.000445289	-0.000445289	1369
0.765	-0.000697309	-0.000697309	-0.000697309	-0.000697309	1375
0.766	0.000596552	0.000596552	0.000596552	0.000596552	1392
0.767	0.000319751	0.000319751	0.000319751	0.000319751	1286
0.768	0.000282892	0.000282892	0.000282892	0.000282892	1397
0.769	2.61572e-05	2.61572e-05	2.61572e-05	2.61572e-05	1361
0.77	-4.75336e-05	-4.75336e-05	-4.75336e-05	-4.75336e-05	1338
0.771	-0.000307251	-0.000307251	-0.000307251	-0.000307251	1324
0.772	-0.000541393	-0.000541393	-0.000541393	-0.000541393	1307
0.773	-0.000461344	-0.000461344	-0.000461344	-0.000461344	1265
0.774	-0.000196061	-0.000196061	-0.000196061	-0.000196061	1320
0.775	-0.000380359	-0.000380359	-0.000380359	-0.000380359	1283
0.776	-0.000300073	-0.000300073	-0.000300073	-0.000300073	1369
0.777	-0.000547011	-0.000547011	-0.000547011	-0.000547011	1355
0.778	-0.000391543	-0.000391543	-0.000391543	-0.000391543	1277
0.779	-0.000416839	-0.000416839	-0.000416839	-0.000416839	1259
0.78	-0.000749725	-0.000749725	-0.000749725	-0.000749725	1273
0.781	-0.000299475	-0.000299475	-0.000299475	-0.000299475	1333
0.782	4.52254e-05	4.52254e-05	4.52254e-05	4.52254e-05	1309
0.783	-0.000237206	-0.000237206	-0.000237206	-0.000237206	1317
0.784	-0.000308213	-0.000308213	-0.000308213	-0.000308213	1242
0.785	0.000602368	0.000602368	0.000602368	0.000602368	1267
0.786	0.000595327	0.000595327	0.000595327	0.000595327	1284
0.787	8.08989e-05	8.08989e-05	8.08989e-05	8.08989e-05	1246
0.788	0.000520376	0.000520376	0.000520376	0.000520376	1276
0.789	-0.000132636	-0.000132636	-0.000132636	-0.000132636	1339
0.79	-0.000442525	-0.000442525	-0.000442525	-0.000442525	1204
0.791	-0.00023137	-0.00023137	-0.00023137	-0.00023137	1307
0.792	-1.43862e-05	-1.43862e-05	-1.43862e-05	-1.43862e-05	1279
0.793	-0.000598662	-0.000598662	-0.000598662	-0.000598662	1345
0.794	-0.000220094	-0.000220094	-0.000220094	-0.000220094	1274
0.795	-0.000484866	-0.000484866	-0.000484866	-0.000484866	1348
0.796	-0.000454848	-0.000454848	-0.000454848	-0.000454848	1320
0.797	6.53934e-05	6.53934e-05	6.53934e-05	6.53934e-05	1309
0.798	-0.000621567	-0.000621567	-0.000621567	-0.000621567	1289
0.799	-0.000281892	-0.000281892	-0.000281892	-0.000281892	1226
0.8	-0.000226959	-0.000226959	-0.000226959	-0.000226959	1276
0.801	-0.00012809	-0.00012809	-0.00012809	-0.00012809	1246
0.802	-0.000513901	-0.000513901	-0.000513901	-0.000513901	1338
0.803	0.000143274	0.000143274	0.000143274	0.000143274	1234
0.804	-0.000369255	-0.000369255	-0.000369255	-0.000369255	1249
0.805	0.000139628	0.000139628	0.000139628	0.000139628	1292
0.806	-0.000516452	-0.000516452	-0.000516452	-0.000516452	1319
0.807	-0.000490606	-0.000490606	-0.000490606	-0.000490606	1320
0.808	-0.000519465	-0.000519465	-0.000519465	-0.000519465	1346
0.809	-2.57255e-05	-2.57255e-05	-2.57255e-05	-2.57255e-05	1275
0.81	-0.00053541	-0.00053541	-0.00053541	-0.00053541	1220
0.811	-0.000168178	-0.000168178	-0.000168178	-0.000168178	1213
0.812	-0.00021119	-0.00021119	-0.00021119	-0.00021119	1269
0.813	0.000375575	0.000375575	0.000375575	0.000375575	1261
0.814	-6.49412e-05	-6.49412e-05	-6.49412e-05	-6.49412e-05	1275
0.815	0.000121491	0.000121491	0.000121491	0.000121491	1261
0.816	-0.000511523	-0.000511523	-0.000511523	-0.000511523	1241
0.817	0.000121959	0.000121959	0.000121959	0.000121959	1266
0.818	-0.000120247	-0.000120247	-0.000120247	-0.000120247	1294
0.819	-0.000273026	-0.000273026	-0.000273026	-0.000273026	1216
0.82	-0.000103646	-0.000103646	-0.000103646	-0.000103646	1289
0.821	-0.000115628	-0.000115628	-0.000115628	-0.000115628	1235
0.822	-0.000496124	-0.000496124	-0.000496124	-0.000496124	1290
0.823	-0.000227628	-0.000227628	-0.000227628	-0.000227628	1332
0.824	-0.000310496	-0.000310496	-0.000310496	-0.000310496	1229
0.825	-0.000287132	-0.000287132	-0.000287132	-0.000287132	1290
0.826	-0.000274286	-0.000274286	-0.000274286	-0.000274286	1260
0.827	-0.000626578	-0.000626578	-0.000626578	-0.000626578	1347
0.828	-0.000557615	-0.000557615	-0.000557615	-0.000557615	1241
0.829	-0.000245587	-0.000245587	-0.000245587	-0.000245587	1303
0.83	-0.000186989	-0.000186989	-0.000186989	-0.000186989	1322
0.831	-0.000599225	-0.000599225	-0.000599225	-0.000599225	1291
0.832	-0.000474513	-0.000474513	-0.000474513	-0.000474513	1283
0.833	-0.000969452	-0.000969452	-0.000969452	-0.000969452	1388
0.834	-0.000748904	-0.000748904	-0.000748904	-0.000748904	1323
0.835	-0.000402358	-0.000402358	-0.000402358	-0.000402358	1357
0.836	-0.000670073	-0.000670073	-0.000670073	-0.000670073	1370
0.837	0.000121902	0.000121902	0.000121902	0.000121902	1283
0.838	-0.000253902	-0.000253902	-0.000253902	-0.000253902	1243
0.839	-0.000472171	-0.000472171	-0.000472171	-0.000472171	1308
0.84	0.000141007	0.000141007	0.000141007	0.000141007	1251
0.841	-0.00012575	-0.00012575	-0.00012575	-0.00012575	1266
0.842	-0.00054114	-0.00054114	-0.00054114	-0.00054114	1298
0.843	-0.000565129	-0.000565129	-0.000565129	-0.000565129	1279
0.844	-0.000691225	-0.000691225	-0.000691225	-0.000691225	1265
0.845	-1.21212e-05	-1.21212e-05	-1.21212e-05	-1.21212e-05	1287
0.846	-0.000289349	-0.000289349	-0.000289349	-0.000289349	1305
0.847	7.552e-05	7.552e-05	7.552e-05	7.552e-05	1250
0.848	-4.85453e-05	-4.85453e-05	-4.85453e-05	-4.85453e-05	1203
0.849	0.000187443	0.000187443	0.000187443	0.000187443	1306
0.85	-0.000882972	-0.000882972	-0.000882972	-0.000882972	1292
0.851	-0.000613858	-0.000613858	-0.000613858	-0.000613858	1270
0.852	-6.59985e-05	-6.59985e-05	-6.59985e-05	-6.59985e-05	1297
0.853	-0.000594578	-0.000594578	-0.000594578	-0.000594578	1328
0.854	0.000364322	0.000364322	0.000364322	0.000364322	1379
0.855	0.000132519	0.000132519	0.000132519	0.000132519	1310
0.856	0.000112647	0.000112647	0.000112647	0.000112647	1360
0.857	-0.000720584	-0.000720584	-0.000720584	-0.000720584	1370
0.858	-0.000825816	-0.000825816	-0.000825816	-0.000825816	1317
0.859	-0.000287473	-0.000287473	-0.000287473	-0.000287473	1365
0.86	-0.000407664	-0.000407664	-0.000407664	-0.000407664	1357
0.861	-0.000172137	-0.000172137	-0.000172137	-0.000172137	1371
0.862	-0.000325305	-0.000325305	-0.000325305	-0.000325305	1312
0.863	8.72616e-05	8.72616e-05	8.72616e-05	8.72616e-05	1311
0.864	-0.000363068	-0.000363068	-0.000363068	-0.000363068	1343
0.865	-5.65183e-05	-5.65183e-05	-5.65183e-05	-5.65183e-05	1281
0.866	-0.000457641	-0.000457641	-0.000457641	-0.000457641	1263
0.867	-0.000150551	-0.000150551	-0.000150551	-0.000150551	1270
0.868	-0.00104161	-0.00104161	-0.00104161	-0.00104161	1288
0.869	-0.000619225	-0.000619225	-0.000619225	-0.000619225	1290
0.87	-0.000291026	-0.000291026	-0.000291026	-0.000291026	1248
0.871	-0.000471194	-0.000471194	-0.000471194	-0.000471194	1281
0.872	-0.000624804	-0.000624804	-0.000624804	-0.000624804	1274
0.873	-0.000355257	-0.000355257	-0.000355257	-0.000355257	1341
0.874	-0.000590434	-0.000590434	-0.000590434	-0.000590434	1359
0.875	-0.000167658	-0.000167658	-0.000167658	-0.000167658	1379
0.876	-3.00455e-05	-3.00455e-05	-3.00455e-05	-3.00455e-05	1318
0.877	-0.000365828	-0.000365828	-0.000365828	-0.000365828	1311
0.878	6.15129e-05	6.15129e-05	6.15129e-05	6.15129e-05	1203
0.879	-0.000279783	-0.000279783	-0.000279783	-0.000279783	1291
0.88	8.57558e-05	8.57558e-05	8.57558e-05	8.57558e-05	1376
0.881	-0.000387174	-0.000387174	-0.000387174	-0.000387174	1341
0.882	5.60548e-05	5.60548e-05	5.60548e-05	5.60548e-05	1313
0.883	-0.000304209	-0.000304209	-0.000304209	-0.000304209	1378
0.884	-0.00038612	-0.00038612	-0.00038612	-0.00038612	1268
0.885	-0.000934644	-0.000934644	-0.000934644	-0.000934644	1322
0.886	-0.00115583	-0.00115583	-0.00115583	-0.00115583	1304
0.887	-0.000830016	-0.000830016	-0.000830016	-0.000830016	1226
0.888	-0.00121374	-0.00121374	-0.00121374	-0.00121374	1368
0.889	-0.000972451	-0.000972451	-0.000972451	-0.000972451	1285
0.89	-0.00111715	-0.00111715	-0.00111715	-0.00111715	1289
0.891	-0.000850876	-0.000850876	-0.000850876	-0.000850876	1313
0.892	-0.000587845	-0.000587845	-0.000587845	-0.000587845	1267
0.893	-0.000856613	-0.000856613	-0.000856613	-0.000856613	1293
0.894	-0.00144451	-0.00144451	-0.00144451	-0.00144451	1348
0.895	-0.000771765	-0.000771765	-0.000771765	-0.000771765	1360
0.896	-0.00055244	-0.00055244	-0.00055244	-0.00055244	1291
0.897	-0.000910302	-0.000910302	-0.000910302	-0.000910302	1291
0.898	-0.000575176	-0.000575176	-0.000575176	-0.000575176	1281
0.899	-0.000961132	-0.000961132	-0.000961132	-0.000961132	1343
0.9	-0.00050744	-0.00050744	-0.00050744	-0.00050744	1344
0.901	-0.00050269	-0.00050269	-0.00050269	-0.00050269	1301
0.902	4.87952e-05	4.87952e-05	4.87952e-05	4.87952e-05	1328
0.903	-0.000475796	-0.000475796	-0.000475796	-0.000475796	1256
0.904	-0.0003214	-0.0003214	-0.0003214	-0.0003214	1257
0.905	-0.00043583	-0.00043583	-0.00043583	-0.00043583	1295
0.906	-0.000607879	-0.000607879	-0.000607879	-0.000607879	1320
0.907	-0.000606735	-0.000606735	-0.000606735	-0.000606735	1277
0.908	-0.000813384	-0.000813384	-0.000813384	-0.000813384	1315
0.909	-2.04214e-05	-2.04214e-05	-2.04214e-05	-2.04214e-05	1234
0.91	-0.000412158	-0.000412158	-0.000412158	-0.000412158	1316
0.911	-0.000427885	-0.000427885	-0.000427885	-0.000427885	1248
0.912	-0.000528025	-0.000528025	-0.000528025	-0.000528025	1256
0.913	-0.000729564	-0.000729564	-0.000729564	-0.000729564	1238
0.914	-0.000664205	-0.000664205	-0.000664205	-0.000664205	1246
0.915	-0.000536834	-0.000536834	-0.000536834	-0.000536834	1295
0.916	-0.000422444	-0.000422444	-0.000422444	-0.000422444	1301
0.917	-0.000603922	-0.000603922	-0.000603922	-0.000603922	1275
0.918	-0.000528449	-0.000528449	-0.000528449	-0.000528449	1283
0.919	-0.000217405	-0.000217405	-0.000217405	-0.000217405	1310
0.92	-0.000903657	-0.000903657	-0.000903657	-0.000903657	1258
0.921	-0.000502866	-0.000502866	-0.000502866	-0.000502866	1256
0.922	-0.000692556	-0.000692556	-0.000692556	-0.000692556	1303
0.923	-0.000817081	-0.000817081	-0.000817081	-0.000817081	1288
0.924	-0.000331056	-0.000331056	-0.000331056	-0.000331056	1259
0.925	-4.09199e-05	-4.09199e-05	-4.09199e-05	-4.09199e-05	1261
0.926	-0.00027519	-0.00027519	-0.00027519	-0.00027519	1314
0.927	-0.000330103	-0.000330103	-0.000330103	-0.000330103	1259
0.928	-0.000468071	-0.000468071	-0.000468071	-0.000468071	1234
0.929	-8.285e-06	-8.285e-06	-8.285e-06	-8.285e-06	1207
0.93	-0.00096	-0.00096	-0.00096	-0.00096	1220
0.931	-0.000420919	-0.000420919	-0.000420919	-0.000420919	1262
0.932	-0.000247002	-0.000247002	-0.000247002	-0.000247002	1234
0.933	-0.000600632	-0.000600632	-0.000600632	-0.000600632	1266
0.934	-0.000482813	-0.000482813	-0.000482813	-0.000482813	1280
0.935	-0.000827616	-0.000827616	-0.000827616	-0.000827616	1376
0.936	-3.59013e-06	-3.59013e-06	-3.59013e-06	-3.59013e-06	1337
0.937	0.000275175	0.000275175	0.000275175	0.000275175	1285
0.938	-0.00104804	-0.00104804	-0.00104804	-0.00104804	1303
0.939	-0.00105221	-0.00105221	-0.00105221	-0.00105221	1291
0.94	-0.000974906	-0.000974906	-0.000974906	-0.000974906	1331
0.941	-0.000194501	-0.000194501	-0.000194501	-0.000194501	1273
0.942	-0.000180727	-0.000180727	-0.000180727	-0.000180727	1266
0.943	0.000102439	0.000102439	0.000102439	0.000102439	1312
0.944	0.000139702	0.000139702	0.000139702	0.000139702	1277
0.945	-0.000374375	-0.000374375	-0.000374375	-0.000374375	1280
0.946	-5.53086e-05	-5.53086e-05	-5.53086e-05	-5.53086e-05	1215
0.947	0.00014651	0.00014651	0.00014651	0.00014651	1275
0.948	0.000114051	0.000114051	0.000114051	0.000114051	1217
0.949	-0.00023445	-0.00023445	-0.00023445	-0.00023445	1254
0.95	-0.000273716	-0.000273716	-0.000273716	-0.000273716	1324
0.951	-0.00048634	-0.00048634	-0.00048634	-0.00048634	1325
0.952	-0.000237846	-0.000237846	-0.000237846	-0.000237846	1263
0.953	-0.000225265	-0.000225265	-0.000225265	-0.000225265	1227
0.954	-0.000231804	-0.000231804	-0.000231804	-0.000231804	1308
0.955	0.00028089	0.00028089	0.00028089	0.00028089	1303
0.956	0.000247709	0.000247709	0.000247709	0.000247709	1266
0.957	-0.000221924	-0.000221924	-0.000221924	-0.000221924	1341
0.958	-0.00024608	-0.00024608	-0.00024608	-0.00024608	1250
0.959	0.000327157	0.000327157	0.000327157	0.000327157	1252
0.96	-1.44654e-05	-1.44654e-05	-1.44654e-05	-1.44654e-05	1272
0.961	0.000166271	0.000166271	0.000166271	0.000166271	1263
0.962	-0.000689969	-0.000689969	-0.000689969	-0.000689969	1276
0.963	-0.000525714	-0.000525714	-0.000525714	-0.000525714	1330
0.964	0.000183235	0.000183235	0.000183235	0.000183235	1360
0.965	-0.00075834	-0.00075834	-0.00075834	-0.00075834	1277
0.966	-0.00141461	-0.00141461	-0.00141461	-0.00141461	1232
0.967	-0.000635976	-0.000635976	-0.000635976	-0.000635976	1312
0.968	-0.00047487	-0.00047487	-0.00047487	-0.00047487	1341
0.969	-0.000602953	-0.000602953	-0.000602953	-0.000602953	1287
0.97	-8.58462e-05	-8.58462e-05	-8.58462e-05	-8.58462e-05	1300
0.971	0.000160256	0.000160256	0.000160256	0.000160256	1248
0.972	-0.000280285	-0.000280285	-0.000280285	-0.000280285	1263
0.973	0.000212384	0.000212384	0.000212384	0.000212384	1292
0.974	-3.35404e-05	-3.35404e-05	-3.35404e-05	-3.35404e-05	1288
0.975	-0.000342676	-0.000342676	-0.000342676	-0.000342676	1263
0.976	-0.00019252	-0.00019252	-0.00019252	-0.00019252	1230
0.977	-0.000728284	-0.000728284	-0.000728284	-0.000728284	1294
0.978	0.000358195	0.000358195	0.000358195	0.000358195	1263
0.979	-0.000939019	-0.000939019	-0.000939019	-0.000939019	1243
0.98	-0.000208368	-0.000208368	-0.000208368	-0.000208368	1219
0.981	-0.00107043	-0.00107043	-0.00107043	-0.00107043	1312
0.982	0.000249921	0.000249921	0.000249921	0.000249921	1266
0.983	-0.000512221	-0.000512221	-0.000512221	-0.000512221	1301
0.984	-0.000632211	-0.000632211	-0.000632211	-0.000632211	1366
0.985	-0.000212418	-0.000212418	-0.000212418	-0.000212418	1369
0.986	-0.000269345	-0.000269345	-0.000269345	-0.000269345	1344
0.987	-0.000337557	-0.000337557	-0.000337557	-0.000337557	1326
0.988	-0.000109204	-0.000109204	-0.000109204	-0.000109204	1282
0.989	-0.000667203	-0.000667203	-0.000667203	-0.000667203	1244
0.99	-0.000683564	-0.000683564	-0.000683564	-0.000683564	1302
0.991	-0.000356757	-0.000356757	-0.000356757	-0.000356757	1258
0.992	-0.000820852	-0.000820852	-0.000820852	-0.000820852	1362
0.993	-0.00107587	-0.00107587	-0.00107587	-0.00107587	1347
0.994	-0.000140168	-0.000140168	-0.000140168	-0.000140168	1307
0.995	-0.000927148	-0.000927148	-0.000927148	-0.000927148	1315
0.996	4.53005e-05	4.53005e-05	4.53005e-05	4.53005e-05	1298
0.997	-0.00058126	-0.00058126	-0.00058126	-0.00058126	1302
0.998	-7.1519e-05	-7.1519e-05	-7.1519e-05	-7.1519e-05	1264
0.999	-0.000888522	-0.000888522	-0.000888522	-0.000888522	1333
1	-0.000741693	-0.000741693	-0.000741693	-0.000741693	1276
