0.001	0.0781771	0.0781771	0.0781771	0.0781771	2031
0.002	0.0729481	0.0729481	0.0729481	0.0729481	1696
0.003	0.0664107	0.0664107	0.0664107	0.0664107	1377
0.004	0.0622426	0.0622426	0.0622426	0.0622426	1212
0.005	0.0577539	0.0577539	0.0577539	0.0577539	1024
0.006	0.0500282	0.0500282	0.0500282	0.0500282	966
0.007	0.050882	0.050882	0.050882	0.050882	873
0.008	0.0465679	0.0465679	0.0465679	0.0465679	822
0.009	0.0433758	0.0433758	0.0433758	0.0433758	803
0.01	0.0410885	0.0410885	0.0410885	0.0410885	757
0.011	0.0407706	0.0407706	0.0407706	0.0407706	803
0.012	0.0375864	0.0375864	0.0375864	0.0375864	708
0.013	0.0390905	0.0390905	0.0390905	0.0390905	694
0.014	0.0359094	0.0359094	0.0359094	0.0359094	755
0.015	0.0360504	0.0360504	0.0360504	0.0360504	683
0.016	0.0343268	0.0343268	0.0343268	0.0343268	656
0.017	0.030457	0.030457	0.030457	0.030457	667
0.018	0.0309727	0.0309727	0.0309727	0.0309727	688
0.019	0.0312797	0.0312797	0.0312797	0.0312797	637
0.02	0.0283211	0.0283211	0.0283211	0.0283211	644
0.021	0.0282634	0.0282634	0.0282634	0.0282634	615
0.022	0.0301669	0.0301669	0.0301669	0.0301669	580
0.023	0.0309741	0.0309741	0.0309741	0.0309741	595
0.024	0.0284723	0.0284723	0.0284723	0.0284723	614
0.025	0.0228745	0.0228745	0.0228745	0.0228745	601
0.026	0.0258371	0.0258371	0.0258371	0.0258371	582
0.027	0.0239951	0.0239951	0.0239951	0.0239951	575
0.028	0.0247294	0.0247294	0.0247294	0.0247294	589
0.029	0.0255328	0.0255328	0.0255328	0.0255328	589
0.03	0.0230989	0.0230989	0.0230989	0.0230989	609
0.031	0.0205029	0.0205029	0.0205029	0.0205029	587
0.032	0.0197826	0.0197826	0.0197826	0.0197826	620
0.033	0.0209836	0.0209836	0.0209836	0.0209836	562
0.034	0.0191823	0.0191823	0.0191823	0.0191823	521
0.035	0.0201527	0.0201527	0.0201527	0.0201527	524
0.036	0.0194953	0.0194953	0.0194953	0.0194953	554
0.037	0.0211932	0.0211932	0.0211932	0.0211932	533
0.038	0.0180196	0.0180196	0.0180196	0.0180196	531
0.039	0.0159657	0.0159657	0.0159657	0.0159657	537
0.04	0.015963	0.015963	0.015963	0.015963	530
0.041	0.0161687	0.0161687	0.0161687	0.0161687	550
0.042	0.0173331	0.0173331	0.0173331	0.0173331	541
0.043	0.0169556	0.0169556	0.0169556	0.0169556	545
0.044	0.0173302	0.0173302	0.0173302	0.0173302	562
0.045	0.0148151	0.0148151	0.0148151	0.0148151	530
0.046	0.0141257	0.0141257	0.0141257	0.0141257	487
0.047	0.0139025	0.0139025	0.0139025	0.0139025	525
0.048	0.0133171	0.0133171	0.0133171	0.0133171	461
0.049	0.0117552	0.0117552	0.0117552	0.0117552	505
0.05	0.0149369	0.0149369	0.0149369	0.0149369	491
0.051	0.0138506	0.0138506	0.0138506	0.0138506	498
0.052	0.0143536	0.0143536	0.0143536	0.0143536	457
0.053	0.0129433	0.0129433	0.0129433	0.0129433	480
0.054	0.0126911	0.0126911	0.0126911	0.0126911	481
0.055	0.0123633	0.0123633	0.0123633	0.0123633	502
0.056	0.01389	0.01389	0.01389	0.01389	451
0.057	0.0122908	0.0122908	0.0122908	0.0122908	436
0.058	0.0102744	0.0102744	0.0102744	0.0102744	503
0.059	0.00842	0.00842	0.00842	0.00842	460
0.06	0.0100149	0.0100149	0.0100149	0.0100149	482
0.061	0.00863326	0.00863326	0.00863326	0.00863326	463
0.062	0.00990268	0.00990268	0.00990268	0.00990268	485
0.063	0.00977495	0.00977495	0.00977495	0.00977495	487
0.064	0.00977725	0.00977725	0.00977725	0.00977725	510
0.065	0.0102915	0.0102915	0.0102915	0.0102915	483
0.066	0.00949607	0.00949607	0.00949607	0.00949607	458
0.067	0.011511	0.011511	0.011511	0.011511	463
0.068	0.0101946	0.0101946	0.0101946	0.0101946	483
0.069	0.00669266	0.00669266	0.00669266	0.00669266	477
0.07	0.0106177	0.0106177	0.0106177	0.0106177	474
0.071	0.00593671	0.00593671	0.00593671	0.00593671	493
0.072	0.00890323	0.00890323	0.00890323	0.00890323	527
0.073	0.00803796	0.00803796	0.00803796	0.00803796	432
0.074	0.00876963	0.00876963	0.00876963	0.00876963	461
0.075	0.00860125	0.00860125	0.00860125	0.00860125	479
0.076	0.00599058	0.00599058	0.00599058	0.00599058	467
0.077	0.00772211	0.00772211	0.00772211	0.00772211	475
0.078	0.00801191	0.00801191	0.00801191	0.00801191	470
0.079	0.00648818	0.00648818	0.00648818	0.00648818	499
0.08	0.0072347	0.0072347	0.0072347	0.0072347	415
0.081	0.00693832	0.00693832	0.00693832	0.00693832	428
0.082	0.00659367	0.00659367	0.00659367	0.00659367	411
0.083	0.00503348	0.00503348	0.00503348	0.00503348	442
0.084	0.00622274	0.00622274	0.00622274	0.00622274	431
0.085	0.00653083	0.00653083	0.00653083	0.00653083	480
0.086	0.0051781	0.0051781	0.0051781	0.0051781	420
0.087	0.00349151	0.00349151	0.00349151	0.00349151	483
0.088	0.00635259	0.00635259	0.00635259	0.00635259	464
0.089	0.00785431	0.00785431	0.00785431	0.00785431	464
0.09	0.00634492	0.00634492	0.00634492	0.00634492	472
0.091	0.0062641	0.0062641	0.0062641	0.0062641	468
0.092	0.00326477	0.00326477	0.00326477	0.00326477	457
0.093	0.00407964	0.00407964	0.00407964	0.00407964	442
0.094	0.00468428	0.00468428	0.00468428	0.00468428	439
0.095	0.00581015	0.00581015	0.00581015	0.00581015	394
0.096	0.00483433	0.00483433	0.00483433	0.00483433	466
0.097	0.00355477	0.00355477	0.00355477	0.00355477	451
0.098	0.005299	0.005299	0.005299	0.005299	400
0.099	0.00461559	0.00461559	0.00461559	0.00461559	449
0.1	0.00418084	0.00418084	0.00418084	0.00418084	407
0.101	0.0046844	0.0046844	0.0046844	0.0046844	436
0.102	0.00592986	0.00592986	0.00592986	0.00592986	422
0.103	0.00460172	0.00460172	0.00460172	0.00460172	466
0.104	0.00460587	0.00460587	0.00460587	0.00460587	511
0.105	0.00447021	0.00447021	0.00447021	0.00447021	433
0.106	0.00405237	0.00405237	0.00405237	0.00405237	443
0.107	0.00257521	0.00257521	0.00257521	0.00257521	468
0.108	0.00490763	0.00490763	0.00490763	0.00490763	472
0.109	0.00240604	0.00240604	0.00240604	0.00240604	530
0.11	0.00466983	0.00466983	0.00466983	0.00466983	464
0.111	0.00321263	0.00321263	0.00321263	0.00321263	475
0.112	0.00553217	0.00553217	0.00553217	0.00553217	460
0.113	0.0038283	0.0038283	0.0038283	0.0038283	417
0.114	0.0023807	0.0023807	0.0023807	0.0023807	456
0.115	0.0034951	0.0034951	0.0034951	0.0034951	469
0.116	0.00227685	0.00227685	0.00227685	0.00227685	432
0.117	0.0041127	0.0041127	0.0041127	0.0041127	433
0.118	0.0027476	0.0027476	0.0027476	0.0027476	458
0.119	0.00504386	0.00504386	0.00504386	0.00504386	456
0.12	0.00315353	0.00315353	0.00315353	0.00315353	439
0.121	0.00502895	0.00502895	0.00502895	0.00502895	449
0.122	0.00223341	0.00223341	0.00223341	0.00223341	425
0.123	0.00352407	0.00352407	0.00352407	0.00352407	432
0.124	0.00262103	0.00262103	0.00262103	0.00262103	485
0.125	0.00278163	0.00278163	0.00278163	0.00278163	479
0.126	0.00187748	0.00187748	0.00187748	0.00187748	493
0.127	0.000720542	0.000720542	0.000720542	0.000720542	443
0.128	0.0028657	0.0028657	0.0028657	0.0028657	481
0.129	0.00271351	0.00271351	0.00271351	0.00271351	444
0.13	0.00483933	0.00483933	0.00483933	0.00483933	478
0.131	0.004549	0.004549	0.004549	0.004549	451
0.132	0.00333506	0.00333506	0.00333506	0.00333506	462
0.133	0.0026251	0.0026251	0.0026251	0.0026251	510
0.134	0.00199052	0.00199052	0.00199052	0.00199052	464
0.135	0.00371652	0.00371652	0.00371652	0.00371652	460
0.136	0.00433437	0.00433437	0.00433437	0.00433437	451
0.137	0.00100129	0.00100129	0.00100129	0.00100129	465
0.138	0.00227592	0.00227592	0.00227592	0.00227592	461
0.139	0.00149627	0.00149627	0.00149627	0.00149627	482
0.14	0.00227418	0.00227418	0.00227418	0.00227418	426
0.141	0.000299301	0.000299301	0.000299301	0.000299301	429
0.142	-0.000309434	-0.000309434	-0.000309434	-0.000309434	424
0.143	0.00111236	0.00111236	0.00111236	0.00111236	461
0.144	0.000311548	0.000311548	0.000311548	0.000311548	407
0.145	0.000997248	0.000997248	0.000997248	0.000997248	436
0.146	0.00101959	0.00101959	0.00101959	0.00101959	439
0.147	0.00170594	0.00170594	0.00170594	0.00170594	404
0.148	0.0020878	0.0020878	0.0020878	0.0020878	410
0.149	0.00199403	0.00199403	0.00199403	0.00199403	402
0.15	0.000608501	0.000608501	0.000608501	0.000608501	447
0.151	0.000130649	0.000130649	0.000130649	0.000130649	447
0.152	0.00184738	0.00184738	0.00184738	0.00184738	401
0.153	0.00152275	0.00152275	0.00152275	0.00152275	466
0.154	0.000481046	0.000481046	0.000481046	0.000481046	459
0.155	0.000413793	0.000413793	0.000413793	0.000413793	406
0.156	0.000811659	0.000811659	0.000811659	0.000811659	446
0.157	0.000692453	0.000692453	0.000692453	0.000692453	424
0.158	-0.000322738	-0.000322738	-0.000322738	-0.000322738	409
0.159	-0.000642478	-0.000642478	-0.000642478	-0.000642478	452
0.16	-0.00161631	-0.00161631	-0.00161631	-0.00161631	466
0.161	-1.14286e-05	-1.14286e-05	-1.14286e-05	-1.14286e-05	490
0.162	-0.000136975	-0.000136975	-0.000136975	-0.000136975	476
0.163	0.000530818	0.000530818	0.000530818	0.000530818	477
0.164	0.00166926	0.00166926	0.00166926	0.00166926	462
0.165	0.00100269	0.00100269	0.00100269	0.00100269	446
0.166	0.00153648	0.00153648	0.00153648	0.00153648	466
0.167	0.00258182	0.00258182	0.00258182	0.00258182	451
0.168	0.000840084	0.000840084	0.000840084	0.000840084	479
0.169	0.000705609	0.000705609	0.000705609	0.000705609	517
0.17	-0.000196937	-0.000196937	-0.000196937	-0.000196937	457
0.171	0.000128416	0.000128416	0.000128416	0.000128416	461
0.172	-0.000425447	-0.000425447	-0.000425447	-0.000425447	503
0.173	-0.00165676	-0.00165676	-0.00165676	-0.00165676	451
0.174	-0.000674074	-0.000674074	-0.000674074	-0.000674074	486
0.175	-0.00043573	-0.00043573	-0.00043573	-0.00043573	459
0.176	0.000100794	0.000100794	0.000100794	0.000100794	504
0.177	-0.000461925	-0.000461925	-0.000461925	-0.000461925	478
0.178	0.000464574	0.000464574	0.000464574	0.000464574	446
0.179	-4.79339e-05	-4.79339e-05	-4.79339e-05	-4.79339e-05	484
0.18	0.000145607	0.000145607	0.000145607	0.000145607	478
0.181	0.000698998	0.000698998	0.000698998	0.000698998	499
0.182	0.00044435	0.00044435	0.00044435	0.00044435	469
0.183	-4.22833e-06	-4.22833e-06	-4.22833e-06	-4.22833e-06	473
0.184	0.00015234	0.00015234	0.00015234	0.00015234	470
0.185	0.000363025	0.000363025	0.000363025	0.000363025	476
0.186	0.00038013	0.00038013	0.00038013	0.00038013	463
0.187	0.000937822	0.000937822	0.000937822	0.000937822	505
0.188	-8.55535e-05	-8.55535e-05	-8.55535e-05	-8.55535e-05	533
0.189	-0.000621774	-0.000621774	-0.000621774	-0.000621774	496
0.19	0.00148832	0.00148832	0.00148832	0.00148832	505
0.191	0.00113261	0.00113261	0.00113261	0.00113261	552
0.192	-0.000299602	-0.000299602	-0.000299602	-0.000299602	502
0.193	0.00222139	0.00222139	0.00222139	0.00222139	533
0.194	-0.000148571	-0.000148571	-0.000148571	-0.000148571	525
0.195	-0.00055	-0.00055	-0.00055	-0.00055	512
0.196	-0.000546058	-0.000546058	-0.000546058	-0.000546058	482
0.197	0.00145774	0.00145774	0.00145774	0.00145774	478
0.198	0.00075873	0.00075873	0.00075873	0.00075873	504
0.199	0.000861477	0.000861477	0.000861477	0.000861477	501
0.2	-0.00129787	-0.00129787	-0.00129787	-0.00129787	470
0.201	-0.000975	-0.000975	-0.000975	-0.000975	496
0.202	-0.000743231	-0.000743231	-0.000743231	-0.000743231	458
0.203	-0.000305172	-0.000305172	-0.000305172	-0.000305172	464
0.204	-0.000745528	-0.000745528	-0.000745528	-0.000745528	492
0.205	0.000517548	0.000517548	0.000517548	0.000517548	473
0.206	0.00166876	0.00166876	0.00166876	0.00166876	477
0.207	0.00137216	0.00137216	0.00137216	0.00137216	467
0.208	0.000845474	0.000845474	0.000845474	0.000845474	475
0.209	0.000235729	0.000235729	0.000235729	0.000235729	487
0.21	0.000657265	0.000657265	0.000657265	0.000657265	468
0.211	0.000930172	0.000930172	0.000930172	0.000930172	464
0.212	4.17391e-05	4.17391e-05	4.17391e-05	4.17391e-05	460
0.213	0.0016478	0.0016478	0.0016478	0.0016478	477
0.214	0.00124083	0.00124083	0.00124083	0.00124083	529
0.215	7.40157e-05	7.40157e-05	7.40157e-05	7.40157e-05	508
0.216	0.00111752	0.00111752	0.00111752	0.00111752	451
0.217	2.05128e-05	2.05128e-05	2.05128e-05	2.05128e-05	507
0.218	0.00144367	0.00144367	0.00144367	0.00144367	458
0.219	0.00180821	0.00180821	0.00180821	0.00180821	463
0.22	0.00135773	0.00135773	0.00135773	0.00135773	459
0.221	0.000630445	0.000630445	0.000630445	0.000630445	427
0.222	0.0018	0.0018	0.0018	0.0018	486
0.223	0.00126556	0.00126556	0.00126556	0.00126556	421
0.224	0.000773516	0.000773516	0.000773516	0.000773516	438
0.225	0.00151909	0.00151909	0.00151909	0.00151909	440
0.226	0.00133514	0.00133514	0.00133514	0.00133514	444
0.227	0.00140442	0.00140442	0.00140442	0.00140442	452
0.228	0.00191304	0.00191304	0.00191304	0.00191304	414
0.229	0.00126445	0.00126445	0.00126445	0.00126445	422
0.23	0.000546798	0.000546798	0.000546798	0.000546798	406
0.231	-0.000557968	-0.000557968	-0.000557968	-0.000557968	433
0.232	0.000499284	0.000499284	0.000499284	0.000499284	419
0.233	0.000369451	0.000369451	0.000369451	0.000369451	419
0.234	0.00129237	0.00129237	0.00129237	0.00129237	472
0.235	0.00189906	0.00189906	0.00189906	0.00189906	424
0.236	0.000399043	0.000399043	0.000399043	0.000399043	418
0.237	0.0011335	0.0011335	0.0011335	0.0011335	403
0.238	0.000444094	0.000444094	0.000444094	0.000444094	381
0.239	0.000449761	0.000449761	0.000449761	0.000449761	418
0.24	-0.00030372	-0.00030372	-0.00030372	-0.00030372	457
0.241	-0.00124391	-0.00124391	-0.00124391	-0.00124391	419
0.242	0.000771631	0.000771631	0.000771631	0.000771631	423
0.243	-0.000537897	-0.000537897	-0.000537897	-0.000537897	409
0.244	0.000254466	0.000254466	0.000254466	0.000254466	459
0.245	0.000264531	0.000264531	0.000264531	0.000264531	437
0.246	7.3903e-06	7.3903e-06	7.3903e-06	7.3903e-06	433
0.247	0.00185072	0.00185072	0.00185072	0.00185072	418
0.248	0.00147564	0.00147564	0.00147564	0.00147564	431
0.249	-0.000504147	-0.000504147	-0.000504147	-0.000504147	434
0.25	0.00126711	0.00126711	0.00126711	0.00126711	447
0.251	0.000219523	0.000219523	0.000219523	0.000219523	461
0.252	-0.000685194	-0.000685194	-0.000685194	-0.000685194	439
0.253	0.00249922	0.00249922	0.00249922	0.00249922	383
0.254	0.00206486	0.00206486	0.00206486	0.00206486	407
0.255	0.0014939	0.0014939	0.0014939	0.0014939	377
0.256	-0.000211414	-0.000211414	-0.000211414	-0.000211414	403
0.257	0.000502752	0.000502752	0.000502752	0.000502752	436
0.258	0.00241528	0.00241528	0.00241528	0.00241528	445
0.259	0.000392035	0.000392035	0.000392035	0.000392035	452
0.26	-0.000234146	-0.000234146	-0.000234146	-0.000234146	451
0.261	0.000818957	0.000818957	0.000818957	0.000818957	422
0.262	0.000678378	0.000678378	0.000678378	0.000678378	444
0.263	0.000359471	0.000359471	0.000359471	0.000359471	454
0.264	4.37209e-05	4.37209e-05	4.37209e-05	4.37209e-05	430
0.265	-0.00125648	-0.00125648	-0.00125648	-0.00125648	432
0.266	0.000528507	0.000528507	0.000528507	0.000528507	442
0.267	-0.000653266	-0.000653266	-0.000653266	-0.000653266	398
0.268	0.000658765	0.000658765	0.000658765	0.000658765	405
0.269	0.000355906	0.000355906	0.000355906	0.000355906	381
0.27	-0.000102887	-0.000102887	-0.000102887	-0.000102887	381
0.271	-0.000192727	-0.000192727	-0.000192727	-0.000192727	440
0.272	-0.00126412	-0.00126412	-0.00126412	-0.00126412	393
0.273	0.000426667	0.000426667	0.000426667	0.000426667	435
0.274	0.000733971	0.000733971	0.000733971	0.000733971	418
0.275	-0.000389016	-0.000389016	-0.000389016	-0.000389016	437
0.276	-0.000514824	-0.000514824	-0.000514824	-0.000514824	425
0.277	0.000262408	0.000262408	0.000262408	0.000262408	407
0.278	-4.28866e-05	-4.28866e-05	-4.28866e-05	-4.28866e-05	485
0.279	2.1968e-05	2.1968e-05	2.1968e-05	2.1968e-05	437
0.28	-0.00118974	-0.00118974	-0.00118974	-0.00118974	390
0.281	-0.00107506	-0.00107506	-0.00107506	-0.00107506	397
0.282	0.000437209	0.000437209	0.000437209	0.000437209	387
0.283	-0.00188241	-0.00188241	-0.00188241	-0.00188241	398
0.284	0.000812698	0.000812698	0.000812698	0.000812698	378
0.285	-0.000447166	-0.000447166	-0.000447166	-0.000447166	441
0.286	0.000728929	0.000728929	0.000728929	0.000728929	439
0.287	-0.000291597	-0.000291597	-0.000291597	-0.000291597	476
0.288	0.00135251	0.00135251	0.00135251	0.00135251	459
0.289	-0.000154048	-0.000154048	-0.000154048	-0.000154048	457
0.29	-0.000282707	-0.000282707	-0.000282707	-0.000282707	399
0.291	0.000554237	0.000554237	0.000554237	0.000554237	472
0.292	0.00119725	0.00119725	0.00119725	0.00119725	437
0.293	0.000292444	0.000292444	0.000292444	0.000292444	450
0.294	7.08046e-05	7.08046e-05	7.08046e-05	7.08046e-05	435
0.295	-0.000989663	-0.000989663	-0.000989663	-0.000989663	445
0.296	0.000770861	0.000770861	0.000770861	0.000770861	453
0.297	0.000821459	0.000821459	0.000821459	0.000821459	466
0.298	0.0012894	0.0012894	0.0012894	0.0012894	434
0.299	0.000170149	0.000170149	0.000170149	0.000170149	402
0.3	0.000868493	0.000868493	0.000868493	0.000868493	438
0.301	0.000779952	0.000779952	0.000779952	0.000779952	419
0.302	-0.000777171	-0.000777171	-0.000777171	-0.000777171	403
0.303	-0.000309707	-0.000309707	-0.000309707	-0.000309707	443
0.304	-0.000449173	-0.000449173	-0.000449173	-0.000449173	423
0.305	-0.000919	-0.000919	-0.000919	-0.000919	400
0.306	0.000954074	0.000954074	0.000954074	0.000954074	405
0.307	-0.000214151	-0.000214151	-0.000214151	-0.000214151	424
0.308	-0.000763208	-0.000763208	-0.000763208	-0.000763208	424
0.309	0.000810162	0.000810162	0.000810162	0.000810162	433
0.31	-0.000447552	-0.000447552	-0.000447552	-0.000447552	429
0.311	-0.000675534	-0.000675534	-0.000675534	-0.000675534	421
0.312	-0.000907125	-0.000907125	-0.000907125	-0.000907125	407
0.313	8.10127e-05	8.10127e-05	8.10127e-05	8.10127e-05	395
0.314	0.00151495	0.00151495	0.00151495	0.00151495	428
0.315	0.00132308	0.00132308	0.00132308	0.00132308	442
0.316	0.00132764	0.00132764	0.00132764	0.00132764	398
0.317	0.00160882	0.00160882	0.00160882	0.00160882	408
0.318	-0.0004271	-0.0004271	-0.0004271	-0.0004271	369
0.319	-0.000631156	-0.000631156	-0.000631156	-0.000631156	398
0.32	-0.000357143	-0.000357143	-0.000357143	-0.000357143	420
0.321	-3.24051e-05	-3.24051e-05	-3.24051e-05	-3.24051e-05	395
0.322	0.000662802	0.000662802	0.000662802	0.000662802	414
0.323	0.000633419	0.000633419	0.000633419	0.000633419	389
0.324	0.00107395	0.00107395	0.00107395	0.00107395	403
0.325	0.0015482	0.0015482	0.0015482	0.0015482	417
0.326	0.00189109	0.00189109	0.00189109	0.00189109	393
0.327	0.000649746	0.000649746	0.000649746	0.000649746	394
0.328	0.000602817	0.000602817	0.000602817	0.000602817	426
0.329	7.24638e-05	7.24638e-05	7.24638e-05	7.24638e-05	414
0.33	-1.11111e-05	-1.11111e-05	-1.11111e-05	-1.11111e-05	396
0.331	0.000136443	0.000136443	0.000136443	0.000136443	343
0.332	0.000304712	0.000304712	0.000304712	0.000304712	382
0.333	0.00226319	0.00226319	0.00226319	0.00226319	383
0.334	0.000400924	0.000400924	0.000400924	0.000400924	433
0.335	0.00116812	0.00116812	0.00116812	0.00116812	389
0.336	0.00189535	0.00189535	0.00189535	0.00189535	409
0.337	0.00106359	0.00106359	0.00106359	0.00106359	390
0.338	0.000513089	0.000513089	0.000513089	0.000513089	382
0.339	-0.000416798	-0.000416798	-0.000416798	-0.000416798	381
0.34	4.83412e-05	4.83412e-05	4.83412e-05	4.83412e-05	422
0.341	0.000334545	0.000334545	0.000334545	0.000334545	440
0.342	0.00017974	0.00017974	0.00017974	0.00017974	385
0.343	-0.00105157	-0.00105157	-0.00105157	-0.00105157	415
0.344	0.000455583	0.000455583	0.000455583	0.000455583	403
0.345	0.00088381	0.00088381	0.00088381	0.00088381	420
0.346	-0.000844118	-0.000844118	-0.000844118	-0.000844118	408
0.347	3.53535e-05	3.53535e-05	3.53535e-05	3.53535e-05	396
0.348	-0.000295165	-0.000295165	-0.000295165	-0.000295165	393
0.349	0.00148945	0.00148945	0.00148945	0.00148945	398
0.35	0.00311801	0.00311801	0.00311801	0.00311801	361
0.351	0.00134	0.00134	0.00134	0.00134	400
0.352	0.00117846	0.00117846	0.00117846	0.00117846	390
0.353	0.000758716	0.000758716	0.000758716	0.000758716	436
0.354	0.000222727	0.000222727	0.000222727	0.000222727	440
0.355	0.00167775	0.00167775	0.00167775	0.00167775	427
0.356	0.000802784	0.000802784	0.000802784	0.000802784	431
0.357	0.000498578	0.000498578	0.000498578	0.000498578	422
0.358	-0.00081659	-0.00081659	-0.00081659	-0.00081659	434
0.359	-8.50242e-05	-8.50242e-05	-8.50242e-05	-8.50242e-05	414
0.36	-0.000613583	-0.000613583	-0.000613583	-0.000613583	427
0.361	-0.00044	-0.00044	-0.00044	-0.00044	430
0.362	-0.00108814	-0.00108814	-0.00108814	-0.00108814	472
0.363	-0.000107159	-0.000107159	-0.000107159	-0.000107159	433
0.364	-0.000143089	-0.000143089	-0.000143089	-0.000143089	492
0.365	-0.000265079	-0.000265079	-0.000265079	-0.000265079	504
0.366	-0.00116175	-0.00116175	-0.00116175	-0.00116175	481
0.367	-0.00118403	-0.00118403	-0.00118403	-0.00118403	476
0.368	-0.000961882	-0.000961882	-0.000961882	-0.000961882	425
0.369	8.49642e-05	8.49642e-05	8.49642e-05	8.49642e-05	419
0.37	-0.000361656	-0.000361656	-0.000361656	-0.000361656	459
0.371	-0.00150093	-0.00150093	-0.00150093	-0.00150093	432
0.372	-9.18182e-05	-9.18182e-05	-9.18182e-05	-9.18182e-05	440
0.373	-0.00101966	-0.00101966	-0.00101966	-0.00101966	417
0.374	0.00142201	0.00142201	0.00142201	0.00142201	418
0.375	0.00020804	0.00020804	0.00020804	0.00020804	398
0.376	0.000276347	0.000276347	0.000276347	0.000276347	427
0.377	0.00103177	0.00103177	0.00103177	0.00103177	447
0.378	0.000530612	0.000530612	0.000530612	0.000530612	441
0.379	0.0009841	0.0009841	0.0009841	0.0009841	478
0.38	0.000249658	0.000249658	0.000249658	0.000249658	439
0.381	9.52381e-06	9.52381e-06	9.52381e-06	9.52381e-06	462
0.382	0.00042243	0.00042243	0.00042243	0.00042243	428
0.383	-0.000879287	-0.000879287	-0.000879287	-0.000879287	449
0.384	0.000267241	0.000267241	0.000267241	0.000267241	464
0.385	0.000298105	0.000298105	0.000298105	0.000298105	475
0.386	0.00221605	0.00221605	0.00221605	0.00221605	461
0.387	0.000976364	0.000976364	0.000976364	0.000976364	440
0.388	0.000570478	0.000570478	0.000570478	0.000570478	481
0.389	0.000201325	0.000201325	0.000201325	0.000201325	453
0.39	0.00142287	0.00142287	0.00142287	0.00142287	411
0.391	-0.000969756	-0.000969756	-0.000969756	-0.000969756	410
0.392	0.000825	0.000825	0.000825	0.000825	416
0.393	0.000627313	0.000627313	0.000627313	0.000627313	454
0.394	0.000913379	0.000913379	0.000913379	0.000913379	441
0.395	0.00150849	0.00150849	0.00150849	0.00150849	424
0.396	0.000432432	0.000432432	0.000432432	0.000432432	444
0.397	-7.9397e-05	-7.9397e-05	-7.9397e-05	-7.9397e-05	398
0.398	0.0012518	0.0012518	0.0012518	0.0012518	417
0.399	0.000131731	0.000131731	0.000131731	0.000131731	416
0.4	8.05897e-05	8.05897e-05	8.05897e-05	8.05897e-05	407
0.401	-0.000130612	-0.000130612	-0.000130612	-0.000130612	392
0.402	0.000415385	0.000415385	0.000415385	0.000415385	416
0.403	0.00132667	0.00132667	0.00132667	0.00132667	420
0.404	0.00071007	0.00071007	0.00071007	0.00071007	427
0.405	0.00037551	0.00037551	0.00037551	0.00037551	392
0.406	0.000845411	0.000845411	0.000845411	0.000845411	414
0.407	-0.000163636	-0.000163636	-0.000163636	-0.000163636	396
0.408	0.000424299	0.000424299	0.000424299	0.000424299	428
0.409	-0.000239583	-0.000239583	-0.000239583	-0.000239583	384
0.41	0.00055545	0.00055545	0.00055545	0.00055545	422
0.411	-0.000298337	-0.000298337	-0.000298337	-0.000298337	421
0.412	0.000607852	0.000607852	0.000607852	0.000607852	433
0.413	0.000473636	0.000473636	0.000473636	0.000473636	440
0.414	1.89573e-06	1.89573e-06	1.89573e-06	1.89573e-06	422
0.415	1.65577e-05	1.65577e-05	1.65577e-05	1.65577e-05	459
0.416	0.00163437	0.00163437	0.00163437	0.00163437	384
0.417	-0.000985679	-0.000985679	-0.000985679	-0.000985679	405
0.418	-5.92941e-05	-5.92941e-05	-5.92941e-05	-5.92941e-05	425
0.419	0.000966	0.000966	0.000966	0.000966	400
0.42	0.0011157	0.0011157	0.0011157	0.0011157	446
0.421	0.000918554	0.000918554	0.000918554	0.000918554	415
0.422	0.000141935	0.000141935	0.000141935	0.000141935	403
0.423	0.00100147	0.00100147	0.00100147	0.00100147	407
0.424	0.000252973	0.000252973	0.000252973	0.000252973	370
0.425	0.00022029	0.00022029	0.00022029	0.00022029	414
0.426	0.00082488	0.00082488	0.00082488	0.00082488	418
0.427	-0.000550123	-0.000550123	-0.000550123	-0.000550123	405
0.428	-0.000278571	-0.000278571	-0.000278571	-0.000278571	392
0.429	-0.000277626	-0.000277626	-0.000277626	-0.000277626	438
0.43	0.00154988	0.00154988	0.00154988	0.00154988	431
0.431	-0.000406437	-0.000406437	-0.000406437	-0.000406437	435
0.432	-0.000961502	-0.000961502	-0.000961502	-0.000961502	426
0.433	-0.000241839	-0.000241839	-0.000241839	-0.000241839	435
0.434	0.000111162	0.000111162	0.000111162	0.000111162	439
0.435	-0.000275827	-0.000275827	-0.000275827	-0.000275827	393
0.436	-0.000110865	-0.000110865	-0.000110865	-0.000110865	451
0.437	-6.75799e-05	-6.75799e-05	-6.75799e-05	-6.75799e-05	438
0.438	-0.0011691	-0.0011691	-0.0011691	-0.0011691	479
0.439	-0.000340113	-0.000340113	-0.000340113	-0.000340113	354
0.44	-7.7327e-05	-7.7327e-05	-7.7327e-05	-7.7327e-05	419
0.441	-0.000991045	-0.000991045	-0.000991045	-0.000991045	402
0.442	-0.00173594	-0.00173594	-0.00173594	-0.00173594	409
0.443	-0.00119656	-0.00119656	-0.00119656	-0.00119656	465
0.444	-8.35381e-05	-8.35381e-05	-8.35381e-05	-8.35381e-05	407
0.445	-0.000673569	-0.000673569	-0.000673569	-0.000673569	367
0.446	-0.000214123	-0.000214123	-0.000214123	-0.000214123	439
0.447	0.00131133	0.00131133	0.00131133	0.00131133	406
0.448	-0.00109931	-0.00109931	-0.00109931	-0.00109931	437
0.449	0.000300752	0.000300752	0.000300752	0.000300752	399
0.45	0.0011126	0.0011126	0.0011126	0.0011126	389
0.451	0.00142118	0.00142118	0.00142118	0.00142118	425
0.452	0.000863542	0.000863542	0.000863542	0.000863542	384
0.453	0.000889655	0.000889655	0.000889655	0.000889655	406
0.454	0.000442005	0.000442005	0.000442005	0.000442005	419
0.455	0.0006457	0.0006457	0.0006457	0.0006457	407
0.456	0.000679279	0.000679279	0.000679279	0.000679279	444
0.457	-0.000196985	-0.000196985	-0.000196985	-0.000196985	398
0.458	0.000170277	0.000170277	0.000170277	0.000170277	397
0.459	0.00161244	0.00161244	0.00161244	0.00161244	386
0.46	0.000967397	0.000967397	0.000967397	0.000967397	411
0.461	-4.77327e-06	-4.77327e-06	-4.77327e-06	-4.77327e-06	419
0.462	0.000972998	0.000972998	0.000972998	0.000972998	437
0.463	0.00105383	0.00105383	0.00105383	0.00105383	405
0.464	0.00150653	0.00150653	0.00150653	0.00150653	398
0.465	0.00108451	0.00108451	0.00108451	0.00108451	426
0.466	0.00205234	0.00205234	0.00205234	0.00205234	428
0.467	0.000648	0.000648	0.000648	0.000648	400
0.468	-0.000855138	-0.000855138	-0.000855138	-0.000855138	399
0.469	-0.000266359	-0.000266359	-0.000266359	-0.000266359	434
0.47	0.000562136	0.000562136	0.000562136	0.000562136	412
0.471	-0.000297614	-0.000297614	-0.000297614	-0.000297614	461
0.472	-0.00018593	-0.00018593	-0.00018593	-0.00018593	398
0.473	0.00106005	0.00106005	0.00106005	0.00106005	423
0.474	0.000763549	0.000763549	0.000763549	0.000763549	417
0.475	-0.000596491	-0.000596491	-0.000596491	-0.000596491	399
0.476	5.9375e-05	5.9375e-05	5.9375e-05	5.9375e-05	384
0.477	-0.000107619	-0.000107619	-0.000107619	-0.000107619	420
0.478	0.000902857	0.000902857	0.000902857	0.000902857	385
0.479	-0.000456338	-0.000456338	-0.000456338	-0.000456338	426
0.48	7.5576e-05	7.5576e-05	7.5576e-05	7.5576e-05	434
0.481	0.000529923	0.000529923	0.000529923	0.000529923	391
0.482	-0.000979775	-0.000979775	-0.000979775	-0.000979775	445
0.483	-0.000738318	-0.000738318	-0.000738318	-0.000738318	428
0.484	-0.000489104	-0.000489104	-0.000489104	-0.000489104	413
0.485	-0.000332203	-0.000332203	-0.000332203	-0.000332203	413
0.486	-0.000726817	-0.000726817	-0.000726817	-0.000726817	399
0.487	-0.000910941	-0.000910941	-0.000910941	-0.000910941	393
0.488	-0.000941289	-0.000941289	-0.000941289	-0.000941289	419
0.489	-0.000495672	-0.000495672	-0.000495672	-0.000495672	439
0.49	-9.13242e-05	-9.13242e-05	-9.13242e-05	-9.13242e-05	438
0.491	0.00123945	0.00123945	0.00123945	0.00123945	436
0.492	0.00174939	0.00174939	0.00174939	0.00174939	407
0.493	0.00143266	0.00143266	0.00143266	0.00143266	447
0.494	-0.000112977	-0.000112977	-0.000112977	-0.000112977	393
0.495	0.000185888	0.000185888	0.000185888	0.000185888	411
0.496	0.00127005	0.00127005	0.00127005	0.00127005	394
0.497	-0.000109845	-0.000109845	-0.000109845	-0.000109845	386
0.498	0.00050098	0.00050098	0.00050098	0.00050098	408
0.499	0.00146478	0.00146478	0.00146478	0.00146478	423
0.5	0.00104847	0.00104847	0.00104847	0.00104847	359
0.501	0.000743564	0.000743564	0.000743564	0.000743564	404
0.502	0.00127368	0.00127368	0.00127368	0.00127368	380
0.503	0.00226029	0.00226029	0.00226029	0.00226029	418
0.504	0.001078	0.001078	0.001078	0.001078	400
0.505	0.000794667	0.000794667	0.000794667	0.000794667	375
0.506	0.000439295	0.000439295	0.000439295	0.000439295	397
0.507	0.00052529	0.00052529	0.00052529	0.00052529	431
0.508	0.000466019	0.000466019	0.000466019	0.000466019	412
0.509	0.000462118	0.000462118	0.000462118	0.000462118	425
0.51	0.000282524	0.000282524	0.000282524	0.000282524	412
0.511	-0.000193301	-0.000193301	-0.000193301	-0.000193301	418
0.512	0.000355191	0.000355191	0.000355191	0.000355191	366
0.513	0.000364557	0.000364557	0.000364557	0.000364557	395
0.514	-5.17073e-05	-5.17073e-05	-5.17073e-05	-5.17073e-05	410
0.515	0.000506061	0.000506061	0.000506061	0.000506061	396
0.516	-0.000338544	-0.000338544	-0.000338544	-0.000338544	371
0.517	-7.6808e-05	-7.6808e-05	-7.6808e-05	-7.6808e-05	401
0.518	0.000809524	0.000809524	0.000809524	0.000809524	420
0.519	0.0017602	0.0017602	0.0017602	0.0017602	402
0.52	0.00105358	0.00105358	0.00105358	0.00105358	377
0.521	0.000204188	0.000204188	0.000204188	0.000204188	382
0.522	-0.00117313	-0.00117313	-0.00117313	-0.00117313	402
0.523	-0.000230275	-0.000230275	-0.000230275	-0.000230275	436
0.524	-0.000100796	-0.000100796	-0.000100796	-0.000100796	377
0.525	0.000126425	0.000126425	0.000126425	0.000126425	386
0.526	0.00127633	0.00127633	0.00127633	0.00127633	414
0.527	0.00149243	0.00149243	0.00149243	0.00149243	383
0.528	0.0015466	0.0015466	0.0015466	0.0015466	397
0.529	0.00144904	0.00144904	0.00144904	0.00144904	416
0.53	-0.00153689	-0.00153689	-0.00153689	-0.00153689	450
0.531	0.000296163	0.000296163	0.000296163	0.000296163	443
0.532	-0.000701493	-0.000701493	-0.000701493	-0.000701493	402
0.533	-0.000926904	-0.000926904	-0.000926904	-0.000926904	394
0.534	4.04938e-05	4.04938e-05	4.04938e-05	4.04938e-05	405
0.535	0.000880378	0.000880378	0.000880378	0.000880378	423
0.536	-0.00115023	-0.00115023	-0.00115023	-0.00115023	434
0.537	-0.00110381	-0.00110381	-0.00110381	-0.00110381	420
0.538	-0.000834742	-0.000834742	-0.000834742	-0.000834742	426
0.539	-0.000613034	-0.000613034	-0.000613034	-0.000613034	445
0.54	-0.000292272	-0.000292272	-0.000292272	-0.000292272	427
0.541	-0.00247833	-0.00247833	-0.00247833	-0.00247833	383
0.542	-0.0011567	-0.0011567	-0.0011567	-0.0011567	388
0.543	-0.00187045	-0.00187045	-0.00187045	-0.00187045	423
0.544	-0.000724409	-0.000724409	-0.000724409	-0.000724409	381
0.545	-0.0012347	-0.0012347	-0.0012347	-0.0012347	415
0.546	-0.00241072	-0.00241072	-0.00241072	-0.00241072	373
0.547	-0.000730476	-0.000730476	-0.000730476	-0.000730476	420
0.548	-0.000642718	-0.000642718	-0.000642718	-0.000642718	412
0.549	0.000627569	0.000627569	0.000627569	0.000627569	399
0.55	0.000694639	0.000694639	0.000694639	0.000694639	429
0.551	1.52672e-05	1.52672e-05	1.52672e-05	1.52672e-05	393
0.552	-0.000776359	-0.000776359	-0.000776359	-0.000776359	423
0.553	0.00132292	0.00132292	0.00132292	0.00132292	384
0.554	-0.00112699	-0.00112699	-0.00112699	-0.00112699	389
0.555	-0.000237288	-0.000237288	-0.000237288	-0.000237288	354
0.556	-0.00112875	-0.00112875	-0.00112875	-0.00112875	393
0.557	-0.0013305	-0.0013305	-0.0013305	-0.0013305	377
0.558	-0.00067443	-0.00067443	-0.00067443	-0.00067443	395
0.559	6.51584e-05	6.51584e-05	6.51584e-05	6.51584e-05	442
0.56	-0.000476827	-0.000476827	-0.000476827	-0.000476827	479
0.561	-0.000481356	-0.000481356	-0.000481356	-0.000481356	413
0.562	-0.00199897	-0.00199897	-0.00199897	-0.00199897	389
0.563	-0.000843386	-0.000843386	-0.000843386	-0.000843386	378
0.564	0.000559794	0.000559794	0.000559794	0.000559794	388
0.565	0.0012299	0.0012299	0.0012299	0.0012299	388
0.566	-6.94789e-05	-6.94789e-05	-6.94789e-05	-6.94789e-05	403
0.567	0.000109186	0.000109186	0.000109186	0.000109186	381
0.568	0.000297297	0.000297297	0.000297297	0.000297297	370
0.569	-7.16707e-05	-7.16707e-05	-7.16707e-05	-7.16707e-05	413
0.57	-0.0008691	-0.0008691	-0.0008691	-0.0008691	411
0.571	-0.000877064	-0.000877064	-0.000877064	-0.000877064	436
0.572	-0.000616787	-0.000616787	-0.000616787	-0.000616787	417
0.573	-0.000832161	-0.000832161	-0.000832161	-0.000832161	398
0.574	-0.000851358	-0.000851358	-0.000851358	-0.000851358	405
0.575	0.000407368	0.000407368	0.000407368	0.000407368	380
0.576	-0.00155887	-0.00155887	-0.00155887	-0.00155887	389
0.577	-0.00163645	-0.00163645	-0.00163645	-0.00163645	417
0.578	-0.0024901	-0.0024901	-0.0024901	-0.0024901	404
0.579	-0.00182	-0.00182	-0.00182	-0.00182	320
0.58	-0.00194961	-0.00194961	-0.00194961	-0.00194961	389
0.581	-0.0012951	-0.0012951	-0.0012951	-0.0012951	408
0.582	-0.00153853	-0.00153853	-0.00153853	-0.00153853	436
0.583	-0.00193875	-0.00193875	-0.00193875	-0.00193875	431
0.584	-0.00205253	-0.00205253	-0.00205253	-0.00205253	434
0.585	-0.000923671	-0.000923671	-0.000923671	-0.000923671	414
0.586	0.000130049	0.000130049	0.000130049	0.000130049	406
0.587	-0.00100554	-0.00100554	-0.00100554	-0.00100554	469
0.588	0.000481481	0.000481481	0.000481481	0.000481481	432
0.589	-2.72251e-05	-2.72251e-05	-2.72251e-05	-2.72251e-05	382
0.59	-0.000357843	-0.000357843	-0.000357843	-0.000357843	408
0.591	0.000298113	0.000298113	0.000298113	0.000298113	424
0.592	-0.000941899	-0.000941899	-0.000941899	-0.000941899	358
0.593	0.000237306	0.000237306	0.000237306	0.000237306	386
0.594	-0.000766751	-0.000766751	-0.000766751	-0.000766751	397
0.595	-0.000965195	-0.000965195	-0.000965195	-0.000965195	385
0.596	-0.000805051	-0.000805051	-0.000805051	-0.000805051	396
0.597	0.000744828	0.000744828	0.000744828	0.000744828	377
0.598	2.33577e-05	2.33577e-05	2.33577e-05	2.33577e-05	411
0.599	0.000215625	0.000215625	0.000215625	0.000215625	384
0.6	0.000611634	0.000611634	0.000611634	0.000611634	361
0.601	-0.000556842	-0.000556842	-0.000556842	-0.000556842	380
0.602	-0.000906887	-0.000906887	-0.000906887	-0.000906887	363
0.603	-0.000158838	-0.000158838	-0.000158838	-0.000158838	413
0.604	0.000756219	0.000756219	0.000756219	0.000756219	402
0.605	0.000920301	0.000920301	0.000920301	0.000920301	399
0.606	-0.000624685	-0.000624685	-0.000624685	-0.000624685	397
0.607	0.000588918	0.000588918	0.000588918	0.000588918	379
0.608	-0.000637433	-0.000637433	-0.000637433	-0.000637433	374
0.609	-0.000854026	-0.000854026	-0.000854026	-0.000854026	385
0.61	0.000298695	0.000298695	0.000298695	0.000298695	383
0.611	-0.000902762	-0.000902762	-0.000902762	-0.000902762	362
0.612	-8.37209e-05	-8.37209e-05	-8.37209e-05	-8.37209e-05	387
0.613	0.000279896	0.000279896	0.000279896	0.000279896	383
0.614	-0.000892621	-0.000892621	-0.000892621	-0.000892621	393
0.615	0.000858145	0.000858145	0.000858145	0.000858145	399
0.616	0.000542564	0.000542564	0.000542564	0.000542564	390
0.617	0.000517978	0.000517978	0.000517978	0.000517978	356
0.618	0.00184352	0.00184352	0.00184352	0.00184352	409
0.619	0.00176392	0.00176392	0.00176392	0.00176392	388
0.62	0.00147494	0.00147494	0.00147494	0.00147494	419
0.621	0.00122396	0.00122396	0.00122396	0.00122396	434
0.622	-0.000120635	-0.000120635	-0.000120635	-0.000120635	378
0.623	0.000228	0.000228	0.000228	0.000228	400
0.624	0.00116156	0.00116156	0.00116156	0.00116156	385
0.625	0.00108051	0.00108051	0.00108051	0.00108051	395
0.626	0.00164165	0.00164165	0.00164165	0.00164165	413
0.627	0.00246462	0.00246462	0.00246462	0.00246462	359
0.628	0.00151823	0.00151823	0.00151823	0.00151823	362
0.629	0.00145323	0.00145323	0.00145323	0.00145323	387
0.63	0.00102857	0.00102857	0.00102857	0.00102857	392
0.631	0.000753271	0.000753271	0.000753271	0.000753271	428
0.632	0.000715949	0.000715949	0.000715949	0.000715949	395
0.633	0.00116075	0.00116075	0.00116075	0.00116075	428
0.634	0.000958273	0.000958273	0.000958273	0.000958273	417
0.635	0.00148731	0.00148731	0.00148731	0.00148731	394
0.636	0.000381152	0.000381152	0.000381152	0.000381152	382
0.637	0.000197494	0.000197494	0.000197494	0.000197494	399
0.638	0.000686445	0.000686445	0.000686445	0.000686445	391
0.639	0.00172932	0.00172932	0.00172932	0.00172932	399
0.64	0.00102362	0.00102362	0.00102362	0.00102362	381
0.641	0.00138583	0.00138583	0.00138583	0.00138583	381
0.642	0.00265098	0.00265098	0.00265098	0.00265098	357
0.643	0.00123307	0.00123307	0.00123307	0.00123307	387
0.644	0.000966234	0.000966234	0.000966234	0.000966234	385
0.645	0.00190769	0.00190769	0.00190769	0.00190769	416
0.646	-1.18721e-05	-1.18721e-05	-1.18721e-05	-1.18721e-05	438
0.647	0.000458768	0.000458768	0.000458768	0.000458768	422
0.648	0.000760671	0.000760671	0.000760671	0.000760671	417
0.649	0.000825616	0.000825616	0.000825616	0.000825616	406
0.65	0.000112	0.000112	0.000112	0.000112	375
0.651	0.000399038	0.000399038	0.000399038	0.000399038	416
0.652	-0.000202481	-0.000202481	-0.000202481	-0.000202481	403
0.653	9.1866e-05	9.1866e-05	9.1866e-05	9.1866e-05	418
0.654	0.00171943	0.00171943	0.00171943	0.00171943	422
0.655	0.00214664	0.00214664	0.00214664	0.00214664	431
0.656	0.00157196	0.00157196	0.00157196	0.00157196	428
0.657	0.001067	0.001067	0.001067	0.001067	397
0.658	0.00190118	0.00190118	0.00190118	0.00190118	425
0.659	0.00112	0.00112	0.00112	0.00112	395
0.66	0.000561905	0.000561905	0.000561905	0.000561905	420
0.661	0.000337089	0.000337089	0.000337089	0.000337089	426
0.662	0.00140603	0.00140603	0.00140603	0.00140603	398
0.663	0.00025284	0.00025284	0.00025284	0.00025284	405
0.664	0.000327358	0.000327358	0.000327358	0.000327358	424
0.665	-0.000608491	-0.000608491	-0.000608491	-0.000608491	424
0.666	-0.000337947	-0.000337947	-0.000337947	-0.000337947	419
0.667	0.00180665	0.00180665	0.00180665	0.00180665	451
0.668	0.00136622	0.00136622	0.00136622	0.00136622	373
0.669	0.000809434	0.000809434	0.000809434	0.000809434	424
0.67	0.000143961	0.000143961	0.000143961	0.000143961	414
0.671	0.000912184	0.000912184	0.000912184	0.000912184	435
0.672	0.00062549	0.00062549	0.00062549	0.00062549	408
0.673	0.00131178	0.00131178	0.00131178	0.00131178	433
0.674	0.000116381	0.000116381	0.000116381	0.000116381	409
0.675	-0.000580451	-0.000580451	-0.000580451	-0.000580451	399
0.676	-3.89294e-06	-3.89294e-06	-3.89294e-06	-3.89294e-06	411
0.677	0.000490261	0.000490261	0.000490261	0.000490261	421
0.678	-0.00108019	-0.00108019	-0.00108019	-0.00108019	424
0.679	-0.000345631	-0.000345631	-0.000345631	-0.000345631	412
0.68	-0.00141881	-0.00141881	-0.00141881	-0.00141881	404
0.681	-0.00114889	-0.00114889	-0.00114889	-0.00114889	407
0.682	-0.0011747	-0.0011747	-0.0011747	-0.0011747	411
0.683	-0.000553253	-0.000553253	-0.000553253	-0.000553253	415
0.684	-0.00170244	-0.00170244	-0.00170244	-0.00170244	410
0.685	-0.00121929	-0.00121929	-0.00121929	-0.00121929	394
0.686	-0.000697143	-0.000697143	-0.000697143	-0.000697143	420
0.687	-0.000832195	-0.000832195	-0.000832195	-0.000832195	410
0.688	-0.00138868	-0.00138868	-0.00138868	-0.00138868	424
0.689	-0.000875829	-0.000875829	-0.000875829	-0.000875829	422
0.69	-0.000116543	-0.000116543	-0.000116543	-0.000116543	405
0.691	-0.000425366	-0.000425366	-0.000425366	-0.000425366	410
0.692	0.000395855	0.000395855	0.000395855	0.000395855	386
0.693	-0.000616304	-0.000616304	-0.000616304	-0.000616304	368
0.694	-0.000309744	-0.000309744	-0.000309744	-0.000309744	390
0.695	0.000307838	0.000307838	0.000307838	0.000307838	421
0.696	-0.000948775	-0.000948775	-0.000948775	-0.000948775	449
0.697	-0.00112647	-0.00112647	-0.00112647	-0.00112647	408
0.698	-5.16432e-05	-5.16432e-05	-5.16432e-05	-5.16432e-05	426
0.699	-0.00112322	-0.00112322	-0.00112322	-0.00112322	422
0.7	-0.000151621	-0.000151621	-0.000151621	-0.000151621	401
0.701	-0.00222105	-0.00222105	-0.00222105	-0.00222105	418
0.702	0.000459951	0.000459951	0.000459951	0.000459951	407
0.703	-0.00106944	-0.00106944	-0.00106944	-0.00106944	337
0.704	-0.000668932	-0.000668932	-0.000668932	-0.000668932	412
0.705	-0.0006689	-0.0006689	-0.0006689	-0.0006689	418
0.706	-0.000413613	-0.000413613	-0.000413613	-0.000413613	382
0.707	-0.00106544	-0.00106544	-0.00106544	-0.00106544	434
0.708	0.000405208	0.000405208	0.000405208	0.000405208	384
0.709	-0.00109446	-0.00109446	-0.00109446	-0.00109446	379
0.71	0.000110818	0.000110818	0.000110818	0.000110818	379
0.711	0.000145618	0.000145618	0.000145618	0.000145618	445
0.712	-0.001352	-0.001352	-0.001352	-0.001352	400
0.713	-0.00230615	-0.00230615	-0.00230615	-0.00230615	439
0.714	-0.00102201	-0.00102201	-0.00102201	-0.00102201	418
0.715	-0.00231518	-0.00231518	-0.00231518	-0.00231518	382
0.716	-0.00142065	-0.00142065	-0.00142065	-0.00142065	397
0.717	-0.00099011	-0.00099011	-0.00099011	-0.00099011	364
0.718	-0.00068134	-0.00068134	-0.00068134	-0.00068134	418
0.719	-0.00190762	-0.00190762	-0.00190762	-0.00190762	407
0.72	-0.00128922	-0.00128922	-0.00128922	-0.00128922	408
0.721	2.35294e-05	2.35294e-05	2.35294e-05	2.35294e-05	408
0.722	-0.00183821	-0.00183821	-0.00183821	-0.00183821	403
0.723	-0.000770483	-0.000770483	-0.000770483	-0.000770483	393
0.724	-0.00120095	-0.00120095	-0.00120095	-0.00120095	419
0.725	-0.000346193	-0.000346193	-0.000346193	-0.000346193	394
0.726	-0.000778692	-0.000778692	-0.000778692	-0.000778692	413
0.727	-0.00175446	-0.00175446	-0.00175446	-0.00175446	404
0.728	-0.000216137	-0.000216137	-0.000216137	-0.000216137	409
0.729	0.000437755	0.000437755	0.000437755	0.000437755	392
0.73	-0.000261432	-0.000261432	-0.000261432	-0.000261432	433
0.731	-0.00191467	-0.00191467	-0.00191467	-0.00191467	375
0.732	0.000150235	0.000150235	0.000150235	0.000150235	426
0.733	0.000755869	0.000755869	0.000755869	0.000755869	426
0.734	-0.00160305	-0.00160305	-0.00160305	-0.00160305	394
0.735	-0.000954902	-0.000954902	-0.000954902	-0.000954902	408
0.736	0.000779512	0.000779512	0.000779512	0.000779512	410
0.737	0.0011016	0.0011016	0.0011016	0.0011016	374
0.738	-0.000496262	-0.000496262	-0.000496262	-0.000496262	428
0.739	-0.00101308	-0.00101308	-0.00101308	-0.00101308	428
0.74	-0.000109174	-0.000109174	-0.000109174	-0.000109174	436
0.741	-0.000598974	-0.000598974	-0.000598974	-0.000598974	390
0.742	-0.000503662	-0.000503662	-0.000503662	-0.000503662	355
0.743	-0.00133426	-0.00133426	-0.00133426	-0.00133426	432
0.744	-0.000182057	-0.000182057	-0.000182057	-0.000182057	457
0.745	-8.79227e-05	-8.79227e-05	-8.79227e-05	-8.79227e-05	414
0.746	-0.00056643	-0.00056643	-0.00056643	-0.00056643	423
0.747	-0.000267312	-0.000267312	-0.000267312	-0.000267312	413
0.748	-0.000467647	-0.000467647	-0.000467647	-0.000467647	408
0.749	-0.00114931	-0.00114931	-0.00114931	-0.00114931	434
0.75	-0.00100556	-0.00100556	-0.00100556	-0.00100556	432
0.751	-0.00199137	-0.00199137	-0.00199137	-0.00199137	417
0.752	-0.000577169	-0.000577169	-0.000577169	-0.000577169	438
0.753	-6.15385e-05	-6.15385e-05	-6.15385e-05	-6.15385e-05	403
0.754	-0.000143236	-0.000143236	-0.000143236	-0.000143236	377
0.755	-0.00205106	-0.00205106	-0.00205106	-0.00205106	376
0.756	-0.00203662	-0.00203662	-0.00203662	-0.00203662	426
0.757	-0.00205674	-0.00205674	-0.00205674	-0.00205674	430
0.758	-0.00119314	-0.00119314	-0.00119314	-0.00119314	408
0.759	-0.00180141	-0.00180141	-0.00180141	-0.00180141	425
0.76	-0.000745545	-0.000745545	-0.000745545	-0.000745545	404
0.761	-0.000754342	-0.000754342	-0.000754342	-0.000754342	403
0.762	-7.23514e-06	-7.23514e-06	-7.23514e-06	-7.23514e-06	387
0.763	-0.000804145	-0.000804145	-0.000804145	-0.000804145	386
0.764	-0.000821563	-0.000821563	-0.000821563	-0.000821563	371
0.765	-0.000286256	-0.000286256	-0.000286256	-0.000286256	422
0.766	-0.00140453	-0.00140453	-0.00140453	-0.00140453	397
0.767	-0.000528042	-0.000528042	-0.000528042	-0.000528042	378
0.768	-0.00105899	-0.00105899	-0.00105899	-0.00105899	434
0.769	1.82254e-05	1.82254e-05	1.82254e-05	1.82254e-05	417
0.77	-0.00153379	-0.00153379	-0.00153379	-0.00153379	435
0.771	-0.00114066	-0.00114066	-0.00114066	-0.00114066	391
0.772	-0.00213691	-0.00213691	-0.00213691	-0.00213691	447
0.773	-0.00222087	-0.00222087	-0.00222087	-0.00222087	460
0.774	-0.000975	-0.000975	-0.000975	-0.000975	432
0.775	-0.0004	-0.0004	-0.0004	-0.0004	403
0.776	-0.000405217	-0.000405217	-0.000405217	-0.000405217	460
0.777	0.000367038	0.000367038	0.000367038	0.000367038	449
0.778	-0.000321718	-0.000321718	-0.000321718	-0.000321718	419
0.779	-7.3903e-06	-7.3903e-06	-7.3903e-06	-7.3903e-06	433
0.78	0.000714894	0.000714894	0.000714894	0.000714894	423
0.781	0.00139861	0.00139861	0.00139861	0.00139861	433
0.782	-0.000851799	-0.000851799	-0.000851799	-0.000851799	417
0.783	-0.000841284	-0.000841284	-0.000841284	-0.000841284	436
0.784	-0.000837296	-0.000837296	-0.000837296	-0.000837296	429
0.785	0.000896842	0.000896842	0.000896842	0.000896842	380
0.786	-0.00111579	-0.00111579	-0.00111579	-0.00111579	399
0.787	-0.000366574	-0.000366574	-0.000366574	-0.000366574	359
0.788	0.000194541	0.000194541	0.000194541	0.000194541	403
0.789	-0.000898039	-0.000898039	-0.000898039	-0.000898039	408
0.79	-0.000523223	-0.000523223	-0.000523223	-0.000523223	422
0.791	-0.00127289	-0.00127289	-0.00127289	-0.00127289	439
0.792	-0.00117477	-0.00117477	-0.00117477	-0.00117477	444
0.793	-0.00128421	-0.00128421	-0.00128421	-0.00128421	456
0.794	-0.000924402	-0.000924402	-0.000924402	-0.000924402	418
0.795	-0.000811111	-0.000811111	-0.000811111	-0.000811111	432
0.796	-0.000137441	-0.000137441	-0.000137441	-0.000137441	422
0.797	0.00016129	0.00016129	0.00016129	0.00016129	372
0.798	0.000367513	0.000367513	0.000367513	0.000367513	394
0.799	7.74536e-05	7.74536e-05	7.74536e-05	7.74536e-05	377
0.8	-0.00102886	-0.00102886	-0.00102886	-0.00102886	402
0.801	-0.0014402	-0.0014402	-0.0014402	-0.0014402	408
0.802	-0.000107759	-0.000107759	-0.000107759	-0.000107759	464
0.803	-0.000742298	-0.000742298	-0.000742298	-0.000742298	409
0.804	-0.00118591	-0.00118591	-0.00118591	-0.00118591	369
0.805	-0.00101695	-0.00101695	-0.00101695	-0.00101695	413
0.806	-0.000840295	-0.000840295	-0.000840295	-0.000840295	407
0.807	0.00061491	0.00061491	0.00061491	0.00061491	389
0.808	-0.000600943	-0.000600943	-0.000600943	-0.000600943	424
0.809	-0.0015098	-0.0015098	-0.0015098	-0.0015098	408
0.81	-0.00146478	-0.00146478	-0.00146478	-0.00146478	423
0.811	-9.4e-05	-9.4e-05	-9.4e-05	-9.4e-05	400
0.812	-0.000488783	-0.000488783	-0.000488783	-0.000488783	419
0.813	-0.000411241	-0.000411241	-0.000411241	-0.000411241	427
0.814	-0.00161135	-0.00161135	-0.00161135	-0.00161135	423
0.815	-0.000614925	-0.000614925	-0.000614925	-0.000614925	402
0.816	-0.000683029	-0.000683029	-0.000683029	-0.000683029	383
0.817	1.05769e-05	1.05769e-05	1.05769e-05	1.05769e-05	416
0.818	-0.000508831	-0.000508831	-0.000508831	-0.000508831	419
0.819	0.000281279	0.000281279	0.000281279	0.000281279	438
0.82	-0.000419704	-0.000419704	-0.000419704	-0.000419704	406
0.821	-0.00170995	-0.00170995	-0.00170995	-0.00170995	422
0.822	-0.000122314	-0.000122314	-0.000122314	-0.000122314	363
0.823	-0.000750372	-0.000750372	-0.000750372	-0.000750372	403
0.824	-0.000894798	-0.000894798	-0.000894798	-0.000894798	346
0.825	6.95214e-05	6.95214e-05	6.95214e-05	6.95214e-05	397
0.826	-0.000790025	-0.000790025	-0.000790025	-0.000790025	401
0.827	-0.00133113	-0.00133113	-0.00133113	-0.00133113	424
0.828	0.000462531	0.000462531	0.000462531	0.000462531	403
0.829	-0.000903158	-0.000903158	-0.000903158	-0.000903158	380
0.83	-0.000117	-0.000117	-0.000117	-0.000117	400
0.831	-0.000285	-0.000285	-0.000285	-0.000285	400
0.832	-0.000666667	-0.000666667	-0.000666667	-0.000666667	414
0.833	0.000758924	0.000758924	0.000758924	0.000758924	409
0.834	-2.75229e-06	-2.75229e-06	-2.75229e-06	-2.75229e-06	436
0.835	-0.00116712	-0.00116712	-0.00116712	-0.00116712	438
0.836	-0.000810787	-0.000810787	-0.000810787	-0.000810787	445
0.837	0.000495824	0.000495824	0.000495824	0.000495824	455
0.838	0.00086789	0.00086789	0.00086789	0.00086789	436
0.839	-0.000872209	-0.000872209	-0.000872209	-0.000872209	421
0.84	-0.000215385	-0.000215385	-0.000215385	-0.000215385	429
0.841	-0.000759322	-0.000759322	-0.000759322	-0.000759322	413
0.842	0.000129524	0.000129524	0.000129524	0.000129524	420
0.843	-0.0010451	-0.0010451	-0.0010451	-0.0010451	408
0.844	-0.00141182	-0.00141182	-0.00141182	-0.00141182	440
0.845	-0.000147945	-0.000147945	-0.000147945	-0.000147945	438
0.846	-0.000943413	-0.000943413	-0.000943413	-0.000943413	463
0.847	-0.000898048	-0.000898048	-0.000898048	-0.000898048	461
0.848	-0.000886768	-0.000886768	-0.000886768	-0.000886768	461
0.849	-0.00100664	-0.00100664	-0.00100664	-0.00100664	422
0.85	0.000608696	0.000608696	0.000608696	0.000608696	437
0.851	0.000302885	0.000302885	0.000302885	0.000302885	416
0.852	0.000631398	0.000631398	0.000631398	0.000631398	465
0.853	-0.000876322	-0.000876322	-0.000876322	-0.000876322	435
0.854	-0.000662745	-0.000662745	-0.000662745	-0.000662745	510
0.855	-0.00259372	-0.00259372	-0.00259372	-0.00259372	446
0.856	-0.000511447	-0.000511447	-0.000511447	-0.000511447	463
0.857	-0.0013489	-0.0013489	-0.0013489	-0.0013489	454
0.858	-0.00172581	-0.00172581	-0.00172581	-0.00172581	461
0.859	-0.00147204	-0.00147204	-0.00147204	-0.00147204	447
0.86	-0.00177305	-0.00177305	-0.00177305	-0.00177305	423
0.861	-0.00186032	-0.00186032	-0.00186032	-0.00186032	441
0.862	-0.00156518	-0.00156518	-0.00156518	-0.00156518	448
0.863	-0.00160891	-0.00160891	-0.00160891	-0.00160891	449
0.864	0.000567257	0.000567257	0.000567257	0.000567257	452
0.865	-0.00137694	-0.00137694	-0.00137694	-0.00137694	477
0.866	-0.000857606	-0.000857606	-0.000857606	-0.000857606	493
0.867	0.000118943	0.000118943	0.000118943	0.000118943	454
0.868	8.73786e-05	8.73786e-05	8.73786e-05	8.73786e-05	412
0.869	0.000680374	0.000680374	0.000680374	0.000680374	428
0.87	0.000151542	0.000151542	0.000151542	0.000151542	454
0.871	0.000701104	0.000701104	0.000701104	0.000701104	453
0.872	0.000229322	0.000229322	0.000229322	0.000229322	457
0.873	0.00082904	0.00082904	0.00082904	0.00082904	427
0.874	-0.000491242	-0.000491242	-0.000491242	-0.000491242	491
0.875	0.000501322	0.000501322	0.000501322	0.000501322	454
0.876	-1.27119e-05	-1.27119e-05	-1.27119e-05	-1.27119e-05	472
0.877	0.000625225	0.000625225	0.000625225	0.000625225	444
0.878	0.000672727	0.000672727	0.000672727	0.000672727	462
0.879	0.00143791	0.00143791	0.00143791	0.00143791	422
0.88	0.000694087	0.000694087	0.000694087	0.000694087	389
0.881	-0.000591142	-0.000591142	-0.000591142	-0.000591142	429
0.882	-0.00227173	-0.00227173	-0.00227173	-0.00227173	474
0.883	-0.00015907	-0.00015907	-0.00015907	-0.00015907	430
0.884	-0.000200866	-0.000200866	-0.000200866	-0.000200866	462
0.885	-0.00192365	-0.00192365	-0.00192365	-0.00192365	482
0.886	-0.00107992	-0.00107992	-0.00107992	-0.00107992	473
0.887	-0.00144681	-0.00144681	-0.00144681	-0.00144681	423
0.888	-0.00159824	-0.00159824	-0.00159824	-0.00159824	454
0.889	-0.00148649	-0.00148649	-0.00148649	-0.00148649	444
0.89	-0.00174151	-0.00174151	-0.00174151	-0.00174151	489
0.891	-0.00181062	-0.00181062	-0.00181062	-0.00181062	433
0.892	-0.000149409	-0.000149409	-0.000149409	-0.000149409	423
0.893	-0.00118022	-0.00118022	-0.00118022	-0.00118022	445
0.894	-0.00137553	-0.00137553	-0.00137553	-0.00137553	474
0.895	-0.000527716	-0.000527716	-0.000527716	-0.000527716	451
0.896	-0.000815686	-0.000815686	-0.000815686	-0.000815686	408
0.897	0.000128671	0.000128671	0.000128671	0.000128671	429
0.898	-0.000784332	-0.000784332	-0.000784332	-0.000784332	434
0.899	0.000457143	0.000457143	0.000457143	0.000457143	413
0.9	-5.07527e-05	-5.07527e-05	-5.07527e-05	-5.07527e-05	465
0.901	0.000989227	0.000989227	0.000989227	0.000989227	427
0.902	6.66667e-05	6.66667e-05	6.66667e-05	6.66667e-05	414
0.903	-0.000423636	-0.000423636	-0.000423636	-0.000423636	440
0.904	-0.000725056	-0.000725056	-0.000725056	-0.000725056	443
0.905	-0.00136981	-0.00136981	-0.00136981	-0.00136981	424
0.906	-0.000997209	-0.000997209	-0.000997209	-0.000997209	430
0.907	-0.000257627	-0.000257627	-0.000257627	-0.000257627	413
0.908	-0.000584772	-0.000584772	-0.000584772	-0.000584772	394
0.909	0.000247442	0.000247442	0.000247442	0.000247442	430
0.91	-0.00122963	-0.00122963	-0.00122963	-0.00122963	432
0.911	-0.00099814	-0.00099814	-0.00099814	-0.00099814	430
0.912	-0.00152186	-0.00152186	-0.00152186	-0.00152186	430
0.913	-0.00054359	-0.00054359	-0.00054359	-0.00054359	429
0.914	-0.00150685	-0.00150685	-0.00150685	-0.00150685	438
0.915	-0.000830075	-0.000830075	-0.000830075	-0.000830075	399
0.916	-0.00157818	-0.00157818	-0.00157818	-0.00157818	440
0.917	8.86918e-05	8.86918e-05	8.86918e-05	8.86918e-05	451
0.918	0.000541119	0.000541119	0.000541119	0.000541119	411
0.919	-0.00120591	-0.00120591	-0.00120591	-0.00120591	406
0.92	-0.000578923	-0.000578923	-0.000578923	-0.000578923	427
0.921	-0.0011073	-0.0011073	-0.0011073	-0.0011073	397
0.922	-0.000607207	-0.000607207	-0.000607207	-0.000607207	444
0.923	0.000115813	0.000115813	0.000115813	0.000115813	449
0.924	-0.00150389	-0.00150389	-0.00150389	-0.00150389	437
0.925	-0.0017582	-0.0017582	-0.0017582	-0.0017582	445
0.926	-0.00104251	-0.00104251	-0.00104251	-0.00104251	414
0.927	-0.00112545	-0.00112545	-0.00112545	-0.00112545	440
0.928	-0.00144579	-0.00144579	-0.00144579	-0.00144579	428
0.929	-0.00109637	-0.00109637	-0.00109637	-0.00109637	413
0.93	-0.00211876	-0.00211876	-0.00211876	-0.00211876	421
0.931	-2.97767e-06	-2.97767e-06	-2.97767e-06	-2.97767e-06	403
0.932	-0.00153939	-0.00153939	-0.00153939	-0.00153939	396
0.933	-0.00130808	-0.00130808	-0.00130808	-0.00130808	396
0.934	-0.000770854	-0.000770854	-0.000770854	-0.000770854	398
0.935	-0.00219748	-0.00219748	-0.00219748	-0.00219748	397
0.936	-0.000226698	-0.000226698	-0.000226698	-0.000226698	427
0.937	-0.00100882	-0.00100882	-0.00100882	-0.00100882	408
0.938	-0.000946699	-0.000946699	-0.000946699	-0.000946699	409
0.939	-0.000951402	-0.000951402	-0.000951402	-0.000951402	428
0.94	-0.000996279	-0.000996279	-0.000996279	-0.000996279	430
0.941	-0.000975457	-0.000975457	-0.000975457	-0.000975457	383
0.942	-0.000385302	-0.000385302	-0.000385302	-0.000385302	381
0.943	7.77778e-05	7.77778e-05	7.77778e-05	7.77778e-05	360
0.944	-0.00179187	-0.00179187	-0.00179187	-0.00179187	369
0.945	-0.00123061	-0.00123061	-0.00123061	-0.00123061	379
0.946	-0.0016981	-0.0016981	-0.0016981	-0.0016981	420
0.947	-0.00143258	-0.00143258	-0.00143258	-0.00143258	399
0.948	-0.00115228	-0.00115228	-0.00115228	-0.00115228	394
0.949	-0.000305882	-0.000305882	-0.000305882	-0.000305882	391
0.95	-0.000698214	-0.000698214	-0.000698214	-0.000698214	448
0.951	-0.00275887	-0.00275887	-0.00275887	-0.00275887	389
0.952	-0.00107062	-0.00107062	-0.00107062	-0.00107062	405
0.953	-0.000100267	-0.000100267	-0.000100267	-0.000100267	375
0.954	-0.000710377	-0.000710377	-0.000710377	-0.000710377	424
0.955	-0.000648533	-0.000648533	-0.000648533	-0.000648533	375
0.956	-0.00135348	-0.00135348	-0.00135348	-0.00135348	417
0.957	-0.000939423	-0.000939423	-0.000939423	-0.000939423	416
0.958	-0.000327907	-0.000327907	-0.000327907	-0.000327907	344
0.959	6.73267e-05	6.73267e-05	6.73267e-05	6.73267e-05	404
0.96	0.000422798	0.000422798	0.000422798	0.000422798	386
0.961	-0.000251117	-0.000251117	-0.000251117	-0.000251117	403
0.962	-0.000225	-0.000225	-0.000225	-0.000225	400
0.963	-0.0004	-0.0004	-0.0004	-0.0004	376
0.964	0.000963351	0.000963351	0.000963351	0.000963351	382
0.965	-0.000613842	-0.000613842	-0.000613842	-0.000613842	419
0.966	0.000318182	0.000318182	0.000318182	0.000318182	396
0.967	0.000826277	0.000826277	0.000826277	0.000826277	411
0.968	0.000132231	0.000132231	0.000132231	0.000132231	363
0.969	0.00151442	0.00151442	0.00151442	0.00151442	430
0.97	-0.0016532	-0.0016532	-0.0016532	-0.0016532	406
0.971	-0.000842708	-0.000842708	-0.000842708	-0.000842708	384
0.972	-0.00076272	-0.00076272	-0.00076272	-0.00076272	397
0.973	-0.00109619	-0.00109619	-0.00109619	-0.00109619	420
0.974	-0.000148718	-0.000148718	-0.000148718	-0.000148718	390
0.975	-0.000511509	-0.000511509	-0.000511509	-0.000511509	391
0.976	-0.000657868	-0.000657868	-0.000657868	-0.000657868	394
0.977	-0.00124142	-0.00124142	-0.00124142	-0.00124142	367
0.978	-0.00170323	-0.00170323	-0.00170323	-0.00170323	434
0.979	0.000256674	0.000256674	0.000256674	0.000256674	427
0.98	-0.000784198	-0.000784198	-0.000784198	-0.000784198	405
0.981	-0.00103326	-0.00103326	-0.00103326	-0.00103326	439
0.982	-0.000363819	-0.000363819	-0.000363819	-0.000363819	398
0.983	-0.0010119	-0.0010119	-0.0010119	-0.0010119	353
0.984	-0.00171921	-0.00171921	-0.00171921	-0.00171921	406
0.985	-0.000662201	-0.000662201	-0.000662201	-0.000662201	418
0.986	0.000122196	0.000122196	0.000122196	0.000122196	419
0.987	-0.000290816	-0.000290816	-0.000290816	-0.000290816	392
0.988	-0.000990231	-0.000990231	-0.000990231	-0.000990231	389
0.989	-0.000540952	-0.000540952	-0.000540952	-0.000540952	420
0.99	-0.00051752	-0.00051752	-0.00051752	-0.00051752	371
0.991	-0.00152668	-0.00152668	-0.00152668	-0.00152668	371
0.992	-0.000885647	-0.000885647	-0.000885647	-0.000885647	425
0.993	-0.00112264	-0.00112264	-0.00112264	-0.00112264	424
0.994	-0.000772932	-0.000772932	-0.000772932	-0.000772932	399
0.995	-1e-05	-1e-05	-1e-05	-1e-05	400
0.996	-0.000523585	-0.000523585	-0.000523585	-0.000523585	424
0.997	-0.000361111	-0.000361111	-0.000361111	-0.000361111	432
0.998	-0.000263594	-0.000263594	-0.000263594	-0.000263594	434
0.999	0.000127801	0.000127801	0.000127801	0.000127801	482
1	-0.00022716	-0.00022716	-0.00022716	-0.00022716	405
