0.001	0.0866008	0.0866008	0.0866008	0.0866008	1201
0.002	0.077009	0.077009	0.077009	0.077009	821
0.003	0.0674066	0.0674066	0.0674066	0.0674066	579
0.004	0.0603228	0.0603228	0.0603228	0.0603228	461
0.005	0.0543989	0.0543989	0.0543989	0.0543989	378
0.006	0.0491727	0.0491727	0.0491727	0.0491727	337
0.007	0.0476875	0.0476875	0.0476875	0.0476875	288
0.008	0.0397594	0.0397594	0.0397594	0.0397594	286
0.009	0.0405977	0.0405977	0.0405977	0.0405977	261
0.01	0.0310435	0.0310435	0.0310435	0.0310435	230
0.011	0.025898	0.025898	0.025898	0.025898	196
0.012	0.0188839	0.0188839	0.0188839	0.0188839	205
0.013	0.0219398	0.0219398	0.0219398	0.0219398	186
0.014	0.0182559	0.0182559	0.0182559	0.0182559	161
0.015	0.0150079	0.0150079	0.0150079	0.0150079	152
0.016	0.0146089	0.0146089	0.0146089	0.0146089	157
0.017	0.0141377	0.0141377	0.0141377	0.0141377	151
0.018	0.0166205	0.0166205	0.0166205	0.0166205	185
0.019	0.0197067	0.0197067	0.0197067	0.0197067	135
0.02	0.00773333	0.00773333	0.00773333	0.00773333	147
0.021	0.0119256	0.0119256	0.0119256	0.0119256	129
0.022	0.0141195	0.0141195	0.0141195	0.0141195	154
0.023	0.0147417	0.0147417	0.0147417	0.0147417	144
0.024	0.0154015	0.0154015	0.0154015	0.0154015	133
0.025	0.00737415	0.00737415	0.00737415	0.00737415	147
0.026	0.00881867	0.00881867	0.00881867	0.00881867	150
0.027	0.00381769	0.00381769	0.00381769	0.00381769	147
0.028	0.00608929	0.00608929	0.00608929	0.00608929	112
0.029	0.00449931	0.00449931	0.00449931	0.00449931	145
0.03	0.00426774	0.00426774	0.00426774	0.00426774	124
0.031	0.0125049	0.0125049	0.0125049	0.0125049	122
0.032	0.00830073	0.00830073	0.00830073	0.00830073	137
0.033	0.00958028	0.00958028	0.00958028	0.00958028	142
0.034	0.013939	0.013939	0.013939	0.013939	118
0.035	0.00636364	0.00636364	0.00636364	0.00636364	143
0.036	0.0100794	0.0100794	0.0100794	0.0100794	136
0.037	0.00979858	0.00979858	0.00979858	0.00979858	141
0.038	0.00450543	0.00450543	0.00450543	0.00450543	129
0.039	0.00631111	0.00631111	0.00631111	0.00631111	153
0.04	0.00537097	0.00537097	0.00537097	0.00537097	124
0.041	0.00404103	0.00404103	0.00404103	0.00404103	117
0.042	0.00142034	0.00142034	0.00142034	0.00142034	118
0.043	0.00326525	0.00326525	0.00326525	0.00326525	141
0.044	0.00675873	0.00675873	0.00675873	0.00675873	126
0.045	0.00783	0.00783	0.00783	0.00783	120
0.046	0.00299187	0.00299187	0.00299187	0.00299187	123
0.047	0.00329667	0.00329667	0.00329667	0.00329667	120
0.048	0.00680317	0.00680317	0.00680317	0.00680317	126
0.049	0.00311261	0.00311261	0.00311261	0.00311261	119
0.05	0.000236066	0.000236066	0.000236066	0.000236066	122
0.051	0.00352318	0.00352318	0.00352318	0.00352318	151
0.052	0.00495238	0.00495238	0.00495238	0.00495238	147
0.053	0.00225316	0.00225316	0.00225316	0.00225316	158
0.054	0.00325479	0.00325479	0.00325479	0.00325479	146
0.055	0.0054604	0.0054604	0.0054604	0.0054604	149
0.056	0.00379862	0.00379862	0.00379862	0.00379862	145
0.057	0.000831206	0.000831206	0.000831206	0.000831206	141
0.058	0.00191379	0.00191379	0.00191379	0.00191379	116
0.059	-0.00207559	-0.00207559	-0.00207559	-0.00207559	127
0.06	0.00312061	0.00312061	0.00312061	0.00312061	131
0.061	0.00219556	0.00219556	0.00219556	0.00219556	135
0.062	0.00611636	0.00611636	0.00611636	0.00611636	110
0.063	0.00379649	0.00379649	0.00379649	0.00379649	114
0.064	0.00645246	0.00645246	0.00645246	0.00645246	122
0.065	0.00543932	0.00543932	0.00543932	0.00543932	117
0.066	0.00830455	0.00830455	0.00830455	0.00830455	88
0.067	0.007744	0.007744	0.007744	0.007744	100
0.068	0.00338349	0.00338349	0.00338349	0.00338349	109
0.069	-0.000106667	-0.000106667	-0.000106667	-0.000106667	120
0.07	0.00539429	0.00539429	0.00539429	0.00539429	105
0.071	0.00284906	0.00284906	0.00284906	0.00284906	106
0.072	0.00750164	0.00750164	0.00750164	0.00750164	122
0.073	0.00397522	0.00397522	0.00397522	0.00397522	113
0.074	0.00110796	0.00110796	0.00110796	0.00110796	113
0.075	0.00134513	0.00134513	0.00134513	0.00134513	113
0.076	0.0015	0.0015	0.0015	0.0015	104
0.077	0.000791176	0.000791176	0.000791176	0.000791176	136
0.078	6.2585e-05	6.2585e-05	6.2585e-05	6.2585e-05	147
0.079	0.000664789	0.000664789	0.000664789	0.000664789	142
0.08	-0.00148174	-0.00148174	-0.00148174	-0.00148174	115
0.081	0.00448855	0.00448855	0.00448855	0.00448855	131
0.082	0.000650407	0.000650407	0.000650407	0.000650407	123
0.083	0.00201311	0.00201311	0.00201311	0.00201311	122
0.084	0.00366496	0.00366496	0.00366496	0.00366496	117
0.085	0.00243465	0.00243465	0.00243465	0.00243465	127
0.086	0.00368547	0.00368547	0.00368547	0.00368547	117
0.087	0.00284643	0.00284643	0.00284643	0.00284643	112
0.088	-0.000164516	-0.000164516	-0.000164516	-0.000164516	124
0.089	0.00483697	0.00483697	0.00483697	0.00483697	119
0.09	0.00205455	0.00205455	0.00205455	0.00205455	154
0.091	0.00589371	0.00589371	0.00589371	0.00589371	143
0.092	0.00402837	0.00402837	0.00402837	0.00402837	141
0.093	0.00454656	0.00454656	0.00454656	0.00454656	131
0.094	0.00709143	0.00709143	0.00709143	0.00709143	140
0.095	0.00304444	0.00304444	0.00304444	0.00304444	126
0.096	0.00368073	0.00368073	0.00368073	0.00368073	109
0.097	0.00209496	0.00209496	0.00209496	0.00209496	139
0.098	0.00149538	0.00149538	0.00149538	0.00149538	130
0.099	0.0006976	0.0006976	0.0006976	0.0006976	125
0.1	0.00286038	0.00286038	0.00286038	0.00286038	106
0.101	0.00130079	0.00130079	0.00130079	0.00130079	127
0.102	0.00202745	0.00202745	0.00202745	0.00202745	102
0.103	-0.000612121	-0.000612121	-0.000612121	-0.000612121	132
0.104	0.00249256	0.00249256	0.00249256	0.00249256	121
0.105	-0.000747826	-0.000747826	-0.000747826	-0.000747826	115
0.106	-0.00176978	-0.00176978	-0.00176978	-0.00176978	139
0.107	-0.0024813	-0.0024813	-0.0024813	-0.0024813	123
0.108	0.00030495	0.00030495	0.00030495	0.00030495	101
0.109	0.00175224	0.00175224	0.00175224	0.00175224	134
0.11	-6.98413e-05	-6.98413e-05	-6.98413e-05	-6.98413e-05	126
0.111	0.0035811	0.0035811	0.0035811	0.0035811	127
0.112	0.00356741	0.00356741	0.00356741	0.00356741	135
0.113	0.00155294	0.00155294	0.00155294	0.00155294	136
0.114	0.00456615	0.00456615	0.00456615	0.00456615	130
0.115	0.000742857	0.000742857	0.000742857	0.000742857	154
0.116	0.00443221	0.00443221	0.00443221	0.00443221	149
0.117	0.00371908	0.00371908	0.00371908	0.00371908	131
0.118	0.00196721	0.00196721	0.00196721	0.00196721	122
0.119	0.00141667	0.00141667	0.00141667	0.00141667	120
0.12	-5.19481e-06	-5.19481e-06	-5.19481e-06	-5.19481e-06	154
0.121	0.000635821	0.000635821	0.000635821	0.000635821	134
0.122	-0.00179412	-0.00179412	-0.00179412	-0.00179412	136
0.123	0.00246875	0.00246875	0.00246875	0.00246875	128
0.124	0.000529231	0.000529231	0.000529231	0.000529231	130
0.125	0.00138667	0.00138667	0.00138667	0.00138667	135
0.126	0.000376667	0.000376667	0.000376667	0.000376667	120
0.127	0.0011938	0.0011938	0.0011938	0.0011938	129
0.128	-0.00156667	-0.00156667	-0.00156667	-0.00156667	120
0.129	-0.00413223	-0.00413223	-0.00413223	-0.00413223	121
0.13	-0.00022446	-0.00022446	-0.00022446	-0.00022446	139
0.131	-0.000528	-0.000528	-0.000528	-0.000528	125
0.132	-0.00179586	-0.00179586	-0.00179586	-0.00179586	145
0.133	-0.00198121	-0.00198121	-0.00198121	-0.00198121	149
0.134	-0.00139346	-0.00139346	-0.00139346	-0.00139346	153
0.135	-0.0025121	-0.0025121	-0.0025121	-0.0025121	157
0.136	0.00349846	0.00349846	0.00349846	0.00349846	130
0.137	0.00702254	0.00702254	0.00702254	0.00702254	142
0.138	0.00150621	0.00150621	0.00150621	0.00150621	145
0.139	2.05882e-05	2.05882e-05	2.05882e-05	2.05882e-05	136
0.14	0.00112661	0.00112661	0.00112661	0.00112661	109
0.141	0.00119304	0.00119304	0.00119304	0.00119304	115
0.142	-0.000859259	-0.000859259	-0.000859259	-0.000859259	162
0.143	0.000812658	0.000812658	0.000812658	0.000812658	158
0.144	0.00183421	0.00183421	0.00183421	0.00183421	152
0.145	0.000342105	0.000342105	0.000342105	0.000342105	152
0.146	-0.0005	-0.0005	-0.0005	-0.0005	128
0.147	0.000590968	0.000590968	0.000590968	0.000590968	155
0.148	0.000770149	0.000770149	0.000770149	0.000770149	134
0.149	-0.000304132	-0.000304132	-0.000304132	-0.000304132	121
0.15	-0.00104063	-0.00104063	-0.00104063	-0.00104063	128
0.151	0.00105401	0.00105401	0.00105401	0.00105401	137
0.152	0.00129032	0.00129032	0.00129032	0.00129032	124
0.153	0.00107669	0.00107669	0.00107669	0.00107669	133
0.154	2.56e-05	2.56e-05	2.56e-05	2.56e-05	125
0.155	0.000770968	0.000770968	0.000770968	0.000770968	124
0.156	0.00102261	0.00102261	0.00102261	0.00102261	115
0.157	0.000127869	0.000127869	0.000127869	0.000127869	122
0.158	-0.000543089	-0.000543089	-0.000543089	-0.000543089	123
0.159	0.000341667	0.000341667	0.000341667	0.000341667	144
0.16	0.000704762	0.000704762	0.000704762	0.000704762	147
0.161	0.00171391	0.00171391	0.00171391	0.00171391	151
0.162	0.00292919	0.00292919	0.00292919	0.00292919	161
0.163	0.00364308	0.00364308	0.00364308	0.00364308	130
0.164	0.00497415	0.00497415	0.00497415	0.00497415	147
0.165	0.00221765	0.00221765	0.00221765	0.00221765	136
0.166	0.00116364	0.00116364	0.00116364	0.00116364	132
0.167	-0.000123077	-0.000123077	-0.000123077	-0.000123077	130
0.168	0.00174964	0.00174964	0.00174964	0.00174964	139
0.169	-0.000451908	-0.000451908	-0.000451908	-0.000451908	131
0.17	0.000447799	0.000447799	0.000447799	0.000447799	159
0.171	0.00091677	0.00091677	0.00091677	0.00091677	161
0.172	0.000982313	0.000982313	0.000982313	0.000982313	147
0.173	0.00205664	0.00205664	0.00205664	0.00205664	113
0.174	-0.000249057	-0.000249057	-0.000249057	-0.000249057	106
0.175	0.000508772	0.000508772	0.000508772	0.000508772	114
0.176	-0.000178667	-0.000178667	-0.000178667	-0.000178667	150
0.177	0.000613333	0.000613333	0.000613333	0.000613333	150
0.178	-0.000906494	-0.000906494	-0.000906494	-0.000906494	154
0.179	0.00016	0.00016	0.00016	0.00016	140
0.18	0.000305344	0.000305344	0.000305344	0.000305344	131
0.181	-0.000282051	-0.000282051	-0.000282051	-0.000282051	156
0.182	0.000593103	0.000593103	0.000593103	0.000593103	116
0.183	0.00129429	0.00129429	0.00129429	0.00129429	140
0.184	-0.000322936	-0.000322936	-0.000322936	-0.000322936	109
0.185	-0.00172857	-0.00172857	-0.00172857	-0.00172857	112
0.186	0.00121121	0.00121121	0.00121121	0.00121121	107
0.187	-0.000773333	-0.000773333	-0.000773333	-0.000773333	90
0.188	-0.00127931	-0.00127931	-0.00127931	-0.00127931	116
0.189	-0.000522523	-0.000522523	-0.000522523	-0.000522523	111
0.19	0.00234234	0.00234234	0.00234234	0.00234234	111
0.191	0.00175849	0.00175849	0.00175849	0.00175849	106
0.192	0.000482143	0.000482143	0.000482143	0.000482143	112
0.193	0.00241391	0.00241391	0.00241391	0.00241391	115
0.194	0.000301961	0.000301961	0.000301961	0.000301961	102
0.195	0.000324211	0.000324211	0.000324211	0.000324211	95
0.196	0.00318491	0.00318491	0.00318491	0.00318491	106
0.197	0.0002	0.0002	0.0002	0.0002	106
0.198	0.00351736	0.00351736	0.00351736	0.00351736	121
0.199	0.00301356	0.00301356	0.00301356	0.00301356	118
0.2	0.00592727	0.00592727	0.00592727	0.00592727	121
0.201	0.00312459	0.00312459	0.00312459	0.00312459	122
0.202	0.00347287	0.00347287	0.00347287	0.00347287	129
0.203	0.001576	0.001576	0.001576	0.001576	100
0.204	0.00277	0.00277	0.00277	0.00277	120
0.205	0.0037479	0.0037479	0.0037479	0.0037479	119
0.206	0.00432195	0.00432195	0.00432195	0.00432195	123
0.207	-0.000587611	-0.000587611	-0.000587611	-0.000587611	113
0.208	0.000244444	0.000244444	0.000244444	0.000244444	108
0.209	-0.000527586	-0.000527586	-0.000527586	-0.000527586	116
0.21	0.00212632	0.00212632	0.00212632	0.00212632	114
0.211	-0.000764516	-0.000764516	-0.000764516	-0.000764516	124
0.212	-0.000366154	-0.000366154	-0.000366154	-0.000366154	130
0.213	0.00191545	0.00191545	0.00191545	0.00191545	123
0.214	0.000413115	0.000413115	0.000413115	0.000413115	122
0.215	8.18182e-05	8.18182e-05	8.18182e-05	8.18182e-05	132
0.216	0.0010048	0.0010048	0.0010048	0.0010048	125
0.217	-0.00319672	-0.00319672	-0.00319672	-0.00319672	122
0.218	-0.000854237	-0.000854237	-0.000854237	-0.000854237	118
0.219	0.00156786	0.00156786	0.00156786	0.00156786	112
0.22	0.00141429	0.00141429	0.00141429	0.00141429	112
0.221	0.00342623	0.00342623	0.00342623	0.00342623	122
0.222	0.00135726	0.00135726	0.00135726	0.00135726	117
0.223	0.00224118	0.00224118	0.00224118	0.00224118	136
0.224	-0.000701639	-0.000701639	-0.000701639	-0.000701639	122
0.225	-0.000448227	-0.000448227	-0.000448227	-0.000448227	141
0.226	-0.000928947	-0.000928947	-0.000928947	-0.000928947	152
0.227	0.00131714	0.00131714	0.00131714	0.00131714	140
0.228	0.00354286	0.00354286	0.00354286	0.00354286	154
0.229	0.00246133	0.00246133	0.00246133	0.00246133	150
0.23	0.00321986	0.00321986	0.00321986	0.00321986	141
0.231	-0.000598496	-0.000598496	-0.000598496	-0.000598496	133
0.232	-0.000180282	-0.000180282	-0.000180282	-0.000180282	142
0.233	-0.00058018	-0.00058018	-0.00058018	-0.00058018	111
0.234	0.00201053	0.00201053	0.00201053	0.00201053	114
0.235	0.000947009	0.000947009	0.000947009	0.000947009	117
0.236	0.000123077	0.000123077	0.000123077	0.000123077	143
0.237	0.00085906	0.00085906	0.00085906	0.00085906	149
0.238	0.000690566	0.000690566	0.000690566	0.000690566	106
0.239	0.00127619	0.00127619	0.00127619	0.00127619	126
0.24	-0.00171923	-0.00171923	-0.00171923	-0.00171923	104
0.241	-0.000822581	-0.000822581	-0.000822581	-0.000822581	124
0.242	-0.0006975	-0.0006975	-0.0006975	-0.0006975	160
0.243	0.00126942	0.00126942	0.00126942	0.00126942	121
0.244	0.000894815	0.000894815	0.000894815	0.000894815	135
0.245	0.000627737	0.000627737	0.000627737	0.000627737	137
0.246	0.00307667	0.00307667	0.00307667	0.00307667	120
0.247	0.0012338	0.0012338	0.0012338	0.0012338	142
0.248	0.000786395	0.000786395	0.000786395	0.000786395	147
0.249	0.00520839	0.00520839	0.00520839	0.00520839	143
0.25	0.000805926	0.000805926	0.000805926	0.000805926	135
0.251	0.00199701	0.00199701	0.00199701	0.00199701	134
0.252	0.00109504	0.00109504	0.00109504	0.00109504	141
0.253	0.00313647	0.00313647	0.00313647	0.00313647	170
0.254	0.00109841	0.00109841	0.00109841	0.00109841	126
0.255	0.0004	0.0004	0.0004	0.0004	117
0.256	0.00317736	0.00317736	0.00317736	0.00317736	106
0.257	-0.000207273	-0.000207273	-0.000207273	-0.000207273	110
0.258	0.000495238	0.000495238	0.000495238	0.000495238	105
0.259	0.00127788	0.00127788	0.00127788	0.00127788	113
0.26	0.00270551	0.00270551	0.00270551	0.00270551	127
0.261	4.40945e-05	4.40945e-05	4.40945e-05	4.40945e-05	127
0.262	-0.000498667	-0.000498667	-0.000498667	-0.000498667	150
0.263	0.0037536	0.0037536	0.0037536	0.0037536	125
0.264	0.00139032	0.00139032	0.00139032	0.00139032	124
0.265	0.00134513	0.00134513	0.00134513	0.00134513	113
0.266	-0.000170149	-0.000170149	-0.000170149	-0.000170149	134
0.267	0.00335932	0.00335932	0.00335932	0.00335932	118
0.268	0.000631193	0.000631193	0.000631193	0.000631193	109
0.269	0.00291163	0.00291163	0.00291163	0.00291163	129
0.27	0.00130097	0.00130097	0.00130097	0.00130097	103
0.271	-0.00171111	-0.00171111	-0.00171111	-0.00171111	90
0.272	0.00312414	0.00312414	0.00312414	0.00312414	116
0.273	0.00170345	0.00170345	0.00170345	0.00170345	116
0.274	-0.000863492	-0.000863492	-0.000863492	-0.000863492	126
0.275	0.000355263	0.000355263	0.000355263	0.000355263	152
0.276	0.000872727	0.000872727	0.000872727	0.000872727	154
0.277	0.0014303	0.0014303	0.0014303	0.0014303	132
0.278	-0.000421538	-0.000421538	-0.000421538	-0.000421538	130
0.279	-0.00128667	-0.00128667	-0.00128667	-0.00128667	120
0.28	0.00231825	0.00231825	0.00231825	0.00231825	137
0.281	-0.000369748	-0.000369748	-0.000369748	-0.000369748	119
0.282	-6.36364e-05	-6.36364e-05	-6.36364e-05	-6.36364e-05	132
0.283	0.000936296	0.000936296	0.000936296	0.000936296	135
0.284	0.000854701	0.000854701	0.000854701	0.000854701	117
0.285	0.00132727	0.00132727	0.00132727	0.00132727	176
0.286	0.00181905	0.00181905	0.00181905	0.00181905	126
0.287	-0.000304615	-0.000304615	-0.000304615	-0.000304615	130
0.288	-0.000690625	-0.000690625	-0.000690625	-0.000690625	128
0.289	0.00079322	0.00079322	0.00079322	0.00079322	118
0.29	0.00120292	0.00120292	0.00120292	0.00120292	137
0.291	0.00176911	0.00176911	0.00176911	0.00176911	123
0.292	0.000671429	0.000671429	0.000671429	0.000671429	140
0.293	0.00248739	0.00248739	0.00248739	0.00248739	119
0.294	0.0012931	0.0012931	0.0012931	0.0012931	116
0.295	0.000639316	0.000639316	0.000639316	0.000639316	117
0.296	-0.000595041	-0.000595041	-0.000595041	-0.000595041	121
0.297	-0.000455172	-0.000455172	-0.000455172	-0.000455172	116
0.298	0.000140625	0.000140625	0.000140625	0.000140625	128
0.299	0.000672727	0.000672727	0.000672727	0.000672727	132
0.3	0.00167742	0.00167742	0.00167742	0.00167742	124
0.301	-0.00315385	-0.00315385	-0.00315385	-0.00315385	130
0.302	-0.000921875	-0.000921875	-0.000921875	-0.000921875	128
0.303	0.00192941	0.00192941	0.00192941	0.00192941	136
0.304	-0.00111489	-0.00111489	-0.00111489	-0.00111489	141
0.305	-0.00227429	-0.00227429	-0.00227429	-0.00227429	140
0.306	0.00088547	0.00088547	0.00088547	0.00088547	117
0.307	0.000461069	0.000461069	0.000461069	0.000461069	131
0.308	-0.00078209	-0.00078209	-0.00078209	-0.00078209	134
0.309	0.000590991	0.000590991	0.000590991	0.000590991	111
0.31	-0.000343363	-0.000343363	-0.000343363	-0.000343363	113
0.311	0.000162406	0.000162406	0.000162406	0.000162406	133
0.312	-0.00117522	-0.00117522	-0.00117522	-0.00117522	113
0.313	-0.000315789	-0.000315789	-0.000315789	-0.000315789	114
0.314	-0.00201509	-0.00201509	-0.00201509	-0.00201509	106
0.315	-0.00181176	-0.00181176	-0.00181176	-0.00181176	119
0.316	-0.00211966	-0.00211966	-0.00211966	-0.00211966	117
0.317	-0.00313153	-0.00313153	-0.00313153	-0.00313153	111
0.318	-0.000521875	-0.000521875	-0.000521875	-0.000521875	128
0.319	-0.0029664	-0.0029664	-0.0029664	-0.0029664	125
0.32	-0.00117667	-0.00117667	-0.00117667	-0.00117667	120
0.321	-0.00310244	-0.00310244	-0.00310244	-0.00310244	123
0.322	-0.00329057	-0.00329057	-0.00329057	-0.00329057	106
0.323	-0.00207213	-0.00207213	-0.00207213	-0.00207213	122
0.324	-0.00114426	-0.00114426	-0.00114426	-0.00114426	122
0.325	0.000334328	0.000334328	0.000334328	0.000334328	134
0.326	0.000811111	0.000811111	0.000811111	0.000811111	108
0.327	-0.000768182	-0.000768182	-0.000768182	-0.000768182	88
0.328	-0.000249541	-0.000249541	-0.000249541	-0.000249541	109
0.329	-0.00140667	-0.00140667	-0.00140667	-0.00140667	120
0.33	-0.00120714	-0.00120714	-0.00120714	-0.00120714	112
0.331	-0.0027662	-0.0027662	-0.0027662	-0.0027662	142
0.332	-0.00358425	-0.00358425	-0.00358425	-0.00358425	127
0.333	0.003184	0.003184	0.003184	0.003184	125
0.334	0.00142703	0.00142703	0.00142703	0.00142703	111
0.335	-0.000823932	-0.000823932	-0.000823932	-0.000823932	117
0.336	0.00126471	0.00126471	0.00126471	0.00126471	136
0.337	0.000434667	0.000434667	0.000434667	0.000434667	150
0.338	0.000694915	0.000694915	0.000694915	0.000694915	118
0.339	0.000808	0.000808	0.000808	0.000808	150
0.34	0.000424658	0.000424658	0.000424658	0.000424658	146
0.341	0.00365	0.00365	0.00365	0.00365	144
0.342	-0.000481203	-0.000481203	-0.000481203	-0.000481203	133
0.343	0.00151278	0.00151278	0.00151278	0.00151278	133
0.344	0.00184854	0.00184854	0.00184854	0.00184854	103
0.345	0.00208627	0.00208627	0.00208627	0.00208627	102
0.346	0.00125191	0.00125191	0.00125191	0.00125191	131
0.347	0.000349425	0.000349425	0.000349425	0.000349425	87
0.348	0.000442975	0.000442975	0.000442975	0.000442975	121
0.349	0.00153588	0.00153588	0.00153588	0.00153588	131
0.35	0.000642202	0.000642202	0.000642202	0.000642202	109
0.351	0.00134483	0.00134483	0.00134483	0.00134483	116
0.352	0.002632	0.002632	0.002632	0.002632	100
0.353	0.00210989	0.00210989	0.00210989	0.00210989	91
0.354	0.00616508	0.00616508	0.00616508	0.00616508	126
0.355	0.000983051	0.000983051	0.000983051	0.000983051	118
0.356	0.00354667	0.00354667	0.00354667	0.00354667	135
0.357	0.00171908	0.00171908	0.00171908	0.00171908	131
0.358	0.00123259	0.00123259	0.00123259	0.00123259	135
0.359	0.0006	0.0006	0.0006	0.0006	140
0.36	-0.000268966	-0.000268966	-0.000268966	-0.000268966	116
0.361	-0.00110769	-0.00110769	-0.00110769	-0.00110769	130
0.362	-0.00201806	-0.00201806	-0.00201806	-0.00201806	155
0.363	0.000142857	0.000142857	0.000142857	0.000142857	140
0.364	-0.000589928	-0.000589928	-0.000589928	-0.000589928	139
0.365	0.000198319	0.000198319	0.000198319	0.000198319	119
0.366	0.00326536	0.00326536	0.00326536	0.00326536	153
0.367	0.00270423	0.00270423	0.00270423	0.00270423	142
0.368	-0.000305512	-0.000305512	-0.000305512	-0.000305512	127
0.369	0.00489697	0.00489697	0.00489697	0.00489697	132
0.37	0.00267034	0.00267034	0.00267034	0.00267034	145
0.371	0.000733333	0.000733333	0.000733333	0.000733333	126
0.372	-0.000534615	-0.000534615	-0.000534615	-0.000534615	104
0.373	-0.00271828	-0.00271828	-0.00271828	-0.00271828	93
0.374	-0.002	-0.002	-0.002	-0.002	119
0.375	-0.00103925	-0.00103925	-0.00103925	-0.00103925	107
0.376	0.000834188	0.000834188	0.000834188	0.000834188	117
0.377	0.002664	0.002664	0.002664	0.002664	100
0.378	-0.00397419	-0.00397419	-0.00397419	-0.00397419	93
0.379	0.000105051	0.000105051	0.000105051	0.000105051	99
0.38	-0.00125714	-0.00125714	-0.00125714	-0.00125714	112
0.381	-0.000279612	-0.000279612	-0.000279612	-0.000279612	103
0.382	0.00320714	0.00320714	0.00320714	0.00320714	112
0.383	0.00112063	0.00112063	0.00112063	0.00112063	126
0.384	-0.000457143	-0.000457143	-0.000457143	-0.000457143	112
0.385	-0.000519403	-0.000519403	-0.000519403	-0.000519403	134
0.386	0.00127541	0.00127541	0.00127541	0.00127541	122
0.387	0.00316538	0.00316538	0.00316538	0.00316538	104
0.388	-2.20183e-05	-2.20183e-05	-2.20183e-05	-2.20183e-05	109
0.389	0.00139655	0.00139655	0.00139655	0.00139655	116
0.39	0.000738144	0.000738144	0.000738144	0.000738144	97
0.391	0.00119316	0.00119316	0.00119316	0.00119316	117
0.392	0.0036256	0.0036256	0.0036256	0.0036256	125
0.393	-0.00118182	-0.00118182	-0.00118182	-0.00118182	132
0.394	0.00107869	0.00107869	0.00107869	0.00107869	122
0.395	-0.00122059	-0.00122059	-0.00122059	-0.00122059	136
0.396	-0.00177521	-0.00177521	-0.00177521	-0.00177521	121
0.397	-0.00213571	-0.00213571	-0.00213571	-0.00213571	112
0.398	0.000134454	0.000134454	0.000134454	0.000134454	119
0.399	0.000558621	0.000558621	0.000558621	0.000558621	116
0.4	-0.000958491	-0.000958491	-0.000958491	-0.000958491	106
0.401	0.00152239	0.00152239	0.00152239	0.00152239	134
0.402	-0.00259854	-0.00259854	-0.00259854	-0.00259854	137
0.403	-0.000827692	-0.000827692	-0.000827692	-0.000827692	130
0.404	-0.00177345	-0.00177345	-0.00177345	-0.00177345	113
0.405	-0.00013913	-0.00013913	-0.00013913	-0.00013913	138
0.406	0.000564516	0.000564516	0.000564516	0.000564516	124
0.407	0.00190164	0.00190164	0.00190164	0.00190164	122
0.408	0.00465197	0.00465197	0.00465197	0.00465197	127
0.409	0.000654237	0.000654237	0.000654237	0.000654237	118
0.41	0.00505841	0.00505841	0.00505841	0.00505841	113
0.411	-0.000107087	-0.000107087	-0.000107087	-0.000107087	127
0.412	0.00380811	0.00380811	0.00380811	0.00380811	148
0.413	0.000375385	0.000375385	0.000375385	0.000375385	130
0.414	0.00101488	0.00101488	0.00101488	0.00101488	121
0.415	0.000705263	0.000705263	0.000705263	0.000705263	152
0.416	-6.84932e-05	-6.84932e-05	-6.84932e-05	-6.84932e-05	146
0.417	0.0007552	0.0007552	0.0007552	0.0007552	125
0.418	-0.00101389	-0.00101389	-0.00101389	-0.00101389	144
0.419	0.00150698	0.00150698	0.00150698	0.00150698	129
0.42	-0.000176812	-0.000176812	-0.000176812	-0.000176812	138
0.421	0.00185538	0.00185538	0.00185538	0.00185538	130
0.422	0.00332773	0.00332773	0.00332773	0.00332773	119
0.423	-0.000894488	-0.000894488	-0.000894488	-0.000894488	127
0.424	-0.00205902	-0.00205902	-0.00205902	-0.00205902	122
0.425	-0.00119724	-0.00119724	-0.00119724	-0.00119724	145
0.426	-0.00131818	-0.00131818	-0.00131818	-0.00131818	132
0.427	-0.00209931	-0.00209931	-0.00209931	-0.00209931	145
0.428	0.000531092	0.000531092	0.000531092	0.000531092	119
0.429	1.75182e-05	1.75182e-05	1.75182e-05	1.75182e-05	137
0.43	0.0048354	0.0048354	0.0048354	0.0048354	113
0.431	0.00103279	0.00103279	0.00103279	0.00103279	122
0.432	0.00173228	0.00173228	0.00173228	0.00173228	127
0.433	0.00170588	0.00170588	0.00170588	0.00170588	136
0.434	0.000921008	0.000921008	0.000921008	0.000921008	119
0.435	-0.000923077	-0.000923077	-0.000923077	-0.000923077	117
0.436	0.00233043	0.00233043	0.00233043	0.00233043	115
0.437	-0.000274576	-0.000274576	-0.000274576	-0.000274576	118
0.438	-0.000607299	-0.000607299	-0.000607299	-0.000607299	137
0.439	0.00241678	0.00241678	0.00241678	0.00241678	143
0.44	0.00127799	0.00127799	0.00127799	0.00127799	159
0.441	-0.000563889	-0.000563889	-0.000563889	-0.000563889	144
0.442	0.00212131	0.00212131	0.00212131	0.00212131	122
0.443	0.000136585	0.000136585	0.000136585	0.000136585	123
0.444	-0.000969697	-0.000969697	-0.000969697	-0.000969697	99
0.445	-0.00271648	-0.00271648	-0.00271648	-0.00271648	91
0.446	-0.0029875	-0.0029875	-0.0029875	-0.0029875	128
0.447	-0.00064918	-0.00064918	-0.00064918	-0.00064918	122
0.448	-0.00229412	-0.00229412	-0.00229412	-0.00229412	102
0.449	-0.00162247	-0.00162247	-0.00162247	-0.00162247	89
0.45	-4.8855e-05	-4.8855e-05	-4.8855e-05	-4.8855e-05	131
0.451	0.000294444	0.000294444	0.000294444	0.000294444	144
0.452	0.000278788	0.000278788	0.000278788	0.000278788	132
0.453	0.0009275	0.0009275	0.0009275	0.0009275	160
0.454	0.000762791	0.000762791	0.000762791	0.000762791	129
0.455	-0.0018	-0.0018	-0.0018	-0.0018	128
0.456	0.00250746	0.00250746	0.00250746	0.00250746	134
0.457	0.00257273	0.00257273	0.00257273	0.00257273	132
0.458	0.00224675	0.00224675	0.00224675	0.00224675	154
0.459	0.00132222	0.00132222	0.00132222	0.00132222	144
0.46	0.000506452	0.000506452	0.000506452	0.000506452	124
0.461	-0.00268387	-0.00268387	-0.00268387	-0.00268387	124
0.462	-0.00081626	-0.00081626	-0.00081626	-0.00081626	123
0.463	-0.0015874	-0.0015874	-0.0015874	-0.0015874	127
0.464	-0.00215238	-0.00215238	-0.00215238	-0.00215238	126
0.465	-0.00122353	-0.00122353	-0.00122353	-0.00122353	102
0.466	-0.00214184	-0.00214184	-0.00214184	-0.00214184	141
0.467	-0.0011913	-0.0011913	-0.0011913	-0.0011913	138
0.468	-0.00131024	-0.00131024	-0.00131024	-0.00131024	127
0.469	-0.000207143	-0.000207143	-0.000207143	-0.000207143	112
0.47	0.00099187	0.00099187	0.00099187	0.00099187	123
0.471	0.00259065	0.00259065	0.00259065	0.00259065	107
0.472	0.00278039	0.00278039	0.00278039	0.00278039	102
0.473	0.00320833	0.00320833	0.00320833	0.00320833	96
0.474	0.00289009	0.00289009	0.00289009	0.00289009	111
0.475	-0.00050989	-0.00050989	-0.00050989	-0.00050989	91
0.476	0.00206355	0.00206355	0.00206355	0.00206355	107
0.477	0.00131228	0.00131228	0.00131228	0.00131228	114
0.478	0.00244333	0.00244333	0.00244333	0.00244333	120
0.479	-0.00179145	-0.00179145	-0.00179145	-0.00179145	117
0.48	0.00148571	0.00148571	0.00148571	0.00148571	112
0.481	-0.000508411	-0.000508411	-0.000508411	-0.000508411	107
0.482	0.00300444	0.00300444	0.00300444	0.00300444	90
0.483	0.00147797	0.00147797	0.00147797	0.00147797	118
0.484	-0.001792	-0.001792	-0.001792	-0.001792	125
0.485	-0.00112	-0.00112	-0.00112	-0.00112	145
0.486	0.00109744	0.00109744	0.00109744	0.00109744	117
0.487	-0.00105503	-0.00105503	-0.00105503	-0.00105503	149
0.488	-0.000174603	-0.000174603	-0.000174603	-0.000174603	126
0.489	-0.00277168	-0.00277168	-0.00277168	-0.00277168	113
0.49	-0.00369412	-0.00369412	-0.00369412	-0.00369412	119
0.491	-0.000298462	-0.000298462	-0.000298462	-0.000298462	130
0.492	0.00208571	0.00208571	0.00208571	0.00208571	126
0.493	0.00330265	0.00330265	0.00330265	0.00330265	113
0.494	0.00330909	0.00330909	0.00330909	0.00330909	143
0.495	0.00257179	0.00257179	0.00257179	0.00257179	156
0.496	0.000567832	0.000567832	0.000567832	0.000567832	143
0.497	0.00182295	0.00182295	0.00182295	0.00182295	122
0.498	-0.00137544	-0.00137544	-0.00137544	-0.00137544	114
0.499	0.000971963	0.000971963	0.000971963	0.000971963	107
0.5	0.00169505	0.00169505	0.00169505	0.00169505	101
0.501	-0.000229457	-0.000229457	-0.000229457	-0.000229457	129
0.502	-0.00134848	-0.00134848	-0.00134848	-0.00134848	132
0.503	0.000652	0.000652	0.000652	0.000652	100
0.504	-4.89209e-05	-4.89209e-05	-4.89209e-05	-4.89209e-05	139
0.505	-0.000697059	-0.000697059	-0.000697059	-0.000697059	136
0.506	-0.00155447	-0.00155447	-0.00155447	-0.00155447	123
0.507	-0.00279	-0.00279	-0.00279	-0.00279	120
0.508	0.00308525	0.00308525	0.00308525	0.00308525	122
0.509	-0.00293737	-0.00293737	-0.00293737	-0.00293737	99
0.51	-0.00259355	-0.00259355	-0.00259355	-0.00259355	124
0.511	0.000147945	0.000147945	0.000147945	0.000147945	146
0.512	-0.00366372	-0.00366372	-0.00366372	-0.00366372	113
0.513	-0.00181414	-0.00181414	-0.00181414	-0.00181414	99
0.514	0.000465934	0.000465934	0.000465934	0.000465934	91
0.515	0.00315652	0.00315652	0.00315652	0.00315652	92
0.516	9.72973e-05	9.72973e-05	9.72973e-05	9.72973e-05	111
0.517	-0.00114286	-0.00114286	-0.00114286	-0.00114286	112
0.518	0.000263492	0.000263492	0.000263492	0.000263492	126
0.519	7.42268e-05	7.42268e-05	7.42268e-05	7.42268e-05	97
0.52	0.000156863	0.000156863	0.000156863	0.000156863	102
0.521	-0.00137627	-0.00137627	-0.00137627	-0.00137627	118
0.522	0.00429091	0.00429091	0.00429091	0.00429091	88
0.523	-0.00163396	-0.00163396	-0.00163396	-0.00163396	106
0.524	0.001344	0.001344	0.001344	0.001344	125
0.525	0.002276	0.002276	0.002276	0.002276	100
0.526	0.00118655	0.00118655	0.00118655	0.00118655	119
0.527	0.00127368	0.00127368	0.00127368	0.00127368	114
0.528	0.0013175	0.0013175	0.0013175	0.0013175	160
0.529	-0.00038	-0.00038	-0.00038	-0.00038	140
0.53	-0.00194729	-0.00194729	-0.00194729	-0.00194729	129
0.531	0.00131223	0.00131223	0.00131223	0.00131223	139
0.532	0.00207863	0.00207863	0.00207863	0.00207863	117
0.533	0.00446617	0.00446617	0.00446617	0.00446617	133
0.534	0.00168136	0.00168136	0.00168136	0.00168136	118
0.535	5.28926e-05	5.28926e-05	5.28926e-05	5.28926e-05	121
0.536	0.00202105	0.00202105	0.00202105	0.00202105	114
0.537	0.000967521	0.000967521	0.000967521	0.000967521	117
0.538	-0.000583607	-0.000583607	-0.000583607	-0.000583607	122
0.539	-0.00351504	-0.00351504	-0.00351504	-0.00351504	113
0.54	-0.000146341	-0.000146341	-0.000146341	-0.000146341	123
0.541	-0.000321875	-0.000321875	-0.000321875	-0.000321875	128
0.542	-0.00312	-0.00312	-0.00312	-0.00312	95
0.543	-0.000880645	-0.000880645	-0.000880645	-0.000880645	124
0.544	0.000688288	0.000688288	0.000688288	0.000688288	111
0.545	-0.00141157	-0.00141157	-0.00141157	-0.00141157	121
0.546	-0.000268908	-0.000268908	-0.000268908	-0.000268908	119
0.547	-0.00272903	-0.00272903	-0.00272903	-0.00272903	124
0.548	0.0007	0.0007	0.0007	0.0007	148
0.549	0.00199211	0.00199211	0.00199211	0.00199211	152
0.55	0.00178333	0.00178333	0.00178333	0.00178333	120
0.551	0.0016486	0.0016486	0.0016486	0.0016486	107
0.552	0.000264516	0.000264516	0.000264516	0.000264516	124
0.553	0.0025632	0.0025632	0.0025632	0.0025632	125
0.554	0.00265564	0.00265564	0.00265564	0.00265564	133
0.555	0.000523894	0.000523894	0.000523894	0.000523894	113
0.556	0.00168317	0.00168317	0.00168317	0.00168317	101
0.557	0.0013	0.0013	0.0013	0.0013	120
0.558	-0.000793443	-0.000793443	-0.000793443	-0.000793443	122
0.559	0.0035424	0.0035424	0.0035424	0.0035424	125
0.56	0.00174388	0.00174388	0.00174388	0.00174388	139
0.561	-0.000191453	-0.000191453	-0.000191453	-0.000191453	117
0.562	0.000849587	0.000849587	0.000849587	0.000849587	121
0.563	0.00140458	0.00140458	0.00140458	0.00140458	131
0.564	5.09554e-05	5.09554e-05	5.09554e-05	5.09554e-05	157
0.565	-0.00208205	-0.00208205	-0.00208205	-0.00208205	117
0.566	0.00128219	0.00128219	0.00128219	0.00128219	146
0.567	-0.001136	-0.001136	-0.001136	-0.001136	150
0.568	0.000257143	0.000257143	0.000257143	0.000257143	126
0.569	-0.00270894	-0.00270894	-0.00270894	-0.00270894	123
0.57	-0.00185263	-0.00185263	-0.00185263	-0.00185263	133
0.571	-0.00159424	-0.00159424	-0.00159424	-0.00159424	139
0.572	-0.0040458	-0.0040458	-0.0040458	-0.0040458	131
0.573	-0.00120667	-0.00120667	-0.00120667	-0.00120667	120
0.574	-6.80851e-05	-6.80851e-05	-6.80851e-05	-6.80851e-05	141
0.575	-0.000754217	-0.000754217	-0.000754217	-0.000754217	166
0.576	-0.000966102	-0.000966102	-0.000966102	-0.000966102	118
0.577	0.0017	0.0017	0.0017	0.0017	124
0.578	-0.00300632	-0.00300632	-0.00300632	-0.00300632	95
0.579	-0.00167132	-0.00167132	-0.00167132	-0.00167132	129
0.58	-0.00060458	-0.00060458	-0.00060458	-0.00060458	131
0.581	-0.000384615	-0.000384615	-0.000384615	-0.000384615	130
0.582	0.00218647	0.00218647	0.00218647	0.00218647	133
0.583	0.0017376	0.0017376	0.0017376	0.0017376	125
0.584	-9.23077e-05	-9.23077e-05	-9.23077e-05	-9.23077e-05	117
0.585	0.00221333	0.00221333	0.00221333	0.00221333	105
0.586	0.000271845	0.000271845	0.000271845	0.000271845	103
0.587	-0.00161575	-0.00161575	-0.00161575	-0.00161575	127
0.588	0.00164409	0.00164409	0.00164409	0.00164409	127
0.589	-0.0019292	-0.0019292	-0.0019292	-0.0019292	113
0.59	-0.0009856	-0.0009856	-0.0009856	-0.0009856	125
0.591	0.0015938	0.0015938	0.0015938	0.0015938	129
0.592	0.00150164	0.00150164	0.00150164	0.00150164	122
0.593	-0.00056338	-0.00056338	-0.00056338	-0.00056338	142
0.594	-0.000406504	-0.000406504	-0.000406504	-0.000406504	123
0.595	0.00111343	0.00111343	0.00111343	0.00111343	134
0.596	0.00287477	0.00287477	0.00287477	0.00287477	107
0.597	0.0004	0.0004	0.0004	0.0004	115
0.598	0.000524242	0.000524242	0.000524242	0.000524242	132
0.599	-0.00323881	-0.00323881	-0.00323881	-0.00323881	134
0.6	-0.00179143	-0.00179143	-0.00179143	-0.00179143	140
0.601	-0.00111143	-0.00111143	-0.00111143	-0.00111143	140
0.602	0.000632653	0.000632653	0.000632653	0.000632653	98
0.603	-0.000184906	-0.000184906	-0.000184906	-0.000184906	106
0.604	-0.00148	-0.00148	-0.00148	-0.00148	110
0.605	-0.00219592	-0.00219592	-0.00219592	-0.00219592	98
0.606	-0.0044466	-0.0044466	-0.0044466	-0.0044466	103
0.607	-0.00188889	-0.00188889	-0.00188889	-0.00188889	108
0.608	-0.00166818	-0.00166818	-0.00166818	-0.00166818	88
0.609	-0.00276174	-0.00276174	-0.00276174	-0.00276174	115
0.61	-0.0015712	-0.0015712	-0.0015712	-0.0015712	125
0.611	-0.00193684	-0.00193684	-0.00193684	-0.00193684	114
0.612	-0.00199292	-0.00199292	-0.00199292	-0.00199292	113
0.613	-8.42105e-05	-8.42105e-05	-8.42105e-05	-8.42105e-05	133
0.614	0.00114231	0.00114231	0.00114231	0.00114231	104
0.615	-0.00111864	-0.00111864	-0.00111864	-0.00111864	118
0.616	0.000237931	0.000237931	0.000237931	0.000237931	116
0.617	0.000601869	0.000601869	0.000601869	0.000601869	107
0.618	-0.00140364	-0.00140364	-0.00140364	-0.00140364	110
0.619	0.00027037	0.00027037	0.00027037	0.00027037	108
0.62	-0.00024	-0.00024	-0.00024	-0.00024	105
0.621	-0.00321786	-0.00321786	-0.00321786	-0.00321786	112
0.622	-0.00238	-0.00238	-0.00238	-0.00238	100
0.623	-0.00140714	-0.00140714	-0.00140714	-0.00140714	112
0.624	0.000665625	0.000665625	0.000665625	0.000665625	128
0.625	0.00440465	0.00440465	0.00440465	0.00440465	86
0.626	0.00102857	0.00102857	0.00102857	0.00102857	105
0.627	-0.000844444	-0.000844444	-0.000844444	-0.000844444	99
0.628	-0.000312195	-0.000312195	-0.000312195	-0.000312195	123
0.629	-0.00217015	-0.00217015	-0.00217015	-0.00217015	134
0.63	0.00205981	0.00205981	0.00205981	0.00205981	107
0.631	-0.00111011	-0.00111011	-0.00111011	-0.00111011	89
0.632	0.002144	0.002144	0.002144	0.002144	100
0.633	0.000157798	0.000157798	0.000157798	0.000157798	109
0.634	-0.00295102	-0.00295102	-0.00295102	-0.00295102	98
0.635	-0.000854054	-0.000854054	-0.000854054	-0.000854054	111
0.636	0.00131636	0.00131636	0.00131636	0.00131636	110
0.637	2.24e-05	2.24e-05	2.24e-05	2.24e-05	125
0.638	0.00229593	0.00229593	0.00229593	0.00229593	123
0.639	0.00197193	0.00197193	0.00197193	0.00197193	114
0.64	0.00204848	0.00204848	0.00204848	0.00204848	99
0.641	0.00248224	0.00248224	0.00248224	0.00248224	107
0.642	0.00202182	0.00202182	0.00202182	0.00202182	110
0.643	-0.00255472	-0.00255472	-0.00255472	-0.00255472	106
0.644	0.000555172	0.000555172	0.000555172	0.000555172	116
0.645	0.00242735	0.00242735	0.00242735	0.00242735	117
0.646	0.00108099	0.00108099	0.00108099	0.00108099	121
0.647	0.00264561	0.00264561	0.00264561	0.00264561	114
0.648	0.00304336	0.00304336	0.00304336	0.00304336	143
0.649	0.000642991	0.000642991	0.000642991	0.000642991	107
0.65	0.000476768	0.000476768	0.000476768	0.000476768	99
0.651	-0.000439024	-0.000439024	-0.000439024	-0.000439024	82
0.652	-0.00221849	-0.00221849	-0.00221849	-0.00221849	119
0.653	-0.000817544	-0.000817544	-0.000817544	-0.000817544	114
0.654	0.000771171	0.000771171	0.000771171	0.000771171	111
0.655	0.00148943	0.00148943	0.00148943	0.00148943	123
0.656	0.00223673	0.00223673	0.00223673	0.00223673	98
0.657	0.00045042	0.00045042	0.00045042	0.00045042	119
0.658	-0.00198812	-0.00198812	-0.00198812	-0.00198812	101
0.659	0.00103509	0.00103509	0.00103509	0.00103509	114
0.66	-1.45455e-05	-1.45455e-05	-1.45455e-05	-1.45455e-05	110
0.661	0.00308844	0.00308844	0.00308844	0.00308844	147
0.662	0.000807547	0.000807547	0.000807547	0.000807547	159
0.663	-0.000279452	-0.000279452	-0.000279452	-0.000279452	146
0.664	-0.000183871	-0.000183871	-0.000183871	-0.000183871	124
0.665	0.00205614	0.00205614	0.00205614	0.00205614	114
0.666	-0.00116423	-0.00116423	-0.00116423	-0.00116423	123
0.667	0.00290598	0.00290598	0.00290598	0.00290598	117
0.668	0.00198351	0.00198351	0.00198351	0.00198351	97
0.669	0.00215333	0.00215333	0.00215333	0.00215333	120
0.67	0.00219623	0.00219623	0.00219623	0.00219623	106
0.671	9.09091e-05	9.09091e-05	9.09091e-05	9.09091e-05	110
0.672	0.00560336	0.00560336	0.00560336	0.00560336	119
0.673	0.0025888	0.0025888	0.0025888	0.0025888	125
0.674	0.000330935	0.000330935	0.000330935	0.000330935	139
0.675	-0.00178621	-0.00178621	-0.00178621	-0.00178621	116
0.676	0.00020339	0.00020339	0.00020339	0.00020339	118
0.677	-0.000845455	-0.000845455	-0.000845455	-0.000845455	132
0.678	0.000342342	0.000342342	0.000342342	0.000342342	111
0.679	0.000513793	0.000513793	0.000513793	0.000513793	116
0.68	0.00213435	0.00213435	0.00213435	0.00213435	131
0.681	0.000928302	0.000928302	0.000928302	0.000928302	106
0.682	-0.00168205	-0.00168205	-0.00168205	-0.00168205	117
0.683	0.000725806	0.000725806	0.000725806	0.000725806	124
0.684	-0.00115248	-0.00115248	-0.00115248	-0.00115248	101
0.685	-0.00256	-0.00256	-0.00256	-0.00256	95
0.686	-0.000188	-0.000188	-0.000188	-0.000188	100
0.687	0.00156061	0.00156061	0.00156061	0.00156061	132
0.688	-0.0016381	-0.0016381	-0.0016381	-0.0016381	126
0.689	-0.000715	-0.000715	-0.000715	-0.000715	160
0.69	0.00157926	0.00157926	0.00157926	0.00157926	135
0.691	-0.000204027	-0.000204027	-0.000204027	-0.000204027	149
0.692	0.00190462	0.00190462	0.00190462	0.00190462	130
0.693	0.00193	0.00193	0.00193	0.00193	120
0.694	0.00361203	0.00361203	0.00361203	0.00361203	133
0.695	0.000473016	0.000473016	0.000473016	0.000473016	126
0.696	0.00172283	0.00172283	0.00172283	0.00172283	127
0.697	-0.000766667	-0.000766667	-0.000766667	-0.000766667	108
0.698	0.00220458	0.00220458	0.00220458	0.00220458	131
0.699	0.0013554	0.0013554	0.0013554	0.0013554	139
0.7	0.00260667	0.00260667	0.00260667	0.00260667	120
0.701	0.000382759	0.000382759	0.000382759	0.000382759	116
0.702	-0.000236842	-0.000236842	-0.000236842	-0.000236842	152
0.703	0.00437519	0.00437519	0.00437519	0.00437519	129
0.704	0.0012458	0.0012458	0.0012458	0.0012458	131
0.705	-0.000921429	-0.000921429	-0.000921429	-0.000921429	112
0.706	-0.00155676	-0.00155676	-0.00155676	-0.00155676	111
0.707	7.33333e-05	7.33333e-05	7.33333e-05	7.33333e-05	120
0.708	-0.00119008	-0.00119008	-0.00119008	-0.00119008	121
0.709	0.00251186	0.00251186	0.00251186	0.00251186	118
0.71	0.00173898	0.00173898	0.00173898	0.00173898	118
0.711	-0.000648649	-0.000648649	-0.000648649	-0.000648649	111
0.712	-0.000189899	-0.000189899	-0.000189899	-0.000189899	99
0.713	-0.000285714	-0.000285714	-0.000285714	-0.000285714	119
0.714	0.000268702	0.000268702	0.000268702	0.000268702	131
0.715	-0.00100317	-0.00100317	-0.00100317	-0.00100317	126
0.716	-0.0003	-0.0003	-0.0003	-0.0003	124
0.717	0.00107748	0.00107748	0.00107748	0.00107748	111
0.718	-0.00199619	-0.00199619	-0.00199619	-0.00199619	105
0.719	-0.00208595	-0.00208595	-0.00208595	-0.00208595	121
0.72	1.22449e-05	1.22449e-05	1.22449e-05	1.22449e-05	98
0.721	-0.00352577	-0.00352577	-0.00352577	-0.00352577	97
0.722	-0.00140345	-0.00140345	-0.00140345	-0.00140345	116
0.723	-7.84314e-06	-7.84314e-06	-7.84314e-06	-7.84314e-06	102
0.724	-0.0002048	-0.0002048	-0.0002048	-0.0002048	125
0.725	0.00513571	0.00513571	0.00513571	0.00513571	112
0.726	0.00261231	0.00261231	0.00261231	0.00261231	130
0.727	0.00215	0.00215	0.00215	0.00215	168
0.728	-0.000621875	-0.000621875	-0.000621875	-0.000621875	128
0.729	0.000551724	0.000551724	0.000551724	0.000551724	116
0.73	0.00117983	0.00117983	0.00117983	0.00117983	119
0.731	-0.000453782	-0.000453782	-0.000453782	-0.000453782	119
0.732	-0.000567619	-0.000567619	-0.000567619	-0.000567619	105
0.733	0.00155	0.00155	0.00155	0.00155	128
0.734	0.00334953	0.00334953	0.00334953	0.00334953	107
0.735	0.00190938	0.00190938	0.00190938	0.00190938	128
0.736	0.000208571	0.000208571	0.000208571	0.000208571	140
0.737	0.000586667	0.000586667	0.000586667	0.000586667	105
0.738	0.000212174	0.000212174	0.000212174	0.000212174	115
0.739	-0.00200328	-0.00200328	-0.00200328	-0.00200328	122
0.74	0.00063125	0.00063125	0.00063125	0.00063125	128
0.741	0.00123077	0.00123077	0.00123077	0.00123077	104
0.742	0.00267786	0.00267786	0.00267786	0.00267786	131
0.743	-0.000817857	-0.000817857	-0.000817857	-0.000817857	112
0.744	0.000657143	0.000657143	0.000657143	0.000657143	126
0.745	0.000243333	0.000243333	0.000243333	0.000243333	120
0.746	0.00211624	0.00211624	0.00211624	0.00211624	117
0.747	0.000860177	0.000860177	0.000860177	0.000860177	113
0.748	0.000719328	0.000719328	0.000719328	0.000719328	119
0.749	-0.000375342	-0.000375342	-0.000375342	-0.000375342	146
0.75	0.00132281	0.00132281	0.00132281	0.00132281	114
0.751	-0.000128926	-0.000128926	-0.000128926	-0.000128926	121
0.752	0.00126239	0.00126239	0.00126239	0.00126239	109
0.753	-0.00065641	-0.00065641	-0.00065641	-0.00065641	117
0.754	0.000782857	0.000782857	0.000782857	0.000782857	140
0.755	0.00209573	0.00209573	0.00209573	0.00209573	117
0.756	0.000207407	0.000207407	0.000207407	0.000207407	108
0.757	0.00010625	0.00010625	0.00010625	0.00010625	128
0.758	0.000730556	0.000730556	0.000730556	0.000730556	144
0.759	0.00483	0.00483	0.00483	0.00483	120
0.76	0.00116429	0.00116429	0.00116429	0.00116429	112
0.761	0.00353391	0.00353391	0.00353391	0.00353391	115
0.762	-0.00174679	-0.00174679	-0.00174679	-0.00174679	109
0.763	0.00041626	0.00041626	0.00041626	0.00041626	123
0.764	0.00229091	0.00229091	0.00229091	0.00229091	121
0.765	0.00420345	0.00420345	0.00420345	0.00420345	116
0.766	0.000930233	0.000930233	0.000930233	0.000930233	129
0.767	0.00307719	0.00307719	0.00307719	0.00307719	114
0.768	0.000726957	0.000726957	0.000726957	0.000726957	115
0.769	0.000990476	0.000990476	0.000990476	0.000990476	126
0.77	-0.000157009	-0.000157009	-0.000157009	-0.000157009	107
0.771	0.000557983	0.000557983	0.000557983	0.000557983	119
0.772	0.00232727	0.00232727	0.00232727	0.00232727	110
0.773	0.00101069	0.00101069	0.00101069	0.00101069	131
0.774	0.00145586	0.00145586	0.00145586	0.00145586	111
0.775	0.00173898	0.00173898	0.00173898	0.00173898	118
0.776	0.001148	0.001148	0.001148	0.001148	100
0.777	0.000844828	0.000844828	0.000844828	0.000844828	116
0.778	0.000818018	0.000818018	0.000818018	0.000818018	111
0.779	0.000420202	0.000420202	0.000420202	0.000420202	99
0.78	-0.000570968	-0.000570968	-0.000570968	-0.000570968	124
0.781	8.44037e-05	8.44037e-05	8.44037e-05	8.44037e-05	109
0.782	0.00165289	0.00165289	0.00165289	0.00165289	121
0.783	-0.000875556	-0.000875556	-0.000875556	-0.000875556	90
0.784	-0.00191351	-0.00191351	-0.00191351	-0.00191351	111
0.785	0.00259298	0.00259298	0.00259298	0.00259298	114
0.786	0.00199266	0.00199266	0.00199266	0.00199266	109
0.787	0.00197624	0.00197624	0.00197624	0.00197624	101
0.788	-0.000761404	-0.000761404	-0.000761404	-0.000761404	114
0.789	0.00178095	0.00178095	0.00178095	0.00178095	126
0.79	-0.00241832	-0.00241832	-0.00241832	-0.00241832	131
0.791	-0.00227068	-0.00227068	-0.00227068	-0.00227068	133
0.792	0.000952381	0.000952381	0.000952381	0.000952381	105
0.793	-0.00304407	-0.00304407	-0.00304407	-0.00304407	118
0.794	7.78761e-05	7.78761e-05	7.78761e-05	7.78761e-05	113
0.795	0.000865116	0.000865116	0.000865116	0.000865116	129
0.796	-0.000104854	-0.000104854	-0.000104854	-0.000104854	103
0.797	0.0015252	0.0015252	0.0015252	0.0015252	123
0.798	-0.000253061	-0.000253061	-0.000253061	-0.000253061	98
0.799	0.00154797	0.00154797	0.00154797	0.00154797	123
0.8	0.000870229	0.000870229	0.000870229	0.000870229	131
0.801	-4.5283e-05	-4.5283e-05	-4.5283e-05	-4.5283e-05	106
0.802	0.000495413	0.000495413	0.000495413	0.000495413	109
0.803	0.00298276	0.00298276	0.00298276	0.00298276	116
0.804	-0.000978218	-0.000978218	-0.000978218	-0.000978218	101
0.805	0.00169462	0.00169462	0.00169462	0.00169462	93
0.806	-0.00061	-0.00061	-0.00061	-0.00061	120
0.807	-0.00233905	-0.00233905	-0.00233905	-0.00233905	105
0.808	-0.000813675	-0.000813675	-0.000813675	-0.000813675	117
0.809	0.00252252	0.00252252	0.00252252	0.00252252	111
0.81	0.00125333	0.00125333	0.00125333	0.00125333	120
0.811	-0.00188136	-0.00188136	-0.00188136	-0.00188136	118
0.812	-0.000605607	-0.000605607	-0.000605607	-0.000605607	107
0.813	0.000963636	0.000963636	0.000963636	0.000963636	110
0.814	0.000431683	0.000431683	0.000431683	0.000431683	101
0.815	0.0017124	0.0017124	0.0017124	0.0017124	121
0.816	-0.000152672	-0.000152672	-0.000152672	-0.000152672	131
0.817	0.00112672	0.00112672	0.00112672	0.00112672	131
0.818	0.000153535	0.000153535	0.000153535	0.000153535	99
0.819	0.00112	0.00112	0.00112	0.00112	90
0.82	-3.30579e-06	-3.30579e-06	-3.30579e-06	-3.30579e-06	121
0.821	-0.00137476	-0.00137476	-0.00137476	-0.00137476	103
0.822	-0.0009	-0.0009	-0.0009	-0.0009	100
0.823	-0.00179852	-0.00179852	-0.00179852	-0.00179852	135
0.824	0.000365891	0.000365891	0.000365891	0.000365891	129
0.825	-0.000559259	-0.000559259	-0.000559259	-0.000559259	108
0.826	0.000425926	0.000425926	0.000425926	0.000425926	108
0.827	7.20721e-06	7.20721e-06	7.20721e-06	7.20721e-06	111
0.828	-4.83871e-05	-4.83871e-05	-4.83871e-05	-4.83871e-05	124
0.829	0.00127218	0.00127218	0.00127218	0.00127218	133
0.83	-0.000856693	-0.000856693	-0.000856693	-0.000856693	127
0.831	0.000570079	0.000570079	0.000570079	0.000570079	127
0.832	-0.00104364	-0.00104364	-0.00104364	-0.00104364	110
0.833	-0.000136434	-0.000136434	-0.000136434	-0.000136434	129
0.834	0.00116812	0.00116812	0.00116812	0.00116812	138
0.835	-0.000657627	-0.000657627	-0.000657627	-0.000657627	118
0.836	0.00116303	0.00116303	0.00116303	0.00116303	119
0.837	-0.00132667	-0.00132667	-0.00132667	-0.00132667	120
0.838	0.000618519	0.000618519	0.000618519	0.000618519	108
0.839	0.00201111	0.00201111	0.00201111	0.00201111	108
0.84	0.00332593	0.00332593	0.00332593	0.00332593	108
0.841	-0.001344	-0.001344	-0.001344	-0.001344	125
0.842	-0.000775439	-0.000775439	-0.000775439	-0.000775439	114
0.843	-0.000231933	-0.000231933	-0.000231933	-0.000231933	119
0.844	0.000652174	0.000652174	0.000652174	0.000652174	138
0.845	-0.0014963	-0.0014963	-0.0014963	-0.0014963	135
0.846	-0.000631193	-0.000631193	-0.000631193	-0.000631193	109
0.847	0.00477172	0.00477172	0.00477172	0.00477172	99
0.848	0.00322807	0.00322807	0.00322807	0.00322807	114
0.849	0.000473043	0.000473043	0.000473043	0.000473043	115
0.85	0.00181786	0.00181786	0.00181786	0.00181786	112
0.851	0.00142114	0.00142114	0.00142114	0.00142114	123
0.852	9.07563e-05	9.07563e-05	9.07563e-05	9.07563e-05	119
0.853	0.000746875	0.000746875	0.000746875	0.000746875	128
0.854	-0.000673504	-0.000673504	-0.000673504	-0.000673504	117
0.855	-0.00087	-0.00087	-0.00087	-0.00087	120
0.856	0.00119137	0.00119137	0.00119137	0.00119137	139
0.857	-0.00107119	-0.00107119	-0.00107119	-0.00107119	118
0.858	-0.00392759	-0.00392759	-0.00392759	-0.00392759	116
0.859	0.000870769	0.000870769	0.000870769	0.000870769	130
0.86	-0.000381102	-0.000381102	-0.000381102	-0.000381102	127
0.861	0.00157778	0.00157778	0.00157778	0.00157778	126
0.862	0.00343582	0.00343582	0.00343582	0.00343582	134
0.863	0.00263717	0.00263717	0.00263717	0.00263717	113
0.864	-0.000871111	-0.000871111	-0.000871111	-0.000871111	135
0.865	-0.000193548	-0.000193548	-0.000193548	-0.000193548	124
0.866	0.00201852	0.00201852	0.00201852	0.00201852	108
0.867	-0.00245091	-0.00245091	-0.00245091	-0.00245091	110
0.868	-0.00087037	-0.00087037	-0.00087037	-0.00087037	108
0.869	-0.000162602	-0.000162602	-0.000162602	-0.000162602	123
0.87	0.00011215	0.00011215	0.00011215	0.00011215	107
0.871	-0.00157383	-0.00157383	-0.00157383	-0.00157383	107
0.872	-1.5873e-05	-1.5873e-05	-1.5873e-05	-1.5873e-05	126
0.873	-0.00308444	-0.00308444	-0.00308444	-0.00308444	90
0.874	-0.00284536	-0.00284536	-0.00284536	-0.00284536	97
0.875	-0.000825641	-0.000825641	-0.000825641	-0.000825641	78
0.876	-0.00109744	-0.00109744	-0.00109744	-0.00109744	78
0.877	-0.00390843	-0.00390843	-0.00390843	-0.00390843	83
0.878	-0.000452525	-0.000452525	-0.000452525	-0.000452525	99
0.879	-0.00101176	-0.00101176	-0.00101176	-0.00101176	85
0.88	-0.00129114	-0.00129114	-0.00129114	-0.00129114	79
0.881	0.00130337	0.00130337	0.00130337	0.00130337	89
0.882	-0.000989011	-0.000989011	-0.000989011	-0.000989011	91
0.883	-0.00268276	-0.00268276	-0.00268276	-0.00268276	116
0.884	-0.00113208	-0.00113208	-0.00113208	-0.00113208	106
0.885	-0.00374624	-0.00374624	-0.00374624	-0.00374624	93
0.886	-0.00131579	-0.00131579	-0.00131579	-0.00131579	114
0.887	-0.00175439	-0.00175439	-0.00175439	-0.00175439	114
0.888	-0.0012	-0.0012	-0.0012	-0.0012	91
0.889	0.00117117	0.00117117	0.00117117	0.00117117	111
0.89	-0.00195238	-0.00195238	-0.00195238	-0.00195238	126
0.891	9.05109e-05	9.05109e-05	9.05109e-05	9.05109e-05	137
0.892	0.000147826	0.000147826	0.000147826	0.000147826	138
0.893	-0.000557576	-0.000557576	-0.000557576	-0.000557576	99
0.894	-0.00222857	-0.00222857	-0.00222857	-0.00222857	98
0.895	0.000431068	0.000431068	0.000431068	0.000431068	103
0.896	-6.35514e-05	-6.35514e-05	-6.35514e-05	-6.35514e-05	107
0.897	0.00286667	0.00286667	0.00286667	0.00286667	96
0.898	0.00141887	0.00141887	0.00141887	0.00141887	106
0.899	-0.000759259	-0.000759259	-0.000759259	-0.000759259	108
0.9	2.7972e-06	2.7972e-06	2.7972e-06	2.7972e-06	143
0.901	-0.001575	-0.001575	-0.001575	-0.001575	96
0.902	0.000455385	0.000455385	0.000455385	0.000455385	130
0.903	-0.0011	-0.0011	-0.0011	-0.0011	96
0.904	-0.00216068	-0.00216068	-0.00216068	-0.00216068	117
0.905	-0.000576991	-0.000576991	-0.000576991	-0.000576991	113
0.906	0.00305333	0.00305333	0.00305333	0.00305333	120
0.907	-5.28302e-05	-5.28302e-05	-5.28302e-05	-5.28302e-05	106
0.908	0.000138583	0.000138583	0.000138583	0.000138583	127
0.909	-0.000595041	-0.000595041	-0.000595041	-0.000595041	121
0.91	-9.375e-06	-9.375e-06	-9.375e-06	-9.375e-06	128
0.911	0.000175207	0.000175207	0.000175207	0.000175207	121
0.912	0.00284762	0.00284762	0.00284762	0.00284762	126
0.913	0.00247778	0.00247778	0.00247778	0.00247778	108
0.914	0.00165361	0.00165361	0.00165361	0.00165361	97
0.915	-0.000413636	-0.000413636	-0.000413636	-0.000413636	88
0.916	0.00139789	0.00139789	0.00139789	0.00139789	95
0.917	-0.000759551	-0.000759551	-0.000759551	-0.000759551	89
0.918	0.000868571	0.000868571	0.000868571	0.000868571	105
0.919	0.000212174	0.000212174	0.000212174	0.000212174	115
0.92	0.00323273	0.00323273	0.00323273	0.00323273	110
0.921	0.00188515	0.00188515	0.00188515	0.00188515	101
0.922	0.00320889	0.00320889	0.00320889	0.00320889	90
0.923	0.00135417	0.00135417	0.00135417	0.00135417	96
0.924	0.0039808	0.0039808	0.0039808	0.0039808	125
0.925	0.00303077	0.00303077	0.00303077	0.00303077	130
0.926	0.00199403	0.00199403	0.00199403	0.00199403	134
0.927	0.00306542	0.00306542	0.00306542	0.00306542	107
0.928	-0.000346667	-0.000346667	-0.000346667	-0.000346667	120
0.929	0.000444944	0.000444944	0.000444944	0.000444944	89
0.93	-0.00306667	-0.00306667	-0.00306667	-0.00306667	117
0.931	-0.000301818	-0.000301818	-0.000301818	-0.000301818	110
0.932	0.000796748	0.000796748	0.000796748	0.000796748	123
0.933	0.00221333	0.00221333	0.00221333	0.00221333	135
0.934	0.00116952	0.00116952	0.00116952	0.00116952	105
0.935	0.00103022	0.00103022	0.00103022	0.00103022	139
0.936	-8.19672e-05	-8.19672e-05	-8.19672e-05	-8.19672e-05	122
0.937	7.54098e-05	7.54098e-05	7.54098e-05	7.54098e-05	122
0.938	-0.000846667	-0.000846667	-0.000846667	-0.000846667	120
0.939	0.0014697	0.0014697	0.0014697	0.0014697	132
0.94	-0.000173333	-0.000173333	-0.000173333	-0.000173333	120
0.941	-0.00198655	-0.00198655	-0.00198655	-0.00198655	119
0.942	1.3344e-20	1.3344e-20	1.3344e-20	1.3344e-20	130
0.943	0.00122569	0.00122569	0.00122569	0.00122569	109
0.944	-0.00118596	-0.00118596	-0.00118596	-0.00118596	114
0.945	0.000639286	0.000639286	0.000639286	0.000639286	112
0.946	-0.00202887	-0.00202887	-0.00202887	-0.00202887	97
0.947	0.000208163	0.000208163	0.000208163	0.000208163	98
0.948	0.000723596	0.000723596	0.000723596	0.000723596	89
0.949	0.000154386	0.000154386	0.000154386	0.000154386	114
0.95	0.00314563	0.00314563	0.00314563	0.00314563	103
0.951	0.00256471	0.00256471	0.00256471	0.00256471	85
0.952	-0.000554167	-0.000554167	-0.000554167	-0.000554167	96
0.953	0.00303137	0.00303137	0.00303137	0.00303137	102
0.954	-0.00163125	-0.00163125	-0.00163125	-0.00163125	128
0.955	-0.00166552	-0.00166552	-0.00166552	-0.00166552	116
0.956	0.00102626	0.00102626	0.00102626	0.00102626	99
0.957	0.000448696	0.000448696	0.000448696	0.000448696	115
0.958	0.004808	0.004808	0.004808	0.004808	100
0.959	-0.00087767	-0.00087767	-0.00087767	-0.00087767	103
0.96	0.000148571	0.000148571	0.000148571	0.000148571	105
0.961	0.00400417	0.00400417	0.00400417	0.00400417	96
0.962	0.000346429	0.000346429	0.000346429	0.000346429	112
0.963	0.00200325	0.00200325	0.00200325	0.00200325	123
0.964	-0.000585185	-0.000585185	-0.000585185	-0.000585185	108
0.965	-0.00300345	-0.00300345	-0.00300345	-0.00300345	116
0.966	-0.00201322	-0.00201322	-0.00201322	-0.00201322	121
0.967	0.00141558	0.00141558	0.00141558	0.00141558	154
0.968	0.00024	0.00024	0.00024	0.00024	100
0.969	0.00137586	0.00137586	0.00137586	0.00137586	116
0.97	-0.000436	-0.000436	-0.000436	-0.000436	100
0.971	-0.0010055	-0.0010055	-0.0010055	-0.0010055	109
0.972	0.000696183	0.000696183	0.000696183	0.000696183	131
0.973	0.00462804	0.00462804	0.00462804	0.00462804	107
0.974	0.00333675	0.00333675	0.00333675	0.00333675	117
0.975	0.00500426	0.00500426	0.00500426	0.00500426	94
0.976	4.16e-05	4.16e-05	4.16e-05	4.16e-05	125
0.977	0.00291765	0.00291765	0.00291765	0.00291765	119
0.978	0.000320611	0.000320611	0.000320611	0.000320611	131
0.979	0.000389655	0.000389655	0.000389655	0.000389655	116
0.98	0.00113258	0.00113258	0.00113258	0.00113258	89
0.981	0.00194128	0.00194128	0.00194128	0.00194128	109
0.982	-0.00027156	-0.00027156	-0.00027156	-0.00027156	109
0.983	0.0004	0.0004	0.0004	0.0004	102
0.984	-0.000340157	-0.000340157	-0.000340157	-0.000340157	127
0.985	-5.20325e-05	-5.20325e-05	-5.20325e-05	-5.20325e-05	123
0.986	-0.001	-0.001	-0.001	-0.001	120
0.987	0.000743333	0.000743333	0.000743333	0.000743333	120
0.988	0.000266667	0.000266667	0.000266667	0.000266667	123
0.989	0.00421069	0.00421069	0.00421069	0.00421069	131
0.99	0.00298053	0.00298053	0.00298053	0.00298053	113
0.991	0.00186761	0.00186761	0.00186761	0.00186761	142
0.992	0.00218898	0.00218898	0.00218898	0.00218898	127
0.993	0.00391	0.00391	0.00391	0.00391	120
0.994	-0.000505085	-0.000505085	-0.000505085	-0.000505085	118
0.995	-0.000454237	-0.000454237	-0.000454237	-0.000454237	118
0.996	-0.000194495	-0.000194495	-0.000194495	-0.000194495	109
0.997	0.00209927	0.00209927	0.00209927	0.00209927	137
0.998	0.00307619	0.00307619	0.00307619	0.00307619	126
0.999	4.31373e-05	4.31373e-05	4.31373e-05	4.31373e-05	102
1	0.00205333	0.00205333	0.00205333	0.00205333	105
