0.001	0.0745115	0.0745115	0.0745115	0.0745115	2968
0.002	0.0693623	0.0693623	0.0693623	0.0693623	2486
0.003	0.0645386	0.0645386	0.0645386	0.0645386	2133
0.004	0.0586642	0.0586642	0.0586642	0.0586642	1964
0.005	0.0571272	0.0571272	0.0571272	0.0571272	1896
0.006	0.0545472	0.0545472	0.0545472	0.0545472	1796
0.007	0.0505674	0.0505674	0.0505674	0.0505674	1759
0.008	0.0486685	0.0486685	0.0486685	0.0486685	1655
0.009	0.0471714	0.0471714	0.0471714	0.0471714	1583
0.01	0.044621	0.044621	0.044621	0.044621	1495
0.011	0.0455091	0.0455091	0.0455091	0.0455091	1474
0.012	0.0424006	0.0424006	0.0424006	0.0424006	1419
0.013	0.0391275	0.0391275	0.0391275	0.0391275	1357
0.014	0.0404485	0.0404485	0.0404485	0.0404485	1362
0.015	0.0385787	0.0385787	0.0385787	0.0385787	1247
0.016	0.035355	0.035355	0.035355	0.035355	1267
0.017	0.0357434	0.0357434	0.0357434	0.0357434	1266
0.018	0.0340016	0.0340016	0.0340016	0.0340016	1252
0.019	0.0349666	0.0349666	0.0349666	0.0349666	1205
0.02	0.0340383	0.0340383	0.0340383	0.0340383	1210
0.021	0.0316117	0.0316117	0.0316117	0.0316117	1192
0.022	0.0299477	0.0299477	0.0299477	0.0299477	1286
0.023	0.0321432	0.0321432	0.0321432	0.0321432	1173
0.024	0.0294048	0.0294048	0.0294048	0.0294048	1203
0.025	0.0293813	0.0293813	0.0293813	0.0293813	1211
0.026	0.0293437	0.0293437	0.0293437	0.0293437	1144
0.027	0.0277916	0.0277916	0.0277916	0.0277916	1067
0.028	0.029837	0.029837	0.029837	0.029837	1156
0.029	0.0249317	0.0249317	0.0249317	0.0249317	1160
0.03	0.0257397	0.0257397	0.0257397	0.0257397	1094
0.031	0.0250555	0.0250555	0.0250555	0.0250555	1229
0.032	0.0224034	0.0224034	0.0224034	0.0224034	1165
0.033	0.0264645	0.0264645	0.0264645	0.0264645	1159
0.034	0.0258657	0.0258657	0.0258657	0.0258657	1150
0.035	0.0251083	0.0251083	0.0251083	0.0251083	1126
0.036	0.0250417	0.0250417	0.0250417	0.0250417	1094
0.037	0.0229844	0.0229844	0.0229844	0.0229844	1087
0.038	0.0222564	0.0222564	0.0222564	0.0222564	1050
0.039	0.0236243	0.0236243	0.0236243	0.0236243	1072
0.04	0.0240493	0.0240493	0.0240493	0.0240493	1080
0.041	0.0224114	0.0224114	0.0224114	0.0224114	986
0.042	0.0240462	0.0240462	0.0240462	0.0240462	1066
0.043	0.0223112	0.0223112	0.0223112	0.0223112	1050
0.044	0.022727	0.022727	0.022727	0.022727	1102
0.045	0.0230324	0.0230324	0.0230324	0.0230324	1091
0.046	0.0210144	0.0210144	0.0210144	0.0210144	1080
0.047	0.0206866	0.0206866	0.0206866	0.0206866	1055
0.048	0.0200477	0.0200477	0.0200477	0.0200477	1056
0.049	0.0212971	0.0212971	0.0212971	0.0212971	989
0.05	0.018296	0.018296	0.018296	0.018296	1081
0.051	0.0212391	0.0212391	0.0212391	0.0212391	1024
0.052	0.0183988	0.0183988	0.0183988	0.0183988	1034
0.053	0.0184618	0.0184618	0.0184618	0.0184618	1009
0.054	0.018486	0.018486	0.018486	0.018486	1075
0.055	0.019012	0.019012	0.019012	0.019012	996
0.056	0.0182964	0.0182964	0.0182964	0.0182964	1023
0.057	0.0174302	0.0174302	0.0174302	0.0174302	1025
0.058	0.0176272	0.0176272	0.0176272	0.0176272	1089
0.059	0.0155436	0.0155436	0.0155436	0.0155436	1057
0.06	0.0177548	0.0177548	0.0177548	0.0177548	1054
0.061	0.0168164	0.0168164	0.0168164	0.0168164	1048
0.062	0.0155628	0.0155628	0.0155628	0.0155628	1032
0.063	0.0153202	0.0153202	0.0153202	0.0153202	1032
0.064	0.0171798	0.0171798	0.0171798	0.0171798	1011
0.065	0.0162532	0.0162532	0.0162532	0.0162532	978
0.066	0.0150618	0.0150618	0.0150618	0.0150618	996
0.067	0.0171286	0.0171286	0.0171286	0.0171286	992
0.068	0.0141706	0.0141706	0.0141706	0.0141706	973
0.069	0.0149752	0.0149752	0.0149752	0.0149752	1039
0.07	0.0138254	0.0138254	0.0138254	0.0138254	999
0.071	0.0137097	0.0137097	0.0137097	0.0137097	1003
0.072	0.0149751	0.0149751	0.0149751	0.0149751	939
0.073	0.0138015	0.0138015	0.0138015	0.0138015	947
0.074	0.0156054	0.0156054	0.0156054	0.0156054	961
0.075	0.0147299	0.0147299	0.0147299	0.0147299	976
0.076	0.0145245	0.0145245	0.0145245	0.0145245	977
0.077	0.013442	0.013442	0.013442	0.013442	990
0.078	0.0128453	0.0128453	0.0128453	0.0128453	963
0.079	0.0135021	0.0135021	0.0135021	0.0135021	985
0.08	0.0121549	0.0121549	0.0121549	0.0121549	873
0.081	0.0126352	0.0126352	0.0126352	0.0126352	961
0.082	0.0123696	0.0123696	0.0123696	0.0123696	920
0.083	0.0109883	0.0109883	0.0109883	0.0109883	975
0.084	0.0131451	0.0131451	0.0131451	0.0131451	954
0.085	0.0131759	0.0131759	0.0131759	0.0131759	947
0.086	0.0118558	0.0118558	0.0118558	0.0118558	971
0.087	0.0127187	0.0127187	0.0127187	0.0127187	940
0.088	0.0112901	0.0112901	0.0112901	0.0112901	959
0.089	0.0112661	0.0112661	0.0112661	0.0112661	975
0.09	0.0123505	0.0123505	0.0123505	0.0123505	986
0.091	0.0121032	0.0121032	0.0121032	0.0121032	992
0.092	0.00916445	0.00916445	0.00916445	0.00916445	979
0.093	0.00867143	0.00867143	0.00867143	0.00867143	980
0.094	0.00869219	0.00869219	0.00869219	0.00869219	935
0.095	0.0106099	0.0106099	0.0106099	0.0106099	1010
0.096	0.00816777	0.00816777	0.00816777	0.00816777	937
0.097	0.0100739	0.0100739	0.0100739	0.0100739	1018
0.098	0.00766104	0.00766104	0.00766104	0.00766104	996
0.099	0.00990223	0.00990223	0.00990223	0.00990223	941
0.1	0.00898669	0.00898669	0.00898669	0.00898669	962
0.101	0.00815067	0.00815067	0.00815067	0.00815067	969
0.102	0.00881884	0.00881884	0.00881884	0.00881884	934
0.103	0.00797751	0.00797751	0.00797751	0.00797751	925
0.104	0.00744712	0.00744712	0.00744712	0.00744712	955
0.105	0.00709633	0.00709633	0.00709633	0.00709633	872
0.106	0.00927199	0.00927199	0.00927199	0.00927199	939
0.107	0.00698556	0.00698556	0.00698556	0.00698556	914
0.108	0.00571006	0.00571006	0.00571006	0.00571006	934
0.109	0.00711992	0.00711992	0.00711992	0.00711992	954
0.11	0.00764691	0.00764691	0.00764691	0.00764691	921
0.111	0.0079005	0.0079005	0.0079005	0.0079005	1009
0.112	0.00628421	0.00628421	0.00628421	0.00628421	950
0.113	0.00578737	0.00578737	0.00578737	0.00578737	982
0.114	0.00651023	0.00651023	0.00651023	0.00651023	958
0.115	0.0065761	0.0065761	0.0065761	0.0065761	929
0.116	0.00593699	0.00593699	0.00593699	0.00593699	857
0.117	0.00605957	0.00605957	0.00605957	0.00605957	940
0.118	0.0057112	0.0057112	0.0057112	0.0057112	964
0.119	0.00619701	0.00619701	0.00619701	0.00619701	936
0.12	0.00534859	0.00534859	0.00534859	0.00534859	996
0.121	0.00598381	0.00598381	0.00598381	0.00598381	914
0.122	0.005704	0.005704	0.005704	0.005704	900
0.123	0.00606928	0.00606928	0.00606928	0.00606928	918
0.124	0.00724915	0.00724915	0.00724915	0.00724915	944
0.125	0.00530949	0.00530949	0.00530949	0.00530949	990
0.126	0.00552964	0.00552964	0.00552964	0.00552964	938
0.127	0.00598966	0.00598966	0.00598966	0.00598966	928
0.128	0.00592052	0.00592052	0.00592052	0.00592052	921
0.129	0.00443017	0.00443017	0.00443017	0.00443017	968
0.13	0.00547128	0.00547128	0.00547128	0.00547128	954
0.131	0.00641504	0.00641504	0.00641504	0.00641504	984
0.132	0.00545935	0.00545935	0.00545935	0.00545935	930
0.133	0.00608163	0.00608163	0.00608163	0.00608163	980
0.134	0.00524565	0.00524565	0.00524565	0.00524565	955
0.135	0.00578193	0.00578193	0.00578193	0.00578193	974
0.136	0.00404046	0.00404046	0.00404046	0.00404046	959
0.137	0.00379616	0.00379616	0.00379616	0.00379616	938
0.138	0.00411802	0.00411802	0.00411802	0.00411802	949
0.139	0.00368866	0.00368866	0.00368866	0.00368866	988
0.14	0.00405976	0.00405976	0.00405976	0.00405976	984
0.141	0.00258669	0.00258669	0.00258669	0.00258669	1007
0.142	0.00391134	0.00391134	0.00391134	0.00391134	979
0.143	0.00431308	0.00431308	0.00431308	0.00431308	971
0.144	0.00411375	0.00411375	0.00411375	0.00411375	953
0.145	0.00379939	0.00379939	0.00379939	0.00379939	989
0.146	0.00381241	0.00381241	0.00381241	0.00381241	951
0.147	0.00393029	0.00393029	0.00393029	0.00393029	941
0.148	0.00360819	0.00360819	0.00360819	0.00360819	977
0.149	0.00244064	0.00244064	0.00244064	0.00244064	935
0.15	0.00286486	0.00286486	0.00286486	0.00286486	1036
0.151	0.0024075	0.0024075	0.0024075	0.0024075	960
0.152	0.00253508	0.00253508	0.00253508	0.00253508	992
0.153	0.00243647	0.00243647	0.00243647	0.00243647	998
0.154	0.00261526	0.00261526	0.00261526	0.00261526	1009
0.155	0.00219689	0.00219689	0.00219689	0.00219689	900
0.156	0.00234383	0.00234383	0.00234383	0.00234383	940
0.157	0.0028255	0.0028255	0.0028255	0.0028255	957
0.158	0.00276229	0.00276229	0.00276229	0.00276229	997
0.159	0.00392581	0.00392581	0.00392581	0.00392581	922
0.16	0.00284672	0.00284672	0.00284672	0.00284672	916
0.161	0.00342838	0.00342838	0.00342838	0.00342838	888
0.162	0.00278292	0.00278292	0.00278292	0.00278292	937
0.163	0.00305955	0.00305955	0.00305955	0.00305955	937
0.164	0.00180063	0.00180063	0.00180063	0.00180063	951
0.165	0.00144632	0.00144632	0.00144632	0.00144632	950
0.166	0.00290834	0.00290834	0.00290834	0.00290834	875
0.167	0.00270683	0.00270683	0.00270683	0.00270683	893
0.168	0.00326345	0.00326345	0.00326345	0.00326345	933
0.169	0.00291657	0.00291657	0.00291657	0.00291657	899
0.17	0.0029525	0.0029525	0.0029525	0.0029525	939
0.171	0.00304662	0.00304662	0.00304662	0.00304662	918
0.172	0.0020313	0.0020313	0.0020313	0.0020313	933
0.173	0.00303804	0.00303804	0.00303804	0.00303804	899
0.174	0.00200044	0.00200044	0.00200044	0.00200044	901
0.175	0.0015943	0.0015943	0.0015943	0.0015943	913
0.176	0.00148386	0.00148386	0.00148386	0.00148386	892
0.177	0.00261749	0.00261749	0.00261749	0.00261749	892
0.178	0.00250372	0.00250372	0.00250372	0.00250372	941
0.179	0.000790888	0.000790888	0.000790888	0.000790888	878
0.18	0.00139591	0.00139591	0.00139591	0.00139591	880
0.181	0.00258525	0.00258525	0.00258525	0.00258525	963
0.182	0.00253333	0.00253333	0.00253333	0.00253333	945
0.183	0.00145481	0.00145481	0.00145481	0.00145481	956
0.184	0.00197184	0.00197184	0.00197184	0.00197184	966
0.185	0.00174036	0.00174036	0.00174036	0.00174036	949
0.186	0.00265378	0.00265378	0.00265378	0.00265378	952
0.187	0.00161382	0.00161382	0.00161382	0.00161382	984
0.188	0.00285695	0.00285695	0.00285695	0.00285695	892
0.189	0.00290807	0.00290807	0.00290807	0.00290807	892
0.19	0.00259458	0.00259458	0.00259458	0.00259458	923
0.191	0.00200262	0.00200262	0.00200262	0.00200262	915
0.192	0.00246221	0.00246221	0.00246221	0.00246221	958
0.193	0.00215565	0.00215565	0.00215565	0.00215565	902
0.194	0.00203113	0.00203113	0.00203113	0.00203113	951
0.195	0.00244731	0.00244731	0.00244731	0.00244731	947
0.196	0.00188425	0.00188425	0.00188425	0.00188425	978
0.197	0.00144531	0.00144531	0.00144531	0.00144531	949
0.198	0.0016004	0.0016004	0.0016004	0.0016004	988
0.199	0.00117854	0.00117854	0.00117854	0.00117854	932
0.2	0.00308008	0.00308008	0.00308008	0.00308008	944
0.201	0.0014424	0.0014424	0.0014424	0.0014424	901
0.202	0.00244682	0.00244682	0.00244682	0.00244682	897
0.203	0.00169463	0.00169463	0.00169463	0.00169463	968
0.204	0.00212606	0.00212606	0.00212606	0.00212606	917
0.205	0.0022	0.0022	0.0022	0.0022	900
0.206	0.00239093	0.00239093	0.00239093	0.00239093	926
0.207	0.00293425	0.00293425	0.00293425	0.00293425	870
0.208	0.00217969	0.00217969	0.00217969	0.00217969	906
0.209	0.00164462	0.00164462	0.00164462	0.00164462	986
0.21	0.00170022	0.00170022	0.00170022	0.00170022	890
0.211	0.00129193	0.00129193	0.00129193	0.00129193	905
0.212	0.000851502	0.000851502	0.000851502	0.000851502	932
0.213	0.00119055	0.00119055	0.00119055	0.00119055	974
0.214	0.00195758	0.00195758	0.00195758	0.00195758	877
0.215	0.00269946	0.00269946	0.00269946	0.00269946	919
0.216	0.00149978	0.00149978	0.00149978	0.00149978	910
0.217	0.000420559	0.000420559	0.000420559	0.000420559	895
0.218	0.00070131	0.00070131	0.00070131	0.00070131	916
0.219	0.00138658	0.00138658	0.00138658	0.00138658	879
0.22	0.0021867	0.0021867	0.0021867	0.0021867	872
0.221	0.00184891	0.00184891	0.00184891	0.00184891	916
0.222	0.00216735	0.00216735	0.00216735	0.00216735	882
0.223	0.0024207	0.0024207	0.0024207	0.0024207	908
0.224	0.000920216	0.000920216	0.000920216	0.000920216	925
0.225	0.00162876	0.00162876	0.00162876	0.00162876	904
0.226	0.00117011	0.00117011	0.00117011	0.00117011	910
0.227	0.000955457	0.000955457	0.000955457	0.000955457	898
0.228	0.000863436	0.000863436	0.000863436	0.000863436	908
0.229	0.000382427	0.000382427	0.000382427	0.000382427	956
0.23	0.000917881	0.000917881	0.000917881	0.000917881	906
0.231	0.00113482	0.00113482	0.00113482	0.00113482	939
0.232	0.0012861	0.0012861	0.0012861	0.0012861	813
0.233	0.00157016	0.00157016	0.00157016	0.00157016	965
0.234	0.000743508	0.000743508	0.000743508	0.000743508	878
0.235	0.000811163	0.000811163	0.000811163	0.000811163	860
0.236	0.00126147	0.00126147	0.00126147	0.00126147	859
0.237	0.00172944	0.00172944	0.00172944	0.00172944	924
0.238	0.000483237	0.000483237	0.000483237	0.000483237	865
0.239	2.90993e-05	2.90993e-05	2.90993e-05	2.90993e-05	866
0.24	0.00156462	0.00156462	0.00156462	0.00156462	927
0.241	0.000203676	0.000203676	0.000203676	0.000203676	925
0.242	0.000413502	0.000413502	0.000413502	0.000413502	948
0.243	0.00117215	0.00117215	0.00117215	0.00117215	905
0.244	0.000214756	0.000214756	0.000214756	0.000214756	881
0.245	-3.60209e-05	-3.60209e-05	-3.60209e-05	-3.60209e-05	955
0.246	0.000732971	0.000732971	0.000732971	0.000732971	919
0.247	0.000267241	0.000267241	0.000267241	0.000267241	928
0.248	0.00074324	0.00074324	0.00074324	0.00074324	895
0.249	7.15486e-05	7.15486e-05	7.15486e-05	7.15486e-05	833
0.25	0.000544099	0.000544099	0.000544099	0.000544099	966
0.251	-0.000484299	-0.000484299	-0.000484299	-0.000484299	949
0.252	0.000419824	0.000419824	0.000419824	0.000419824	908
0.253	0.000746512	0.000746512	0.000746512	0.000746512	860
0.254	0.000254762	0.000254762	0.000254762	0.000254762	840
0.255	0.000432852	0.000432852	0.000432852	0.000432852	901
0.256	0.000522543	0.000522543	0.000522543	0.000522543	865
0.257	0.000503597	0.000503597	0.000503597	0.000503597	834
0.258	0.000440517	0.000440517	0.000440517	0.000440517	928
0.259	-0.0001209	-0.0001209	-0.0001209	-0.0001209	933
0.26	0.000786611	0.000786611	0.000786611	0.000786611	956
0.261	0.00120952	0.00120952	0.00120952	0.00120952	924
0.262	9.15767e-05	9.15767e-05	9.15767e-05	9.15767e-05	926
0.263	0.000155603	0.000155603	0.000155603	0.000155603	928
0.264	0.00108457	0.00108457	0.00108457	0.00108457	901
0.265	0.00125756	0.00125756	0.00125756	0.00125756	959
0.266	-0.000177827	-0.000177827	-0.000177827	-0.000177827	911
0.267	0.000348458	0.000348458	0.000348458	0.000348458	908
0.268	-0.000192793	-0.000192793	-0.000192793	-0.000192793	888
0.269	0.000157705	0.000157705	0.000157705	0.000157705	941
0.27	-0.000590086	-0.000590086	-0.000590086	-0.000590086	928
0.271	-0.00109591	-0.00109591	-0.00109591	-0.00109591	953
0.272	-0.000499783	-0.000499783	-0.000499783	-0.000499783	922
0.273	0.00042427	0.00042427	0.00042427	0.00042427	890
0.274	-0.000692125	-0.000692125	-0.000692125	-0.000692125	927
0.275	-0.000253821	-0.000253821	-0.000253821	-0.000253821	903
0.276	-0.000157428	-0.000157428	-0.000157428	-0.000157428	902
0.277	-0.000416908	-0.000416908	-0.000416908	-0.000416908	899
0.278	-6.13139e-05	-6.13139e-05	-6.13139e-05	-6.13139e-05	959
0.279	-0.000115472	-0.000115472	-0.000115472	-0.000115472	963
0.28	-7.83898e-05	-7.83898e-05	-7.83898e-05	-7.83898e-05	944
0.281	-0.000496185	-0.000496185	-0.000496185	-0.000496185	865
0.282	0.000454486	0.000454486	0.000454486	0.000454486	925
0.283	-0.000374429	-0.000374429	-0.000374429	-0.000374429	876
0.284	-0.000117914	-0.000117914	-0.000117914	-0.000117914	882
0.285	-4.65116e-05	-4.65116e-05	-4.65116e-05	-4.65116e-05	903
0.286	8.0904e-05	8.0904e-05	8.0904e-05	8.0904e-05	885
0.287	0.000830351	0.000830351	0.000830351	0.000830351	883
0.288	0.000580603	0.000580603	0.000580603	0.000580603	928
0.289	-0.000239816	-0.000239816	-0.000239816	-0.000239816	869
0.29	0.000717923	0.000717923	0.000717923	0.000717923	809
0.291	0.00118296	0.00118296	0.00118296	0.00118296	892
0.292	9.63753e-05	9.63753e-05	9.63753e-05	9.63753e-05	938
0.293	-0.000502283	-0.000502283	-0.000502283	-0.000502283	876
0.294	-0.000470121	-0.000470121	-0.000470121	-0.000470121	907
0.295	-0.000505576	-0.000505576	-0.000505576	-0.000505576	807
0.296	-0.000496796	-0.000496796	-0.000496796	-0.000496796	905
0.297	-9.23788e-07	-9.23788e-07	-9.23788e-07	-9.23788e-07	866
0.298	0.000245266	0.000245266	0.000245266	0.000245266	866
0.299	-0.00041883	-0.00041883	-0.00041883	-0.00041883	786
0.3	0.00017171	0.00017171	0.00017171	0.00017171	813
0.301	0.000581097	0.000581097	0.000581097	0.000581097	857
0.302	-0.000376322	-0.000376322	-0.000376322	-0.000376322	794
0.303	0.000206726	0.000206726	0.000206726	0.000206726	892
0.304	0.00035576	0.00035576	0.00035576	0.00035576	868
0.305	0.000596178	0.000596178	0.000596178	0.000596178	942
0.306	-0.000376581	-0.000376581	-0.000376581	-0.000376581	854
0.307	0.00118178	0.00118178	0.00118178	0.00118178	878
0.308	2.85036e-06	2.85036e-06	2.85036e-06	2.85036e-06	842
0.309	-0.000696045	-0.000696045	-0.000696045	-0.000696045	885
0.31	-8.97354e-05	-8.97354e-05	-8.97354e-05	-8.97354e-05	945
0.311	0.000237765	0.000237765	0.000237765	0.000237765	895
0.312	-8.29324e-05	-8.29324e-05	-8.29324e-05	-8.29324e-05	873
0.313	0.000197183	0.000197183	0.000197183	0.000197183	852
0.314	0.000736911	0.000736911	0.000736911	0.000736911	913
0.315	0.00102165	0.00102165	0.00102165	0.00102165	859
0.316	4.57143e-07	4.57143e-07	4.57143e-07	4.57143e-07	875
0.317	0.000394902	0.000394902	0.000394902	0.000394902	863
0.318	0.000108257	0.000108257	0.000108257	0.000108257	872
0.319	0.000115294	0.000115294	0.000115294	0.000115294	850
0.32	0.000359954	0.000359954	0.000359954	0.000359954	879
0.321	0.000852908	0.000852908	0.000852908	0.000852908	877
0.322	-0.000140043	-0.000140043	-0.000140043	-0.000140043	934
0.323	0.000114347	0.000114347	0.000114347	0.000114347	934
0.324	0.000559551	0.000559551	0.000559551	0.000559551	890
0.325	-0.000149372	-0.000149372	-0.000149372	-0.000149372	956
0.326	0.000790497	0.000790497	0.000790497	0.000790497	926
0.327	0.00027385	0.00027385	0.00027385	0.00027385	891
0.328	0.000627273	0.000627273	0.000627273	0.000627273	924
0.329	0.000692211	0.000692211	0.000692211	0.000692211	950
0.33	0.000535841	0.000535841	0.000535841	0.000535841	957
0.331	-0.000176561	-0.000176561	-0.000176561	-0.000176561	913
0.332	7.18487e-05	7.18487e-05	7.18487e-05	7.18487e-05	952
0.333	-0.000886475	-0.000886475	-0.000886475	-0.000886475	976
0.334	4.62332e-05	4.62332e-05	4.62332e-05	4.62332e-05	969
0.335	-0.000359956	-0.000359956	-0.000359956	-0.000359956	899
0.336	0.000528798	0.000528798	0.000528798	0.000528798	882
0.337	-0.000209692	-0.000209692	-0.000209692	-0.000209692	908
0.338	0.00014534	0.00014534	0.00014534	0.00014534	955
0.339	0.00100196	0.00100196	0.00100196	0.00100196	919
0.34	-4.51397e-05	-4.51397e-05	-4.51397e-05	-4.51397e-05	895
0.341	-9.47126e-05	-9.47126e-05	-9.47126e-05	-9.47126e-05	870
0.342	-2.66974e-05	-2.66974e-05	-2.66974e-05	-2.66974e-05	869
0.343	0.000262648	0.000262648	0.000262648	0.000262648	929
0.344	0.000880092	0.000880092	0.000880092	0.000880092	874
0.345	0.000887678	0.000887678	0.000887678	0.000887678	844
0.346	0.00123007	0.00123007	0.00123007	0.00123007	838
0.347	0.000256751	0.000256751	0.000256751	0.000256751	874
0.348	0.000103392	0.000103392	0.000103392	0.000103392	855
0.349	0.00102275	0.00102275	0.00102275	0.00102275	844
0.35	0.000589749	0.000589749	0.000589749	0.000589749	917
0.351	0.000724385	0.000724385	0.000724385	0.000724385	894
0.352	0.00111495	0.00111495	0.00111495	0.00111495	903
0.353	0.000105333	0.000105333	0.000105333	0.000105333	900
0.354	-0.000449224	-0.000449224	-0.000449224	-0.000449224	902
0.355	-0.000206881	-0.000206881	-0.000206881	-0.000206881	872
0.356	-0.000386147	-0.000386147	-0.000386147	-0.000386147	924
0.357	-3.65615e-05	-3.65615e-05	-3.65615e-05	-3.65615e-05	919
0.358	0.000282553	0.000282553	0.000282553	0.000282553	940
0.359	0.000144651	0.000144651	0.000144651	0.000144651	860
0.36	-0.000230901	-0.000230901	-0.000230901	-0.000230901	932
0.361	-0.00027541	-0.00027541	-0.00027541	-0.00027541	854
0.362	-0.000194413	-0.000194413	-0.000194413	-0.000194413	895
0.363	-0.000409241	-0.000409241	-0.000409241	-0.000409241	909
0.364	0.000513675	0.000513675	0.000513675	0.000513675	936
0.365	-5.60834e-05	-5.60834e-05	-5.60834e-05	-5.60834e-05	863
0.366	0.000138427	0.000138427	0.000138427	0.000138427	890
0.367	-9.00452e-05	-9.00452e-05	-9.00452e-05	-9.00452e-05	884
0.368	0.000382547	0.000382547	0.000382547	0.000382547	848
0.369	0.000373561	0.000373561	0.000373561	0.000373561	938
0.37	0.000383354	0.000383354	0.000383354	0.000383354	817
0.371	0.000481139	0.000481139	0.000481139	0.000481139	843
0.372	0.000696211	0.000696211	0.000696211	0.000696211	871
0.373	-2.0394e-05	-2.0394e-05	-2.0394e-05	-2.0394e-05	863
0.374	-0.000227679	-0.000227679	-0.000227679	-0.000227679	896
0.375	0.000300224	0.000300224	0.000300224	0.000300224	894
0.376	-0.000407463	-0.000407463	-0.000407463	-0.000407463	804
0.377	0.000478144	0.000478144	0.000478144	0.000478144	819
0.378	0.00013859	0.00013859	0.00013859	0.00013859	837
0.379	-0.000112758	-0.000112758	-0.000112758	-0.000112758	823
0.38	0.000227527	0.000227527	0.000227527	0.000227527	821
0.381	0.000234416	0.000234416	0.000234416	0.000234416	831
0.382	0.00127269	0.00127269	0.00127269	0.00127269	864
0.383	0.000158659	0.000158659	0.000158659	0.000158659	895
0.384	-4.27136e-05	-4.27136e-05	-4.27136e-05	-4.27136e-05	796
0.385	-8.14735e-05	-8.14735e-05	-8.14735e-05	-8.14735e-05	923
0.386	-5.36131e-05	-5.36131e-05	-5.36131e-05	-5.36131e-05	858
0.387	0.00119631	0.00119631	0.00119631	0.00119631	868
0.388	3.08046e-05	3.08046e-05	3.08046e-05	3.08046e-05	870
0.389	-1.13379e-05	-1.13379e-05	-1.13379e-05	-1.13379e-05	882
0.39	4.55581e-06	4.55581e-06	4.55581e-06	4.55581e-06	878
0.391	0.000844337	0.000844337	0.000844337	0.000844337	830
0.392	0.000371922	0.000371922	0.000371922	0.000371922	869
0.393	0.000237559	0.000237559	0.000237559	0.000237559	852
0.394	-0.000213333	-0.000213333	-0.000213333	-0.000213333	825
0.395	0.000269852	0.000269852	0.000269852	0.000269852	879
0.396	0.000231043	0.000231043	0.000231043	0.000231043	786
0.397	0.00135729	0.00135729	0.00135729	0.00135729	857
0.398	0.000733417	0.000733417	0.000733417	0.000733417	793
0.399	-0.000285993	-0.000285993	-0.000285993	-0.000285993	821
0.4	0.00101774	0.00101774	0.00101774	0.00101774	823
0.401	-9.1442e-05	-9.1442e-05	-9.1442e-05	-9.1442e-05	853
0.402	5.78313e-05	5.78313e-05	5.78313e-05	5.78313e-05	830
0.403	0.000608737	0.000608737	0.000608737	0.000608737	847
0.404	0.000893317	0.000893317	0.000893317	0.000893317	823
0.405	0.000469785	0.000469785	0.000469785	0.000469785	791
0.406	-0.00027549	-0.00027549	-0.00027549	-0.00027549	816
0.407	0.000476852	0.000476852	0.000476852	0.000476852	864
0.408	-0.000625497	-0.000625497	-0.000625497	-0.000625497	855
0.409	-4.68547e-05	-4.68547e-05	-4.68547e-05	-4.68547e-05	922
0.41	0.000398042	0.000398042	0.000398042	0.000398042	817
0.411	0.000577215	0.000577215	0.000577215	0.000577215	869
0.412	0.000510079	0.000510079	0.000510079	0.000510079	883
0.413	0.000283491	0.000283491	0.000283491	0.000283491	848
0.414	0.000104182	0.000104182	0.000104182	0.000104182	837
0.415	0.000771106	0.000771106	0.000771106	0.000771106	886
0.416	-0.000170698	-0.000170698	-0.000170698	-0.000170698	860
0.417	0.000292273	0.000292273	0.000292273	0.000292273	880
0.418	-8.54415e-05	-8.54415e-05	-8.54415e-05	-8.54415e-05	838
0.419	0.000191201	0.000191201	0.000191201	0.000191201	841
0.42	0.00104585	0.00104585	0.00104585	0.00104585	807
0.421	0.000899107	0.000899107	0.000899107	0.000899107	896
0.422	9.00599e-05	9.00599e-05	9.00599e-05	9.00599e-05	835
0.423	0.000346698	0.000346698	0.000346698	0.000346698	848
0.424	0.00097227	0.00097227	0.00097227	0.00097227	815
0.425	0.000723385	0.000723385	0.000723385	0.000723385	898
0.426	0.000307692	0.000307692	0.000307692	0.000307692	884
0.427	-0.000170588	-0.000170588	-0.000170588	-0.000170588	816
0.428	-4.34978e-05	-4.34978e-05	-4.34978e-05	-4.34978e-05	892
0.429	-0.000458661	-0.000458661	-0.000458661	-0.000458661	866
0.43	7.02703e-05	7.02703e-05	7.02703e-05	7.02703e-05	888
0.431	0.00022072	0.00022072	0.00022072	0.00022072	917
0.432	-0.000251429	-0.000251429	-0.000251429	-0.000251429	945
0.433	0.000246045	0.000246045	0.000246045	0.000246045	847
0.434	0.000336432	0.000336432	0.000336432	0.000336432	925
0.435	4.83763e-05	4.83763e-05	4.83763e-05	4.83763e-05	893
0.436	0.000106019	0.000106019	0.000106019	0.000106019	864
0.437	0.00100522	0.00100522	0.00100522	0.00100522	920
0.438	-0.000239912	-0.000239912	-0.000239912	-0.000239912	912
0.439	0.000371134	0.000371134	0.000371134	0.000371134	873
0.44	-0.000392899	-0.000392899	-0.000392899	-0.000392899	845
0.441	-4.3956e-07	-4.3956e-07	-4.3956e-07	-4.3956e-07	910
0.442	-5.80858e-05	-5.80858e-05	-5.80858e-05	-5.80858e-05	909
0.443	-0.000736453	-0.000736453	-0.000736453	-0.000736453	919
0.444	0.000166814	0.000166814	0.000166814	0.000166814	904
0.445	0.00011804	0.00011804	0.00011804	0.00011804	898
0.446	0.000501758	0.000501758	0.000501758	0.000501758	853
0.447	-0.00069213	-0.00069213	-0.00069213	-0.00069213	864
0.448	-0.000139908	-0.000139908	-0.000139908	-0.000139908	872
0.449	0.000166778	0.000166778	0.000166778	0.000166778	897
0.45	-0.000318784	-0.000318784	-0.000318784	-0.000318784	921
0.451	-0.000367347	-0.000367347	-0.000367347	-0.000367347	882
0.452	0.000573893	0.000573893	0.000573893	0.000573893	858
0.453	0.000293868	0.000293868	0.000293868	0.000293868	848
0.454	0.000482327	0.000482327	0.000482327	0.000482327	894
0.455	0.000232911	0.000232911	0.000232911	0.000232911	869
0.456	-0.000159818	-0.000159818	-0.000159818	-0.000159818	881
0.457	-0.000138089	-0.000138089	-0.000138089	-0.000138089	785
0.458	-0.000109448	-0.000109448	-0.000109448	-0.000109448	815
0.459	0.000810431	0.000810431	0.000810431	0.000810431	882
0.46	0.000361104	0.000361104	0.000361104	0.000361104	833
0.461	3.51197e-05	3.51197e-05	3.51197e-05	3.51197e-05	877
0.462	-0.000234398	-0.000234398	-0.000234398	-0.000234398	814
0.463	0.000365057	0.000365057	0.000365057	0.000365057	870
0.464	0.000670895	0.000670895	0.000670895	0.000670895	883
0.465	-0.00014235	-0.00014235	-0.00014235	-0.00014235	902
0.466	0.000711888	0.000711888	0.000711888	0.000711888	858
0.467	0.000431884	0.000431884	0.000431884	0.000431884	828
0.468	-0.000231527	-0.000231527	-0.000231527	-0.000231527	812
0.469	-0.000160373	-0.000160373	-0.000160373	-0.000160373	858
0.47	-7.8941e-05	-7.8941e-05	-7.8941e-05	-7.8941e-05	831
0.471	-0.000502358	-0.000502358	-0.000502358	-0.000502358	848
0.472	1.74941e-05	1.74941e-05	1.74941e-05	1.74941e-05	846
0.473	0.000441589	0.000441589	0.000441589	0.000441589	856
0.474	0.000210778	0.000210778	0.000210778	0.000210778	835
0.475	0.000748897	0.000748897	0.000748897	0.000748897	861
0.476	0.00106963	0.00106963	0.00106963	0.00106963	899
0.477	1.65957e-05	1.65957e-05	1.65957e-05	1.65957e-05	940
0.478	0.000811062	0.000811062	0.000811062	0.000811062	904
0.479	0.00167297	0.00167297	0.00167297	0.00167297	899
0.48	0.00106226	0.00106226	0.00106226	0.00106226	848
0.481	0.000590156	0.000590156	0.000590156	0.000590156	833
0.482	0.00033912	0.00033912	0.00033912	0.00033912	841
0.483	0.000869078	0.000869078	0.000869078	0.000869078	857
0.484	0.000886082	0.000886082	0.000886082	0.000886082	855
0.485	0.000231603	0.000231603	0.000231603	0.000231603	867
0.486	0.00118768	0.00118768	0.00118768	0.00118768	844
0.487	0.00116039	0.00116039	0.00116039	0.00116039	818
0.488	0.00106854	0.00106854	0.00106854	0.00106854	855
0.489	0.00137102	0.00137102	0.00137102	0.00137102	849
0.49	0.000606542	0.000606542	0.000606542	0.000606542	856
0.491	0.000180427	0.000180427	0.000180427	0.000180427	889
0.492	0.000873085	0.000873085	0.000873085	0.000873085	914
0.493	0.000916569	0.000916569	0.000916569	0.000916569	851
0.494	-4.4389e-05	-4.4389e-05	-4.4389e-05	-4.4389e-05	802
0.495	0.000422857	0.000422857	0.000422857	0.000422857	840
0.496	0.000460481	0.000460481	0.000460481	0.000460481	873
0.497	0.000559698	0.000559698	0.000559698	0.000559698	794
0.498	0.000706173	0.000706173	0.000706173	0.000706173	810
0.499	0.00102535	0.00102535	0.00102535	0.00102535	781
0.5	0.0001829	0.0001829	0.0001829	0.0001829	807
0.501	5.20908e-05	5.20908e-05	5.20908e-05	5.20908e-05	837
0.502	0.000760671	0.000760671	0.000760671	0.000760671	834
0.503	-0.000392444	-0.000392444	-0.000392444	-0.000392444	847
0.504	0.000590821	0.000590821	0.000590821	0.000590821	828
0.505	-0.00071267	-0.00071267	-0.00071267	-0.00071267	884
0.506	-0.000449335	-0.000449335	-0.000449335	-0.000449335	827
0.507	0.000673249	0.000673249	0.000673249	0.000673249	871
0.508	-0.000251256	-0.000251256	-0.000251256	-0.000251256	796
0.509	-0.000686158	-0.000686158	-0.000686158	-0.000686158	773
0.51	0.000570235	0.000570235	0.000570235	0.000570235	766
0.511	0.000488471	0.000488471	0.000488471	0.000488471	850
0.512	0.00028908	0.00028908	0.00028908	0.00028908	815
0.513	0.000220671	0.000220671	0.000220671	0.000220671	745
0.514	0.000557746	0.000557746	0.000557746	0.000557746	852
0.515	0.000161371	0.000161371	0.000161371	0.000161371	875
0.516	0.000154172	0.000154172	0.000154172	0.000154172	851
0.517	0.000733091	0.000733091	0.000733091	0.000733091	825
0.518	-5.66586e-05	-5.66586e-05	-5.66586e-05	-5.66586e-05	826
0.519	0.000299633	0.000299633	0.000299633	0.000299633	817
0.52	0.000701141	0.000701141	0.000701141	0.000701141	789
0.521	0.000142929	0.000142929	0.000142929	0.000142929	792
0.522	0.00141948	0.00141948	0.00141948	0.00141948	811
0.523	0.00115246	0.00115246	0.00115246	0.00115246	833
0.524	0.00072112	0.00072112	0.00072112	0.00072112	786
0.525	0.00213054	0.00213054	0.00213054	0.00213054	858
0.526	0.00133045	0.00133045	0.00133045	0.00133045	785
0.527	0.00131472	0.00131472	0.00131472	0.00131472	781
0.528	-1.47059e-06	-1.47059e-06	-1.47059e-06	-1.47059e-06	816
0.529	0.00015466	0.00015466	0.00015466	0.00015466	794
0.53	0.00061461	0.00061461	0.00061461	0.00061461	794
0.531	0.000172127	0.000172127	0.000172127	0.000172127	818
0.532	0.000265132	0.000265132	0.000265132	0.000265132	869
0.533	0.00035179	0.00035179	0.00035179	0.00035179	838
0.534	0.000343307	0.000343307	0.000343307	0.000343307	889
0.535	0.00046326	0.00046326	0.00046326	0.00046326	822
0.536	0.0013368	0.0013368	0.0013368	0.0013368	924
0.537	0.00102772	0.00102772	0.00102772	0.00102772	873
0.538	0.00026333	0.00026333	0.00026333	0.00026333	919
0.539	0.000134978	0.000134978	0.000134978	0.000134978	892
0.54	-0.000409888	-0.000409888	-0.000409888	-0.000409888	890
0.541	0.000427391	0.000427391	0.000427391	0.000427391	920
0.542	0.000788634	0.000788634	0.000788634	0.000788634	915
0.543	0.000712621	0.000712621	0.000712621	0.000712621	824
0.544	0.000239136	0.000239136	0.000239136	0.000239136	833
0.545	0.000146939	0.000146939	0.000146939	0.000146939	882
0.546	-0.000237	-0.000237	-0.000237	-0.000237	800
0.547	0.000191713	0.000191713	0.000191713	0.000191713	893
0.548	0.000362385	0.000362385	0.000362385	0.000362385	872
0.549	0.00107986	0.00107986	0.00107986	0.00107986	849
0.55	0.000196243	0.000196243	0.000196243	0.000196243	905
0.551	0.000495642	0.000495642	0.000495642	0.000495642	849
0.552	0.000286044	0.000286044	0.000286044	0.000286044	867
0.553	0.000901891	0.000901891	0.000901891	0.000901891	899
0.554	0.000808126	0.000808126	0.000808126	0.000808126	886
0.555	0.00198013	0.00198013	0.00198013	0.00198013	906
0.556	0.000471141	0.000471141	0.000471141	0.000471141	894
0.557	0.00143186	0.00143186	0.00143186	0.00143186	816
0.558	0.000934837	0.000934837	0.000934837	0.000934837	887
0.559	0.000832018	0.000832018	0.000832018	0.000832018	887
0.56	0.00143989	0.00143989	0.00143989	0.00143989	757
0.561	0.00132798	0.00132798	0.00132798	0.00132798	772
0.562	0.0013399	0.0013399	0.0013399	0.0013399	772
0.563	0.000549495	0.000549495	0.000549495	0.000549495	792
0.564	0.000403406	0.000403406	0.000403406	0.000403406	822
0.565	0.000128059	0.000128059	0.000128059	0.000128059	809
0.566	-7.29761e-06	-7.29761e-06	-7.29761e-06	-7.29761e-06	877
0.567	0.000509448	0.000509448	0.000509448	0.000509448	815
0.568	-7.24968e-05	-7.24968e-05	-7.24968e-05	-7.24968e-05	789
0.569	0.000297471	0.000297471	0.000297471	0.000297471	870
0.57	-0.000183896	-0.000183896	-0.000183896	-0.000183896	770
0.571	0.00108924	0.00108924	0.00108924	0.00108924	762
0.572	-0.000138974	-0.000138974	-0.000138974	-0.000138974	780
0.573	-0.00032435	-0.00032435	-0.00032435	-0.00032435	846
0.574	-0.000783455	-0.000783455	-0.000783455	-0.000783455	822
0.575	-0.000517647	-0.000517647	-0.000517647	-0.000517647	782
0.576	-0.000178641	-0.000178641	-0.000178641	-0.000178641	824
0.577	-0.000402028	-0.000402028	-0.000402028	-0.000402028	789
0.578	0.00102533	0.00102533	0.00102533	0.00102533	900
0.579	0.000629913	0.000629913	0.000629913	0.000629913	809
0.58	0.00042029	0.00042029	0.00042029	0.00042029	828
0.581	-8.12352e-05	-8.12352e-05	-8.12352e-05	-8.12352e-05	842
0.582	0.000230952	0.000230952	0.000230952	0.000230952	840
0.583	-0.000372208	-0.000372208	-0.000372208	-0.000372208	806
0.584	-0.000588092	-0.000588092	-0.000588092	-0.000588092	823
0.585	-0.000293706	-0.000293706	-0.000293706	-0.000293706	858
0.586	-0.000573973	-0.000573973	-0.000573973	-0.000573973	876
0.587	-0.000847847	-0.000847847	-0.000847847	-0.000847847	836
0.588	-0.000119332	-0.000119332	-0.000119332	-0.000119332	838
0.589	-0.000536131	-0.000536131	-0.000536131	-0.000536131	858
0.59	0.000145618	0.000145618	0.000145618	0.000145618	890
0.591	-0.000191261	-0.000191261	-0.000191261	-0.000191261	801
0.592	-0.000266832	-0.000266832	-0.000266832	-0.000266832	808
0.593	-0.000470432	-0.000470432	-0.000470432	-0.000470432	903
0.594	-0.000279865	-0.000279865	-0.000279865	-0.000279865	889
0.595	0.000172936	0.000172936	0.000172936	0.000172936	872
0.596	0.000161565	0.000161565	0.000161565	0.000161565	869
0.597	5.4185e-05	5.4185e-05	5.4185e-05	5.4185e-05	908
0.598	0.000138858	0.000138858	0.000138858	0.000138858	893
0.599	-8.78271e-05	-8.78271e-05	-8.78271e-05	-8.78271e-05	879
0.6	0.000661502	0.000661502	0.000661502	0.000661502	852
0.601	0.00074828	0.00074828	0.00074828	0.00074828	843
0.602	0.00100755	0.00100755	0.00100755	0.00100755	848
0.603	0.00100702	0.00100702	0.00100702	0.00100702	798
0.604	0.000201015	0.000201015	0.000201015	0.000201015	788
0.605	0.00110824	0.00110824	0.00110824	0.00110824	837
0.606	0.00119526	0.00119526	0.00119526	0.00119526	844
0.607	0.000855914	0.000855914	0.000855914	0.000855914	837
0.608	-0.000614599	-0.000614599	-0.000614599	-0.000614599	822
0.609	-0.000134793	-0.000134793	-0.000134793	-0.000134793	822
0.61	-0.000632924	-0.000632924	-0.000632924	-0.000632924	814
0.611	0.000344573	0.000344573	0.000344573	0.000344573	866
0.612	-7.80712e-06	-7.80712e-06	-7.80712e-06	-7.80712e-06	871
0.613	-0.000383587	-0.000383587	-0.000383587	-0.000383587	853
0.614	0.000617371	0.000617371	0.000617371	0.000617371	852
0.615	-0.000972062	-0.000972062	-0.000972062	-0.000972062	902
0.616	-3.61632e-05	-3.61632e-05	-3.61632e-05	-3.61632e-05	907
0.617	-0.000581733	-0.000581733	-0.000581733	-0.000581733	854
0.618	-0.000780723	-0.000780723	-0.000780723	-0.000780723	913
0.619	-0.000240538	-0.000240538	-0.000240538	-0.000240538	893
0.62	0.000433803	0.000433803	0.000433803	0.000433803	923
0.621	1.57377e-05	1.57377e-05	1.57377e-05	1.57377e-05	915
0.622	-0.000665502	-0.000665502	-0.000665502	-0.000665502	916
0.623	-5.05543e-05	-5.05543e-05	-5.05543e-05	-5.05543e-05	902
0.624	0.000203601	0.000203601	0.000203601	0.000203601	833
0.625	0.00115442	0.00115442	0.00115442	0.00115442	825
0.626	0.000567198	0.000567198	0.000567198	0.000567198	878
0.627	0.00130324	0.00130324	0.00130324	0.00130324	802
0.628	0.000125917	0.000125917	0.000125917	0.000125917	791
0.629	0.00109207	0.00109207	0.00109207	0.00109207	845
0.63	0.00142423	0.00142423	0.00142423	0.00142423	776
0.631	0.000706909	0.000706909	0.000706909	0.000706909	825
0.632	0.000757005	0.000757005	0.000757005	0.000757005	828
0.633	0.000425154	0.000425154	0.000425154	0.000425154	811
0.634	0.000826699	0.000826699	0.000826699	0.000826699	824
0.635	0.000447768	0.000447768	0.000447768	0.000447768	829
0.636	9.00243e-05	9.00243e-05	9.00243e-05	9.00243e-05	822
0.637	-7.50572e-05	-7.50572e-05	-7.50572e-05	-7.50572e-05	874
0.638	0.000448075	0.000448075	0.000448075	0.000448075	857
0.639	0.000827232	0.000827232	0.000827232	0.000827232	896
0.64	0.000877248	0.000877248	0.000877248	0.000877248	901
0.641	1.85493e-05	1.85493e-05	1.85493e-05	1.85493e-05	841
0.642	0.00055913	0.00055913	0.00055913	0.00055913	920
0.643	0.000707389	0.000707389	0.000707389	0.000707389	812
0.644	0.000763105	0.000763105	0.000763105	0.000763105	889
0.645	0.000693722	0.000693722	0.000693722	0.000693722	892
0.646	0.000431011	0.000431011	0.000431011	0.000431011	890
0.647	-0.000546958	-0.000546958	-0.000546958	-0.000546958	871
0.648	-0.000665502	-0.000665502	-0.000665502	-0.000665502	916
0.649	-0.000454976	-0.000454976	-0.000454976	-0.000454976	844
0.65	0.000140382	0.000140382	0.000140382	0.000140382	889
0.651	0.000778673	0.000778673	0.000778673	0.000778673	844
0.652	0.000357057	0.000357057	0.000357057	0.000357057	829
0.653	0.000936709	0.000936709	0.000936709	0.000936709	869
0.654	0.000674519	0.000674519	0.000674519	0.000674519	883
0.655	0.00105508	0.00105508	0.00105508	0.00105508	817
0.656	0.000319428	0.000319428	0.000319428	0.000319428	839
0.657	0.000260432	0.000260432	0.000260432	0.000260432	834
0.658	-0.000282881	-0.000282881	-0.000282881	-0.000282881	847
0.659	1.05263e-05	1.05263e-05	1.05263e-05	1.05263e-05	798
0.66	0.00111216	0.00111216	0.00111216	0.00111216	806
0.661	0.000954982	0.000954982	0.000954982	0.000954982	813
0.662	0.0005649	0.0005649	0.0005649	0.0005649	849
0.663	0.00106445	0.00106445	0.00106445	0.00106445	844
0.664	0.000683609	0.000683609	0.000683609	0.000683609	787
0.665	-0.000462544	-0.000462544	-0.000462544	-0.000462544	857
0.666	-0.000994581	-0.000994581	-0.000994581	-0.000994581	812
0.667	-0.000370463	-0.000370463	-0.000370463	-0.000370463	799
0.668	-0.00024389	-0.00024389	-0.00024389	-0.00024389	761
0.669	-0.000707618	-0.000707618	-0.000707618	-0.000707618	827
0.67	8.90039e-05	8.90039e-05	8.90039e-05	8.90039e-05	773
0.671	0.000606721	0.000606721	0.000606721	0.000606721	863
0.672	0.000422668	0.000422668	0.000422668	0.000422668	847
0.673	-0.0008483	-0.0008483	-0.0008483	-0.0008483	853
0.674	-0.00048	-0.00048	-0.00048	-0.00048	785
0.675	-9.41447e-05	-9.41447e-05	-9.41447e-05	-9.41447e-05	871
0.676	0.00052398	0.00052398	0.00052398	0.00052398	784
0.677	0.00125114	0.00125114	0.00125114	0.00125114	837
0.678	0.000421988	0.000421988	0.000421988	0.000421988	855
0.679	0.00140341	0.00140341	0.00140341	0.00140341	881
0.68	-0.00079949	-0.00079949	-0.00079949	-0.00079949	784
0.681	0.000752078	0.000752078	0.000752078	0.000752078	818
0.682	0.000213523	0.000213523	0.000213523	0.000213523	843
0.683	0.000298627	0.000298627	0.000298627	0.000298627	801
0.684	-0.000172256	-0.000172256	-0.000172256	-0.000172256	829
0.685	0.000262529	0.000262529	0.000262529	0.000262529	870
0.686	-2.48848e-05	-2.48848e-05	-2.48848e-05	-2.48848e-05	868
0.687	0.000952955	0.000952955	0.000952955	0.000952955	829
0.688	-0.000229056	-0.000229056	-0.000229056	-0.000229056	826
0.689	3.02648e-06	3.02648e-06	3.02648e-06	3.02648e-06	793
0.69	-0.000388221	-0.000388221	-0.000388221	-0.000388221	849
0.691	-0.000373423	-0.000373423	-0.000373423	-0.000373423	888
0.692	-0.000141538	-0.000141538	-0.000141538	-0.000141538	845
0.693	0.000327317	0.000327317	0.000327317	0.000327317	820
0.694	0.000108827	0.000108827	0.000108827	0.000108827	827
0.695	0.00104762	0.00104762	0.00104762	0.00104762	840
0.696	0.000506573	0.000506573	0.000506573	0.000506573	852
0.697	0.00027037	0.00027037	0.00027037	0.00027037	756
0.698	0.000758333	0.000758333	0.000758333	0.000758333	768
0.699	0.000256496	0.000256496	0.000256496	0.000256496	839
0.7	0.000379874	0.000379874	0.000379874	0.000379874	795
0.701	-0.000256931	-0.000256931	-0.000256931	-0.000256931	808
0.702	0.000448469	0.000448469	0.000448469	0.000448469	784
0.703	-0.00038487	-0.00038487	-0.00038487	-0.00038487	846
0.704	-2.77427e-05	-2.77427e-05	-2.77427e-05	-2.77427e-05	793
0.705	0.000679036	0.000679036	0.000679036	0.000679036	830
0.706	-0.000344365	-0.000344365	-0.000344365	-0.000344365	834
0.707	-0.000531164	-0.000531164	-0.000531164	-0.000531164	799
0.708	-0.00032992	-0.00032992	-0.00032992	-0.00032992	879
0.709	-0.000743276	-0.000743276	-0.000743276	-0.000743276	818
0.71	-0.00120093	-0.00120093	-0.00120093	-0.00120093	861
0.711	-0.000977451	-0.000977451	-0.000977451	-0.000977451	816
0.712	-0.00103794	-0.00103794	-0.00103794	-0.00103794	817
0.713	-0.00153491	-0.00153491	-0.00153491	-0.00153491	848
0.714	-0.000935793	-0.000935793	-0.000935793	-0.000935793	813
0.715	-0.000631631	-0.000631631	-0.000631631	-0.000631631	803
0.716	-0.000769424	-0.000769424	-0.000769424	-0.000769424	798
0.717	-0.00132019	-0.00132019	-0.00132019	-0.00132019	852
0.718	-0.000811268	-0.000811268	-0.000811268	-0.000811268	781
0.719	-0.00127715	-0.00127715	-0.00127715	-0.00127715	871
0.72	-0.0013069	-0.0013069	-0.0013069	-0.0013069	797
0.721	-0.000626698	-0.000626698	-0.000626698	-0.000626698	854
0.722	-0.000608526	-0.000608526	-0.000608526	-0.000608526	821
0.723	-0.00097277	-0.00097277	-0.00097277	-0.00097277	852
0.724	-0.00124268	-0.00124268	-0.00124268	-0.00124268	881
0.725	-0.00125245	-0.00125245	-0.00125245	-0.00125245	816
0.726	-0.000698443	-0.000698443	-0.000698443	-0.000698443	835
0.727	-0.000628851	-0.000628851	-0.000628851	-0.000628851	818
0.728	-0.000632947	-0.000632947	-0.000632947	-0.000632947	862
0.729	-0.00088	-0.00088	-0.00088	-0.00088	845
0.73	-0.000267956	-0.000267956	-0.000267956	-0.000267956	827
0.731	-0.00019319	-0.00019319	-0.00019319	-0.00019319	793
0.732	-0.00028005	-0.00028005	-0.00028005	-0.00028005	807
0.733	0.000620428	0.000620428	0.000620428	0.000620428	842
0.734	-0.000678731	-0.000678731	-0.000678731	-0.000678731	851
0.735	-0.000934438	-0.000934438	-0.000934438	-0.000934438	845
0.736	-0.00109305	-0.00109305	-0.00109305	-0.00109305	834
0.737	-0.00063356	-0.00063356	-0.00063356	-0.00063356	882
0.738	0.000321916	0.000321916	0.000321916	0.000321916	835
0.739	-0.000873529	-0.000873529	-0.000873529	-0.000873529	816
0.74	-0.000874943	-0.000874943	-0.000874943	-0.000874943	870
0.741	-0.000472471	-0.000472471	-0.000472471	-0.000472471	850
0.742	-0.00109837	-0.00109837	-0.00109837	-0.00109837	858
0.743	-5.36285e-05	-5.36285e-05	-5.36285e-05	-5.36285e-05	813
0.744	0.000418272	0.000418272	0.000418272	0.000418272	810
0.745	-4.59397e-05	-4.59397e-05	-4.59397e-05	-4.59397e-05	862
0.746	-0.000636322	-0.000636322	-0.000636322	-0.000636322	870
0.747	-0.000777588	-0.000777588	-0.000777588	-0.000777588	821
0.748	-0.000479241	-0.000479241	-0.000479241	-0.000479241	843
0.749	-4.81526e-05	-4.81526e-05	-4.81526e-05	-4.81526e-05	839
0.75	-4.73934e-06	-4.73934e-06	-4.73934e-06	-4.73934e-06	844
0.751	-0.00026068	-0.00026068	-0.00026068	-0.00026068	824
0.752	-0.000178199	-0.000178199	-0.000178199	-0.000178199	844
0.753	-0.000445063	-0.000445063	-0.000445063	-0.000445063	790
0.754	-0.000448175	-0.000448175	-0.000448175	-0.000448175	822
0.755	0.000391273	0.000391273	0.000391273	0.000391273	825
0.756	-4.73868e-05	-4.73868e-05	-4.73868e-05	-4.73868e-05	861
0.757	-0.000649	-0.000649	-0.000649	-0.000649	800
0.758	-0.000591095	-0.000591095	-0.000591095	-0.000591095	831
0.759	-0.000243147	-0.000243147	-0.000243147	-0.000243147	839
0.76	-0.000680861	-0.000680861	-0.000680861	-0.000680861	836
0.761	-0.000505164	-0.000505164	-0.000505164	-0.000505164	852
0.762	7.4673e-05	7.4673e-05	7.4673e-05	7.4673e-05	841
0.763	0.000206914	0.000206914	0.000206914	0.000206914	781
0.764	-0.000226918	-0.000226918	-0.000226918	-0.000226918	795
0.765	-0.000321149	-0.000321149	-0.000321149	-0.000321149	766
0.766	-0.00124531	-0.00124531	-0.00124531	-0.00124531	768
0.767	-0.000403487	-0.000403487	-0.000403487	-0.000403487	803
0.768	-0.00133905	-0.00133905	-0.00133905	-0.00133905	817
0.769	-0.00133973	-0.00133973	-0.00133973	-0.00133973	750
0.77	-0.00112487	-0.00112487	-0.00112487	-0.00112487	772
0.771	0.00028392	0.00028392	0.00028392	0.00028392	796
0.772	8.78901e-05	8.78901e-05	8.78901e-05	8.78901e-05	801
0.773	-0.00041071	-0.00041071	-0.00041071	-0.00041071	747
0.774	-0.000219098	-0.000219098	-0.000219098	-0.000219098	754
0.775	-0.000663981	-0.000663981	-0.000663981	-0.000663981	844
0.776	-0.00103338	-0.00103338	-0.00103338	-0.00103338	749
0.777	-0.000528311	-0.000528311	-0.000528311	-0.000528311	823
0.778	-0.000423011	-0.000423011	-0.000423011	-0.000423011	817
0.779	-0.00081473	-0.00081473	-0.00081473	-0.00081473	869
0.78	-0.00120098	-0.00120098	-0.00120098	-0.00120098	814
0.781	-0.000246556	-0.000246556	-0.000246556	-0.000246556	842
0.782	0.000561009	0.000561009	0.000561009	0.000561009	872
0.783	-0.000311461	-0.000311461	-0.000311461	-0.000311461	890
0.784	0.000113002	0.000113002	0.000113002	0.000113002	846
0.785	-0.000199052	-0.000199052	-0.000199052	-0.000199052	844
0.786	-0.000307075	-0.000307075	-0.000307075	-0.000307075	848
0.787	-9.02439e-05	-9.02439e-05	-9.02439e-05	-9.02439e-05	820
0.788	0.000116	0.000116	0.000116	0.000116	900
0.789	-0.000426255	-0.000426255	-0.000426255	-0.000426255	777
0.79	-0.000243853	-0.000243853	-0.000243853	-0.000243853	789
0.791	-0.000511055	-0.000511055	-0.000511055	-0.000511055	796
0.792	-0.000230075	-0.000230075	-0.000230075	-0.000230075	798
0.793	-0.000206242	-0.000206242	-0.000206242	-0.000206242	801
0.794	-0.000593679	-0.000593679	-0.000593679	-0.000593679	791
0.795	-0.000219895	-0.000219895	-0.000219895	-0.000219895	764
0.796	-4.17983e-05	-4.17983e-05	-4.17983e-05	-4.17983e-05	823
0.797	-0.000142373	-0.000142373	-0.000142373	-0.000142373	826
0.798	-0.000112427	-0.000112427	-0.000112427	-0.000112427	861
0.799	-0.000595976	-0.000595976	-0.000595976	-0.000595976	845
0.8	-0.000486742	-0.000486742	-0.000486742	-0.000486742	890
0.801	-0.00014381	-0.00014381	-0.00014381	-0.00014381	840
0.802	-0.000543563	-0.000543563	-0.000543563	-0.000543563	769
0.803	0.000235122	0.000235122	0.000235122	0.000235122	820
0.804	-0.000300118	-0.000300118	-0.000300118	-0.000300118	849
0.805	0.000918009	0.000918009	0.000918009	0.000918009	844
0.806	-0.000128467	-0.000128467	-0.000128467	-0.000128467	822
0.807	-0.00020527	-0.00020527	-0.00020527	-0.00020527	797
0.808	-0.000257985	-0.000257985	-0.000257985	-0.000257985	814
0.809	0.000212981	0.000212981	0.000212981	0.000212981	832
0.81	-0.00020806	-0.00020806	-0.00020806	-0.00020806	794
0.811	0.000398107	0.000398107	0.000398107	0.000398107	845
0.812	0.000142821	0.000142821	0.000142821	0.000142821	787
0.813	-6.2963e-05	-6.2963e-05	-6.2963e-05	-6.2963e-05	756
0.814	-0.000506195	-0.000506195	-0.000506195	-0.000506195	791
0.815	-0.000272351	-0.000272351	-0.000272351	-0.000272351	774
0.816	-0.000623415	-0.000623415	-0.000623415	-0.000623415	820
0.817	-0.000769399	-0.000769399	-0.000769399	-0.000769399	732
0.818	-0.000117955	-0.000117955	-0.000117955	-0.000117955	841
0.819	-0.000101499	-0.000101499	-0.000101499	-0.000101499	867
0.82	-8.75648e-05	-8.75648e-05	-8.75648e-05	-8.75648e-05	772
0.821	-0.000154793	-0.000154793	-0.000154793	-0.000154793	845
0.822	0.000209045	0.000209045	0.000209045	0.000209045	796
0.823	0.000703432	0.000703432	0.000703432	0.000703432	874
0.824	9.87342e-05	9.87342e-05	9.87342e-05	9.87342e-05	790
0.825	-3.17912e-05	-3.17912e-05	-3.17912e-05	-3.17912e-05	843
0.826	0.00029479	0.00029479	0.00029479	0.00029479	787
0.827	9.04177e-05	9.04177e-05	9.04177e-05	9.04177e-05	814
0.828	0.000208098	0.000208098	0.000208098	0.000208098	815
0.829	-0.000128	-0.000128	-0.000128	-0.000128	900
0.83	-0.000490847	-0.000490847	-0.000490847	-0.000490847	885
0.831	-0.000755456	-0.000755456	-0.000755456	-0.000755456	889
0.832	-0.000515097	-0.000515097	-0.000515097	-0.000515097	775
0.833	-0.00147497	-0.00147497	-0.00147497	-0.00147497	787
0.834	-0.00102164	-0.00102164	-0.00102164	-0.00102164	767
0.835	-0.00122479	-0.00122479	-0.00122479	-0.00122479	823
0.836	-0.000973613	-0.000973613	-0.000973613	-0.000973613	811
0.837	-0.00181168	-0.00181168	-0.00181168	-0.00181168	839
0.838	-0.00141017	-0.00141017	-0.00141017	-0.00141017	885
0.839	-0.000440245	-0.000440245	-0.000440245	-0.000440245	815
0.84	-5.04414e-07	-5.04414e-07	-5.04414e-07	-5.04414e-07	793
0.841	-0.00095103	-0.00095103	-0.00095103	-0.00095103	874
0.842	-0.000584615	-0.000584615	-0.000584615	-0.000584615	871
0.843	-0.000291892	-0.000291892	-0.000291892	-0.000291892	814
0.844	-0.00157093	-0.00157093	-0.00157093	-0.00157093	853
0.845	-0.00132476	-0.00132476	-0.00132476	-0.00132476	840
0.846	-0.00109876	-0.00109876	-0.00109876	-0.00109876	806
0.847	-0.000776303	-0.000776303	-0.000776303	-0.000776303	844
0.848	-0.000731429	-0.000731429	-0.000731429	-0.000731429	805
0.849	-0.00113194	-0.00113194	-0.00113194	-0.00113194	864
0.85	-0.001346	-0.001346	-0.001346	-0.001346	874
0.851	-0.00161166	-0.00161166	-0.00161166	-0.00161166	858
0.852	-0.00101067	-0.00101067	-0.00101067	-0.00101067	881
0.853	-0.000413161	-0.000413161	-0.000413161	-0.000413161	851
0.854	6.52761e-05	6.52761e-05	6.52761e-05	6.52761e-05	815
0.855	-0.000872594	-0.000872594	-0.000872594	-0.000872594	821
0.856	-0.000912845	-0.000912845	-0.000912845	-0.000912845	833
0.857	-0.000800447	-0.000800447	-0.000800447	-0.000800447	895
0.858	-0.00133122	-0.00133122	-0.00133122	-0.00133122	820
0.859	-0.000408602	-0.000408602	-0.000408602	-0.000408602	837
0.86	-0.000176847	-0.000176847	-0.000176847	-0.000176847	812
0.861	-0.000462916	-0.000462916	-0.000462916	-0.000462916	782
0.862	-9.39535e-05	-9.39535e-05	-9.39535e-05	-9.39535e-05	860
0.863	1.77033e-05	1.77033e-05	1.77033e-05	1.77033e-05	836
0.864	-0.000255738	-0.000255738	-0.000255738	-0.000255738	793
0.865	-0.000442331	-0.000442331	-0.000442331	-0.000442331	841
0.866	0.000546535	0.000546535	0.000546535	0.000546535	808
0.867	0.000504156	0.000504156	0.000504156	0.000504156	818
0.868	0.000564892	0.000564892	0.000564892	0.000564892	883
0.869	0.000326718	0.000326718	0.000326718	0.000326718	786
0.87	1.47795e-05	1.47795e-05	1.47795e-05	1.47795e-05	839
0.871	0.000433882	0.000433882	0.000433882	0.000433882	850
0.872	-2.16898e-05	-2.16898e-05	-2.16898e-05	-2.16898e-05	793
0.873	-0.000655646	-0.000655646	-0.000655646	-0.000655646	859
0.874	-5.18692e-05	-5.18692e-05	-5.18692e-05	-5.18692e-05	856
0.875	-0.000654879	-0.000654879	-0.000654879	-0.000654879	871
0.876	0.000216981	0.000216981	0.000216981	0.000216981	848
0.877	-0.000762222	-0.000762222	-0.000762222	-0.000762222	900
0.878	-0.000951945	-0.000951945	-0.000951945	-0.000951945	874
0.879	-0.00131095	-0.00131095	-0.00131095	-0.00131095	840
0.88	-0.00154855	-0.00154855	-0.00154855	-0.00154855	863
0.881	-0.00141171	-0.00141171	-0.00141171	-0.00141171	854
0.882	-0.00118149	-0.00118149	-0.00118149	-0.00118149	821
0.883	-0.00161496	-0.00161496	-0.00161496	-0.00161496	802
0.884	-0.000574939	-0.000574939	-0.000574939	-0.000574939	814
0.885	-0.00149384	-0.00149384	-0.00149384	-0.00149384	795
0.886	-0.000299052	-0.000299052	-0.000299052	-0.000299052	844
0.887	-0.000408028	-0.000408028	-0.000408028	-0.000408028	847
0.888	-0.00116886	-0.00116886	-0.00116886	-0.00116886	822
0.889	-0.000478071	-0.000478071	-0.000478071	-0.000478071	871
0.89	-0.000984772	-0.000984772	-0.000984772	-0.000984772	788
0.891	-0.0010231	-0.0010231	-0.0010231	-0.0010231	814
0.892	-0.000230357	-0.000230357	-0.000230357	-0.000230357	896
0.893	-0.0011829	-0.0011829	-0.0011829	-0.0011829	772
0.894	8.93773e-05	8.93773e-05	8.93773e-05	8.93773e-05	819
0.895	0.000356219	0.000356219	0.000356219	0.000356219	804
0.896	-0.00142384	-0.00142384	-0.00142384	-0.00142384	822
0.897	-0.00106856	-0.00106856	-0.00106856	-0.00106856	776
0.898	-0.0002019	-0.0002019	-0.0002019	-0.0002019	842
0.899	-0.00100117	-0.00100117	-0.00100117	-0.00100117	857
0.9	-0.000753542	-0.000753542	-0.000753542	-0.000753542	861
0.901	-0.000758539	-0.000758539	-0.000758539	-0.000758539	849
0.902	-0.000403912	-0.000403912	-0.000403912	-0.000403912	818
0.903	-0.000395272	-0.000395272	-0.000395272	-0.000395272	846
0.904	-0.00100696	-0.00100696	-0.00100696	-0.00100696	833
0.905	0.000272854	0.000272854	0.000272854	0.000272854	862
0.906	-0.000964545	-0.000964545	-0.000964545	-0.000964545	880
0.907	-2.18634e-05	-2.18634e-05	-2.18634e-05	-2.18634e-05	805
0.908	-0.00110795	-0.00110795	-0.00110795	-0.00110795	830
0.909	-0.00072297	-0.00072297	-0.00072297	-0.00072297	862
0.91	-0.000266504	-0.000266504	-0.000266504	-0.000266504	821
0.911	-0.000314713	-0.000314713	-0.000314713	-0.000314713	802
0.912	-0.00109168	-0.00109168	-0.00109168	-0.00109168	853
0.913	-0.00084505	-0.00084505	-0.00084505	-0.00084505	808
0.914	0.000133684	0.000133684	0.000133684	0.000133684	760
0.915	-0.000888366	-0.000888366	-0.000888366	-0.000888366	765
0.916	-0.000705263	-0.000705263	-0.000705263	-0.000705263	836
0.917	3.12576e-05	3.12576e-05	3.12576e-05	3.12576e-05	819
0.918	5.13619e-05	5.13619e-05	5.13619e-05	5.13619e-05	771
0.919	-0.000926794	-0.000926794	-0.000926794	-0.000926794	836
0.92	6.72351e-05	6.72351e-05	6.72351e-05	6.72351e-05	821
0.921	-0.00138522	-0.00138522	-0.00138522	-0.00138522	812
0.922	-0.000637935	-0.000637935	-0.000637935	-0.000637935	891
0.923	-0.000721379	-0.000721379	-0.000721379	-0.000721379	870
0.924	-0.000425059	-0.000425059	-0.000425059	-0.000425059	846
0.925	-0.000567453	-0.000567453	-0.000567453	-0.000567453	805
0.926	-0.000688404	-0.000688404	-0.000688404	-0.000688404	871
0.927	-0.00114586	-0.00114586	-0.00114586	-0.00114586	857
0.928	-0.00101839	-0.00101839	-0.00101839	-0.00101839	859
0.929	0.000420599	0.000420599	0.000420599	0.000420599	835
0.93	-0.000154774	-0.000154774	-0.000154774	-0.000154774	796
0.931	-0.000301356	-0.000301356	-0.000301356	-0.000301356	811
0.932	-0.00132778	-0.00132778	-0.00132778	-0.00132778	864
0.933	-0.000532668	-0.000532668	-0.000532668	-0.000532668	802
0.934	-0.00131578	-0.00131578	-0.00131578	-0.00131578	843
0.935	-0.000506601	-0.000506601	-0.000506601	-0.000506601	818
0.936	-3.95437e-05	-3.95437e-05	-3.95437e-05	-3.95437e-05	789
0.937	9.10448e-05	9.10448e-05	9.10448e-05	9.10448e-05	804
0.938	-0.000187984	-0.000187984	-0.000187984	-0.000187984	749
0.939	0.000112755	0.000112755	0.000112755	0.000112755	784
0.94	0.000296935	0.000296935	0.000296935	0.000296935	881
0.941	-0.00017631	-0.00017631	-0.00017631	-0.00017631	878
0.942	0.000468193	0.000468193	0.000468193	0.000468193	786
0.943	-0.000176224	-0.000176224	-0.000176224	-0.000176224	858
0.944	-0.00049763	-0.00049763	-0.00049763	-0.00049763	844
0.945	-0.000398032	-0.000398032	-0.000398032	-0.000398032	813
0.946	-0.000661975	-0.000661975	-0.000661975	-0.000661975	881
0.947	-0.00104068	-0.00104068	-0.00104068	-0.00104068	826
0.948	-0.000376081	-0.000376081	-0.000376081	-0.000376081	786
0.949	-0.000349519	-0.000349519	-0.000349519	-0.000349519	832
0.95	7.58974e-05	7.58974e-05	7.58974e-05	7.58974e-05	780
0.951	-0.000790349	-0.000790349	-0.000790349	-0.000790349	746
0.952	-0.000638889	-0.000638889	-0.000638889	-0.000638889	792
0.953	-0.000735018	-0.000735018	-0.000735018	-0.000735018	831
0.954	-0.00162872	-0.00162872	-0.00162872	-0.00162872	794
0.955	-0.000930918	-0.000930918	-0.000930918	-0.000930918	828
0.956	-0.00163559	-0.00163559	-0.00163559	-0.00163559	798
0.957	-0.00128829	-0.00128829	-0.00128829	-0.00128829	743
0.958	-0.00140266	-0.00140266	-0.00140266	-0.00140266	752
0.959	-0.00140332	-0.00140332	-0.00140332	-0.00140332	783
0.96	-0.00133946	-0.00133946	-0.00133946	-0.00133946	783
0.961	-0.00193166	-0.00193166	-0.00193166	-0.00193166	837
0.962	-0.00187152	-0.00187152	-0.00187152	-0.00187152	797
0.963	-0.000987583	-0.000987583	-0.000987583	-0.000987583	757
0.964	-0.00144516	-0.00144516	-0.00144516	-0.00144516	806
0.965	-0.00142166	-0.00142166	-0.00142166	-0.00142166	785
0.966	-0.00107176	-0.00107176	-0.00107176	-0.00107176	786
0.967	-0.00111942	-0.00111942	-0.00111942	-0.00111942	829
0.968	-0.00186306	-0.00186306	-0.00186306	-0.00186306	850
0.969	-0.000463108	-0.000463108	-0.000463108	-0.000463108	843
0.97	3.66748e-05	3.66748e-05	3.66748e-05	3.66748e-05	818
0.971	7.60705e-05	7.60705e-05	7.60705e-05	7.60705e-05	794
0.972	-0.000898859	-0.000898859	-0.000898859	-0.000898859	789
0.973	-0.00132974	-0.00132974	-0.00132974	-0.00132974	817
0.974	-0.00133224	-0.00133224	-0.00133224	-0.00133224	850
0.975	-0.00169962	-0.00169962	-0.00169962	-0.00169962	791
0.976	0.000302071	0.000302071	0.000302071	0.000302071	821
0.977	-0.000186082	-0.000186082	-0.000186082	-0.000186082	776
0.978	0.000273572	0.000273572	0.000273572	0.000273572	753
0.979	-0.000597773	-0.000597773	-0.000597773	-0.000597773	898
0.98	-0.000715865	-0.000715865	-0.000715865	-0.000715865	832
0.981	-0.000917762	-0.000917762	-0.000917762	-0.000917762	822
0.982	-0.000627155	-0.000627155	-0.000627155	-0.000627155	847
0.983	-0.000867797	-0.000867797	-0.000867797	-0.000867797	767
0.984	-0.000367849	-0.000367849	-0.000367849	-0.000367849	846
0.985	-0.000987957	-0.000987957	-0.000987957	-0.000987957	847
0.986	-0.000396552	-0.000396552	-0.000396552	-0.000396552	812
0.987	-0.00056211	-0.00056211	-0.00056211	-0.00056211	834
0.988	0.000300618	0.000300618	0.000300618	0.000300618	809
0.989	0.000167836	0.000167836	0.000167836	0.000167836	827
0.99	0.000217184	0.000217184	0.000217184	0.000217184	838
0.991	-0.000704091	-0.000704091	-0.000704091	-0.000704091	880
0.992	0.000152225	0.000152225	0.000152225	0.000152225	854
0.993	-0.000903305	-0.000903305	-0.000903305	-0.000903305	817
0.994	0.00115291	0.00115291	0.00115291	0.00115291	824
0.995	-0.000888421	-0.000888421	-0.000888421	-0.000888421	855
0.996	-0.000479157	-0.000479157	-0.000479157	-0.000479157	854
0.997	-0.000922811	-0.000922811	-0.000922811	-0.000922811	811
0.998	-0.000266996	-0.000266996	-0.000266996	-0.000266996	809
0.999	-0.000874879	-0.000874879	-0.000874879	-0.000874879	828
1	-0.000396235	-0.000396235	-0.000396235	-0.000396235	850
