0.001	0.0578467	0.0578467	0.0578467	0.0578467	3313
0.002	0.0541755	0.0541755	0.0541755	0.0541755	2714
0.003	0.052228	0.052228	0.052228	0.052228	2468
0.004	0.0479403	0.0479403	0.0479403	0.0479403	2319
0.005	0.0429194	0.0429194	0.0429194	0.0429194	2064
0.006	0.042943	0.042943	0.042943	0.042943	1952
0.007	0.0409339	0.0409339	0.0409339	0.0409339	1912
0.008	0.0406682	0.0406682	0.0406682	0.0406682	1836
0.009	0.038671	0.038671	0.038671	0.038671	1712
0.01	0.0397442	0.0397442	0.0397442	0.0397442	1681
0.011	0.0378679	0.0378679	0.0378679	0.0378679	1683
0.012	0.034203	0.034203	0.034203	0.034203	1714
0.013	0.0360741	0.0360741	0.0360741	0.0360741	1593
0.014	0.0345882	0.0345882	0.0345882	0.0345882	1588
0.015	0.0344964	0.0344964	0.0344964	0.0344964	1652
0.016	0.0344439	0.0344439	0.0344439	0.0344439	1512
0.017	0.03185	0.03185	0.03185	0.03185	1547
0.018	0.0309335	0.0309335	0.0309335	0.0309335	1552
0.019	0.0302635	0.0302635	0.0302635	0.0302635	1497
0.02	0.0317181	0.0317181	0.0317181	0.0317181	1565
0.021	0.0302619	0.0302619	0.0302619	0.0302619	1460
0.022	0.0296126	0.0296126	0.0296126	0.0296126	1455
0.023	0.0317997	0.0317997	0.0317997	0.0317997	1352
0.024	0.0300081	0.0300081	0.0300081	0.0300081	1388
0.025	0.0287963	0.0287963	0.0287963	0.0287963	1397
0.026	0.028641	0.028641	0.028641	0.028641	1449
0.027	0.0283706	0.0283706	0.0283706	0.0283706	1429
0.028	0.0291118	0.0291118	0.0291118	0.0291118	1433
0.029	0.0264185	0.0264185	0.0264185	0.0264185	1406
0.03	0.0279406	0.0279406	0.0279406	0.0279406	1333
0.031	0.0258681	0.0258681	0.0258681	0.0258681	1331
0.032	0.0260006	0.0260006	0.0260006	0.0260006	1333
0.033	0.0271373	0.0271373	0.0271373	0.0271373	1385
0.034	0.0277512	0.0277512	0.0277512	0.0277512	1386
0.035	0.0284891	0.0284891	0.0284891	0.0284891	1324
0.036	0.0258464	0.0258464	0.0258464	0.0258464	1380
0.037	0.0275106	0.0275106	0.0275106	0.0275106	1369
0.038	0.0264983	0.0264983	0.0264983	0.0264983	1371
0.039	0.026509	0.026509	0.026509	0.026509	1303
0.04	0.0262134	0.0262134	0.0262134	0.0262134	1316
0.041	0.0242175	0.0242175	0.0242175	0.0242175	1348
0.042	0.0238918	0.0238918	0.0238918	0.0238918	1342
0.043	0.0238305	0.0238305	0.0238305	0.0238305	1317
0.044	0.0238317	0.0238317	0.0238317	0.0238317	1241
0.045	0.0244198	0.0244198	0.0244198	0.0244198	1296
0.046	0.0247589	0.0247589	0.0247589	0.0247589	1332
0.047	0.0238686	0.0238686	0.0238686	0.0238686	1312
0.048	0.0241875	0.0241875	0.0241875	0.0241875	1267
0.049	0.0261155	0.0261155	0.0261155	0.0261155	1222
0.05	0.02337	0.02337	0.02337	0.02337	1221
0.051	0.0240189	0.0240189	0.0240189	0.0240189	1228
0.052	0.0229454	0.0229454	0.0229454	0.0229454	1326
0.053	0.0218637	0.0218637	0.0218637	0.0218637	1280
0.054	0.0227521	0.0227521	0.0227521	0.0227521	1310
0.055	0.0229045	0.0229045	0.0229045	0.0229045	1286
0.056	0.0223981	0.0223981	0.0223981	0.0223981	1248
0.057	0.0230483	0.0230483	0.0230483	0.0230483	1326
0.058	0.0229459	0.0229459	0.0229459	0.0229459	1313
0.059	0.0213235	0.0213235	0.0213235	0.0213235	1321
0.06	0.0209566	0.0209566	0.0209566	0.0209566	1226
0.061	0.0217054	0.0217054	0.0217054	0.0217054	1271
0.062	0.0210506	0.0210506	0.0210506	0.0210506	1226
0.063	0.0212486	0.0212486	0.0212486	0.0212486	1219
0.064	0.0205036	0.0205036	0.0205036	0.0205036	1262
0.065	0.0217497	0.0217497	0.0217497	0.0217497	1291
0.066	0.019997	0.019997	0.019997	0.019997	1183
0.067	0.0200529	0.0200529	0.0200529	0.0200529	1292
0.068	0.0206128	0.0206128	0.0206128	0.0206128	1293
0.069	0.0209883	0.0209883	0.0209883	0.0209883	1298
0.07	0.0216713	0.0216713	0.0216713	0.0216713	1257
0.071	0.0189252	0.0189252	0.0189252	0.0189252	1284
0.072	0.0201808	0.0201808	0.0201808	0.0201808	1274
0.073	0.0207399	0.0207399	0.0207399	0.0207399	1237
0.074	0.0194622	0.0194622	0.0194622	0.0194622	1248
0.075	0.0198492	0.0198492	0.0198492	0.0198492	1247
0.076	0.0188186	0.0188186	0.0188186	0.0188186	1207
0.077	0.0185364	0.0185364	0.0185364	0.0185364	1270
0.078	0.018423	0.018423	0.018423	0.018423	1215
0.079	0.0182371	0.0182371	0.0182371	0.0182371	1208
0.08	0.0203646	0.0203646	0.0203646	0.0203646	1185
0.081	0.0178802	0.0178802	0.0178802	0.0178802	1139
0.082	0.0171971	0.0171971	0.0171971	0.0171971	1224
0.083	0.0178896	0.0178896	0.0178896	0.0178896	1214
0.084	0.016757	0.016757	0.016757	0.016757	1246
0.085	0.017655	0.017655	0.017655	0.017655	1250
0.086	0.0184188	0.0184188	0.0184188	0.0184188	1252
0.087	0.0158526	0.0158526	0.0158526	0.0158526	1254
0.088	0.0156681	0.0156681	0.0156681	0.0156681	1304
0.089	0.0178013	0.0178013	0.0178013	0.0178013	1238
0.09	0.0183713	0.0183713	0.0183713	0.0183713	1298
0.091	0.0175484	0.0175484	0.0175484	0.0175484	1280
0.092	0.0181772	0.0181772	0.0181772	0.0181772	1244
0.093	0.0179299	0.0179299	0.0179299	0.0179299	1175
0.094	0.0161294	0.0161294	0.0161294	0.0161294	1258
0.095	0.016216	0.016216	0.016216	0.016216	1250
0.096	0.0165923	0.0165923	0.0165923	0.0165923	1200
0.097	0.0153835	0.0153835	0.0153835	0.0153835	1323
0.098	0.0158208	0.0158208	0.0158208	0.0158208	1295
0.099	0.0157936	0.0157936	0.0157936	0.0157936	1192
0.1	0.0158982	0.0158982	0.0158982	0.0158982	1245
0.101	0.0155214	0.0155214	0.0155214	0.0155214	1247
0.102	0.0164255	0.0164255	0.0164255	0.0164255	1159
0.103	0.0132156	0.0132156	0.0132156	0.0132156	1230
0.104	0.0160023	0.0160023	0.0160023	0.0160023	1222
0.105	0.0142392	0.0142392	0.0142392	0.0142392	1224
0.106	0.0141949	0.0141949	0.0141949	0.0141949	1293
0.107	0.0153704	0.0153704	0.0153704	0.0153704	1216
0.108	0.0142354	0.0142354	0.0142354	0.0142354	1208
0.109	0.013004	0.013004	0.013004	0.013004	1247
0.11	0.0133707	0.0133707	0.0133707	0.0133707	1200
0.111	0.0130774	0.0130774	0.0130774	0.0130774	1191
0.112	0.0131649	0.0131649	0.0131649	0.0131649	1242
0.113	0.0129662	0.0129662	0.0129662	0.0129662	1225
0.114	0.0127378	0.0127378	0.0127378	0.0127378	1279
0.115	0.013746	0.013746	0.013746	0.013746	1200
0.116	0.013926	0.013926	0.013926	0.013926	1210
0.117	0.0136581	0.0136581	0.0136581	0.0136581	1218
0.118	0.0136916	0.0136916	0.0136916	0.0136916	1197
0.119	0.0134789	0.0134789	0.0134789	0.0134789	1179
0.12	0.0134854	0.0134854	0.0134854	0.0134854	1208
0.121	0.0130106	0.0130106	0.0130106	0.0130106	1193
0.122	0.0127075	0.0127075	0.0127075	0.0127075	1163
0.123	0.0133725	0.0133725	0.0133725	0.0133725	1208
0.124	0.0146373	0.0146373	0.0146373	0.0146373	1244
0.125	0.01381	0.01381	0.01381	0.01381	1185
0.126	0.0145926	0.0145926	0.0145926	0.0145926	1192
0.127	0.0152472	0.0152472	0.0152472	0.0152472	1220
0.128	0.013648	0.013648	0.013648	0.013648	1192
0.129	0.0126352	0.0126352	0.0126352	0.0126352	1175
0.13	0.0140055	0.0140055	0.0140055	0.0140055	1154
0.131	0.0122029	0.0122029	0.0122029	0.0122029	1153
0.132	0.0121288	0.0121288	0.0121288	0.0121288	1140
0.133	0.012891	0.012891	0.012891	0.012891	1156
0.134	0.0122823	0.0122823	0.0122823	0.0122823	1145
0.135	0.0114485	0.0114485	0.0114485	0.0114485	1146
0.136	0.0128147	0.0128147	0.0128147	0.0128147	1117
0.137	0.0129688	0.0129688	0.0129688	0.0129688	1185
0.138	0.0118324	0.0118324	0.0118324	0.0118324	1255
0.139	0.0132795	0.0132795	0.0132795	0.0132795	1187
0.14	0.0135317	0.0135317	0.0135317	0.0135317	1219
0.141	0.0122929	0.0122929	0.0122929	0.0122929	1132
0.142	0.0126032	0.0126032	0.0126032	0.0126032	1122
0.143	0.0129028	0.0129028	0.0129028	0.0129028	1159
0.144	0.0109559	0.0109559	0.0109559	0.0109559	1175
0.145	0.0110834	0.0110834	0.0110834	0.0110834	1101
0.146	0.0126283	0.0126283	0.0126283	0.0126283	1125
0.147	0.0109464	0.0109464	0.0109464	0.0109464	1104
0.148	0.0103157	0.0103157	0.0103157	0.0103157	1063
0.149	0.0115297	0.0115297	0.0115297	0.0115297	1138
0.15	0.0115843	0.0115843	0.0115843	0.0115843	1118
0.151	0.0112865	0.0112865	0.0112865	0.0112865	1096
0.152	0.0102846	0.0102846	0.0102846	0.0102846	1168
0.153	0.00991403	0.00991403	0.00991403	0.00991403	1098
0.154	0.0105527	0.0105527	0.0105527	0.0105527	1168
0.155	0.0104144	0.0104144	0.0104144	0.0104144	1137
0.156	0.00967099	0.00967099	0.00967099	0.00967099	1065
0.157	0.00801638	0.00801638	0.00801638	0.00801638	1148
0.158	0.0104611	0.0104611	0.0104611	0.0104611	1198
0.159	0.00911732	0.00911732	0.00911732	0.00911732	1103
0.16	0.00989982	0.00989982	0.00989982	0.00989982	1110
0.161	0.00996604	0.00996604	0.00996604	0.00996604	1119
0.162	0.00945535	0.00945535	0.00945535	0.00945535	1131
0.163	0.00927905	0.00927905	0.00927905	0.00927905	1174
0.164	0.00945766	0.00945766	0.00945766	0.00945766	1096
0.165	0.0106826	0.0106826	0.0106826	0.0106826	1107
0.166	0.00958752	0.00958752	0.00958752	0.00958752	1090
0.167	0.0107452	0.0107452	0.0107452	0.0107452	1124
0.168	0.008254	0.008254	0.008254	0.008254	1074
0.169	0.00962701	0.00962701	0.00962701	0.00962701	1096
0.17	0.0104573	0.0104573	0.0104573	0.0104573	1131
0.171	0.010381	0.010381	0.010381	0.010381	1092
0.172	0.00908602	0.00908602	0.00908602	0.00908602	1109
0.173	0.00905413	0.00905413	0.00905413	0.00905413	1042
0.174	0.00952908	0.00952908	0.00952908	0.00952908	1128
0.175	0.00938195	0.00938195	0.00938195	0.00938195	1064
0.176	0.00807748	0.00807748	0.00807748	0.00807748	1110
0.177	0.00811903	0.00811903	0.00811903	0.00811903	1109
0.178	0.00808905	0.00808905	0.00808905	0.00808905	1132
0.179	0.0082213	0.0082213	0.0082213	0.0082213	1108
0.18	0.00782409	0.00782409	0.00782409	0.00782409	1121
0.181	0.00786838	0.00786838	0.00786838	0.00786838	1164
0.182	0.00827403	0.00827403	0.00827403	0.00827403	1105
0.183	0.00859298	0.00859298	0.00859298	0.00859298	1225
0.184	0.00809907	0.00809907	0.00809907	0.00809907	1070
0.185	0.00736475	0.00736475	0.00736475	0.00736475	1078
0.186	0.00772903	0.00772903	0.00772903	0.00772903	1116
0.187	0.00773994	0.00773994	0.00773994	0.00773994	1029
0.188	0.0069978	0.0069978	0.0069978	0.0069978	1092
0.189	0.00723437	0.00723437	0.00723437	0.00723437	1094
0.19	0.00751796	0.00751796	0.00751796	0.00751796	1058
0.191	0.00712457	0.00712457	0.00712457	0.00712457	997
0.192	0.00813495	0.00813495	0.00813495	0.00813495	1070
0.193	0.00865852	0.00865852	0.00865852	0.00865852	1097
0.194	0.00738604	0.00738604	0.00738604	0.00738604	1060
0.195	0.00704788	0.00704788	0.00704788	0.00704788	1086
0.196	0.0081639	0.0081639	0.0081639	0.0081639	1047
0.197	0.00824517	0.00824517	0.00824517	0.00824517	1098
0.198	0.00743202	0.00743202	0.00743202	0.00743202	1062
0.199	0.00801016	0.00801016	0.00801016	0.00801016	1063
0.2	0.00748303	0.00748303	0.00748303	0.00748303	1043
0.201	0.00762742	0.00762742	0.00762742	0.00762742	1065
0.202	0.00644157	0.00644157	0.00644157	0.00644157	1145
0.203	0.00719442	0.00719442	0.00719442	0.00719442	1076
0.204	0.00818048	0.00818048	0.00818048	0.00818048	1117
0.205	0.00734036	0.00734036	0.00734036	0.00734036	1157
0.206	0.00683548	0.00683548	0.00683548	0.00683548	1116
0.207	0.00701722	0.00701722	0.00701722	0.00701722	1092
0.208	0.00733966	0.00733966	0.00733966	0.00733966	1160
0.209	0.00823356	0.00823356	0.00823356	0.00823356	1180
0.21	0.00650393	0.00650393	0.00650393	0.00650393	1093
0.211	0.007475	0.007475	0.007475	0.007475	1168
0.212	0.00723986	0.00723986	0.00723986	0.00723986	1164
0.213	0.00607051	0.00607051	0.00607051	0.00607051	1163
0.214	0.00621425	0.00621425	0.00621425	0.00621425	1137
0.215	0.00592267	0.00592267	0.00592267	0.00592267	1138
0.216	0.00642562	0.00642562	0.00642562	0.00642562	1093
0.217	0.00597351	0.00597351	0.00597351	0.00597351	1087
0.218	0.00605988	0.00605988	0.00605988	0.00605988	1129
0.219	0.0057582	0.0057582	0.0057582	0.0057582	1158
0.22	0.00611929	0.00611929	0.00611929	0.00611929	1177
0.221	0.00475484	0.00475484	0.00475484	0.00475484	1116
0.222	0.00494209	0.00494209	0.00494209	0.00494209	1188
0.223	0.00521481	0.00521481	0.00521481	0.00521481	1107
0.224	0.00649982	0.00649982	0.00649982	0.00649982	1094
0.225	0.00483607	0.00483607	0.00483607	0.00483607	1109
0.226	0.00612432	0.00612432	0.00612432	0.00612432	1110
0.227	0.00519275	0.00519275	0.00519275	0.00519275	1104
0.228	0.00555531	0.00555531	0.00555531	0.00555531	1092
0.229	0.00596874	0.00596874	0.00596874	0.00596874	1126
0.23	0.00488641	0.00488641	0.00488641	0.00488641	1148
0.231	0.0049668	0.0049668	0.0049668	0.0049668	1211
0.232	0.00560036	0.00560036	0.00560036	0.00560036	1107
0.233	0.00583405	0.00583405	0.00583405	0.00583405	1116
0.234	0.00511657	0.00511657	0.00511657	0.00511657	1165
0.235	0.00570799	0.00570799	0.00570799	0.00570799	1189
0.236	0.00603718	0.00603718	0.00603718	0.00603718	1162
0.237	0.00459057	0.00459057	0.00459057	0.00459057	1060
0.238	0.00537474	0.00537474	0.00537474	0.00537474	1140
0.239	0.00484276	0.00484276	0.00484276	0.00484276	1132
0.24	0.00515576	0.00515576	0.00515576	0.00515576	1103
0.241	0.00638564	0.00638564	0.00638564	0.00638564	1086
0.242	0.00557515	0.00557515	0.00557515	0.00557515	1143
0.243	0.00594839	0.00594839	0.00594839	0.00594839	1116
0.244	0.00539212	0.00539212	0.00539212	0.00539212	1168
0.245	0.00615439	0.00615439	0.00615439	0.00615439	1070
0.246	0.00590038	0.00590038	0.00590038	0.00590038	1064
0.247	0.00478413	0.00478413	0.00478413	0.00478413	1109
0.248	0.00485894	0.00485894	0.00485894	0.00485894	1174
0.249	0.00511797	0.00511797	0.00511797	0.00511797	1180
0.25	0.00606293	0.00606293	0.00606293	0.00606293	1106
0.251	0.00466853	0.00466853	0.00466853	0.00466853	1074
0.252	0.00501892	0.00501892	0.00501892	0.00501892	1089
0.253	0.00542132	0.00542132	0.00542132	0.00542132	1032
0.254	0.00517285	0.00517285	0.00517285	0.00517285	1105
0.255	0.00543105	0.00543105	0.00543105	0.00543105	1108
0.256	0.0045042	0.0045042	0.0045042	0.0045042	1094
0.257	0.00586179	0.00586179	0.00586179	0.00586179	1120
0.258	0.00508416	0.00508416	0.00508416	0.00508416	1105
0.259	0.00354802	0.00354802	0.00354802	0.00354802	1185
0.26	0.00514966	0.00514966	0.00514966	0.00514966	1192
0.261	0.00601115	0.00601115	0.00601115	0.00601115	1184
0.262	0.00491567	0.00491567	0.00491567	0.00491567	1155
0.263	0.00521197	0.00521197	0.00521197	0.00521197	1136
0.264	0.00453647	0.00453647	0.00453647	0.00453647	1146
0.265	0.00418067	0.00418067	0.00418067	0.00418067	1200
0.266	0.00517105	0.00517105	0.00517105	0.00517105	1216
0.267	0.00399714	0.00399714	0.00399714	0.00399714	1119
0.268	0.0038281	0.0038281	0.0038281	0.0038281	1217
0.269	0.00488076	0.00488076	0.00488076	0.00488076	1159
0.27	0.00396827	0.00396827	0.00396827	0.00396827	1122
0.271	0.00437496	0.00437496	0.00437496	0.00437496	1182
0.272	0.00401733	0.00401733	0.00401733	0.00401733	1223
0.273	0.00546857	0.00546857	0.00546857	0.00546857	1123
0.274	0.00479387	0.00479387	0.00479387	0.00479387	1174
0.275	0.00376057	0.00376057	0.00376057	0.00376057	1131
0.276	0.00528382	0.00528382	0.00528382	0.00528382	1174
0.277	0.00447811	0.00447811	0.00447811	0.00447811	1142
0.278	0.00404238	0.00404238	0.00404238	0.00404238	1142
0.279	0.00432029	0.00432029	0.00432029	0.00432029	1119
0.28	0.00427361	0.00427361	0.00427361	0.00427361	1133
0.281	0.00316425	0.00316425	0.00316425	0.00316425	1063
0.282	0.00400396	0.00400396	0.00400396	0.00400396	1110
0.283	0.00436969	0.00436969	0.00436969	0.00436969	1069
0.284	0.00327477	0.00327477	0.00327477	0.00327477	1193
0.285	0.00272686	0.00272686	0.00272686	0.00272686	1132
0.286	0.00349714	0.00349714	0.00349714	0.00349714	1155
0.287	0.00368594	0.00368594	0.00368594	0.00368594	1117
0.288	0.00345865	0.00345865	0.00345865	0.00345865	1098
0.289	0.00395548	0.00395548	0.00395548	0.00395548	1114
0.29	0.00354266	0.00354266	0.00354266	0.00354266	1137
0.291	0.0031713	0.0031713	0.0031713	0.0031713	1115
0.292	0.00251556	0.00251556	0.00251556	0.00251556	1215
0.293	0.00144258	0.00144258	0.00144258	0.00144258	1179
0.294	0.00189906	0.00189906	0.00189906	0.00189906	1165
0.295	0.00271828	0.00271828	0.00271828	0.00271828	1116
0.296	0.00288079	0.00288079	0.00288079	0.00288079	1114
0.297	0.0036876	0.0036876	0.0036876	0.0036876	1169
0.298	0.00352724	0.00352724	0.00352724	0.00352724	1149
0.299	0.00301712	0.00301712	0.00301712	0.00301712	1098
0.3	0.00228816	0.00228816	0.00228816	0.00228816	1098
0.301	0.00291414	0.00291414	0.00291414	0.00291414	1139
0.302	0.00251166	0.00251166	0.00251166	0.00251166	1175
0.303	0.0018568	0.0018568	0.0018568	0.0018568	1095
0.304	0.00255781	0.00255781	0.00255781	0.00255781	1133
0.305	0.00219834	0.00219834	0.00219834	0.00219834	1085
0.306	0.00312129	0.00312129	0.00312129	0.00312129	1118
0.307	0.00423621	0.00423621	0.00423621	0.00423621	1099
0.308	0.0028232	0.0028232	0.0028232	0.0028232	1086
0.309	0.00281852	0.00281852	0.00281852	0.00281852	1080
0.31	0.00301027	0.00301027	0.00301027	0.00301027	1052
0.311	0.00352319	0.00352319	0.00352319	0.00352319	1177
0.312	0.00312401	0.00312401	0.00312401	0.00312401	1158
0.313	0.00310071	0.00310071	0.00310071	0.00310071	1132
0.314	0.00310714	0.00310714	0.00310714	0.00310714	1064
0.315	0.00366201	0.00366201	0.00366201	0.00366201	1116
0.316	0.00292812	0.00292812	0.00292812	0.00292812	1049
0.317	0.00235739	0.00235739	0.00235739	0.00235739	1089
0.318	0.00281066	0.00281066	0.00281066	0.00281066	1013
0.319	0.00295467	0.00295467	0.00295467	0.00295467	1006
0.32	0.0039109	0.0039109	0.0039109	0.0039109	1073
0.321	0.0040234	0.0040234	0.0040234	0.0040234	1111
0.322	0.00349648	0.00349648	0.00349648	0.00349648	1051
0.323	0.00255513	0.00255513	0.00255513	0.00255513	1034
0.324	0.00343457	0.00343457	0.00343457	0.00343457	1105
0.325	0.00320077	0.00320077	0.00320077	0.00320077	1041
0.326	0.00388183	0.00388183	0.00388183	0.00388183	1073
0.327	0.00346616	0.00346616	0.00346616	0.00346616	1061
0.328	0.00351103	0.00351103	0.00351103	0.00351103	1034
0.329	0.00368997	0.00368997	0.00368997	0.00368997	1147
0.33	0.00343744	0.00343744	0.00343744	0.00343744	1127
0.331	0.00293548	0.00293548	0.00293548	0.00293548	1054
0.332	0.00296023	0.00296023	0.00296023	0.00296023	1051
0.333	0.00307024	0.00307024	0.00307024	0.00307024	1156
0.334	0.00423273	0.00423273	0.00423273	0.00423273	1045
0.335	0.00345438	0.00345438	0.00345438	0.00345438	1074
0.336	0.00272167	0.00272167	0.00272167	0.00272167	1057
0.337	0.00247046	0.00247046	0.00247046	0.00247046	1073
0.338	0.0024413	0.0024413	0.0024413	0.0024413	1104
0.339	0.00353911	0.00353911	0.00353911	0.00353911	1097
0.34	0.00302662	0.00302662	0.00302662	0.00302662	1052
0.341	0.0023873	0.0023873	0.0023873	0.0023873	1008
0.342	0.00313114	0.00313114	0.00313114	0.00313114	1034
0.343	0.00309289	0.00309289	0.00309289	0.00309289	1083
0.344	0.0036436	0.0036436	0.0036436	0.0036436	1055
0.345	0.00259102	0.00259102	0.00259102	0.00259102	1047
0.346	0.0019379	0.0019379	0.0019379	0.0019379	1050
0.347	0.001819	0.001819	0.001819	0.001819	1063
0.348	0.00243053	0.00243053	0.00243053	0.00243053	1035
0.349	0.00271498	0.00271498	0.00271498	0.00271498	1035
0.35	0.00222698	0.00222698	0.00222698	0.00222698	1075
0.351	0.00213095	0.00213095	0.00213095	0.00213095	1008
0.352	0.00148297	0.00148297	0.00148297	0.00148297	1022
0.353	0.00177547	0.00177547	0.00177547	0.00177547	1019
0.354	0.00254109	0.00254109	0.00254109	0.00254109	1049
0.355	0.00247234	0.00247234	0.00247234	0.00247234	1034
0.356	0.00208314	0.00208314	0.00208314	0.00208314	967
0.357	0.00165464	0.00165464	0.00165464	0.00165464	959
0.358	0.0024978	0.0024978	0.0024978	0.0024978	1002
0.359	0.00263101	0.00263101	0.00263101	0.00263101	1006
0.36	0.00172305	0.00172305	0.00172305	0.00172305	1024
0.361	0.00250501	0.00250501	0.00250501	0.00250501	998
0.362	0.000773529	0.000773529	0.000773529	0.000773529	1088
0.363	0.00159048	0.00159048	0.00159048	0.00159048	1092
0.364	0.00127178	0.00127178	0.00127178	0.00127178	1070
0.365	0.00190469	0.00190469	0.00190469	0.00190469	1003
0.366	0.00184553	0.00184553	0.00184553	0.00184553	1028
0.367	0.00266071	0.00266071	0.00266071	0.00266071	1008
0.368	0.00195739	0.00195739	0.00195739	0.00195739	995
0.369	0.00169538	0.00169538	0.00169538	0.00169538	1061
0.37	0.00260072	0.00260072	0.00260072	0.00260072	1118
0.371	0.00207252	0.00207252	0.00207252	0.00207252	1059
0.372	0.00267692	0.00267692	0.00267692	0.00267692	988
0.373	0.00193383	0.00193383	0.00193383	0.00193383	1070
0.374	0.00220956	0.00220956	0.00220956	0.00220956	1025
0.375	0.00175954	0.00175954	0.00175954	0.00175954	1038
0.376	0.00145163	0.00145163	0.00145163	0.00145163	1073
0.377	0.00153628	0.00153628	0.00153628	0.00153628	1042
0.378	0.00178219	0.00178219	0.00178219	0.00178219	1089
0.379	0.00216146	0.00216146	0.00216146	0.00216146	1043
0.38	0.00218523	0.00218523	0.00218523	0.00218523	1056
0.381	0.00147438	0.00147438	0.00147438	0.00147438	1003
0.382	0.00275462	0.00275462	0.00275462	0.00275462	1049
0.383	0.00180526	0.00180526	0.00180526	0.00180526	1027
0.384	0.00157792	0.00157792	0.00157792	0.00157792	1087
0.385	0.00203407	0.00203407	0.00203407	0.00203407	1080
0.386	0.00136679	0.00136679	0.00136679	0.00136679	1060
0.387	0.00172993	0.00172993	0.00172993	0.00172993	1096
0.388	0.000992742	0.000992742	0.000992742	0.000992742	992
0.389	0.00117585	0.00117585	0.00117585	0.00117585	1060
0.39	0.00179961	0.00179961	0.00179961	0.00179961	1034
0.391	0.00321185	0.00321185	0.00321185	0.00321185	1114
0.392	0.00246027	0.00246027	0.00246027	0.00246027	1042
0.393	0.00149906	0.00149906	0.00149906	0.00149906	1066
0.394	0.00222093	0.00222093	0.00222093	0.00222093	1032
0.395	0.00242524	0.00242524	0.00242524	0.00242524	951
0.396	0.00208773	0.00208773	0.00208773	0.00208773	1108
0.397	0.00282417	0.00282417	0.00282417	0.00282417	1059
0.398	0.00222194	0.00222194	0.00222194	0.00222194	1085
0.399	0.00246208	0.00246208	0.00246208	0.00246208	1031
0.4	0.00227266	0.00227266	0.00227266	0.00227266	1068
0.401	0.00202802	0.00202802	0.00202802	0.00202802	1028
0.402	0.00148429	0.00148429	0.00148429	0.00148429	1082
0.403	0.00222133	0.00222133	0.00222133	0.00222133	1041
0.404	0.00187418	0.00187418	0.00187418	0.00187418	1011
0.405	0.00212845	0.00212845	0.00212845	0.00212845	1065
0.406	0.00190423	0.00190423	0.00190423	0.00190423	994
0.407	0.00210253	0.00210253	0.00210253	0.00210253	1069
0.408	0.00228167	0.00228167	0.00228167	0.00228167	1129
0.409	0.0012734	0.0012734	0.0012734	0.0012734	970
0.41	0.0018585	0.0018585	0.0018585	0.0018585	1094
0.411	0.00199737	0.00199737	0.00199737	0.00199737	1066
0.412	0.0015904	0.0015904	0.0015904	0.0015904	1042
0.413	0.000566941	0.000566941	0.000566941	0.000566941	1095
0.414	0.00141101	0.00141101	0.00141101	0.00141101	1054
0.415	0.000760183	0.000760183	0.000760183	0.000760183	1095
0.416	0.000456831	0.000456831	0.000456831	0.000456831	1098
0.417	0.000812109	0.000812109	0.000812109	0.000812109	1024
0.418	0.0012435	0.0012435	0.0012435	0.0012435	1030
0.419	0.00120958	0.00120958	0.00120958	0.00120958	1086
0.42	0.00106219	0.00106219	0.00106219	0.00106219	1103
0.421	0.00106791	0.00106791	0.00106791	0.00106791	1072
0.422	0.000639042	0.000639042	0.000639042	0.000639042	1086
0.423	0.00106618	0.00106618	0.00106618	0.00106618	1100
0.424	0.00136157	0.00136157	0.00136157	0.00136157	1067
0.425	0.00134535	0.00134535	0.00134535	0.00134535	1054
0.426	0.000877314	0.000877314	0.000877314	0.000877314	1102
0.427	0.00149381	0.00149381	0.00149381	0.00149381	1017
0.428	0.00122487	0.00122487	0.00122487	0.00122487	1126
0.429	0.000845191	0.000845191	0.000845191	0.000845191	1071
0.43	0.00248994	0.00248994	0.00248994	0.00248994	974
0.431	0.00169727	0.00169727	0.00169727	0.00169727	1061
0.432	0.00180252	0.00180252	0.00180252	0.00180252	1033
0.433	0.00199229	0.00199229	0.00199229	0.00199229	1090
0.434	0.00136475	0.00136475	0.00136475	0.00136475	1044
0.435	0.00220723	0.00220723	0.00220723	0.00220723	1106
0.436	0.0027242	0.0027242	0.0027242	0.0027242	1087
0.437	0.00108758	0.00108758	0.00108758	0.00108758	1039
0.438	0.000894207	0.000894207	0.000894207	0.000894207	1053
0.439	0.000964896	0.000964896	0.000964896	0.000964896	1111
0.44	0.00119098	0.00119098	0.00119098	0.00119098	1064
0.441	0.000813514	0.000813514	0.000813514	0.000813514	1036
0.442	0.00122372	0.00122372	0.00122372	0.00122372	995
0.443	0.00146047	0.00146047	0.00146047	0.00146047	1075
0.444	0.00107756	0.00107756	0.00107756	0.00107756	1065
0.445	0.00115861	0.00115861	0.00115861	0.00115861	947
0.446	0.00108343	0.00108343	0.00108343	0.00108343	1050
0.447	0.000703214	0.000703214	0.000703214	0.000703214	1058
0.448	0.00130373	0.00130373	0.00130373	0.00130373	1072
0.449	0.00163653	0.00163653	0.00163653	0.00163653	1062
0.45	0.000940318	0.000940318	0.000940318	0.000940318	1069
0.451	0.000803902	0.000803902	0.000803902	0.000803902	1025
0.452	0.000842505	0.000842505	0.000842505	0.000842505	1054
0.453	0.00213624	0.00213624	0.00213624	0.00213624	1054
0.454	0.000652142	0.000652142	0.000652142	0.000652142	1074
0.455	0.00117647	0.00117647	0.00117647	0.00117647	1003
0.456	0.00121657	0.00121657	0.00121657	0.00121657	1014
0.457	0.000987463	0.000987463	0.000987463	0.000987463	1005
0.458	0.00092147	0.00092147	0.00092147	0.00092147	1034
0.459	0.00101469	0.00101469	0.00101469	0.00101469	1021
0.46	0.00123433	0.00123433	0.00123433	0.00123433	1002
0.461	0.0020536	0.0020536	0.0020536	0.0020536	1000
0.462	0.000748895	0.000748895	0.000748895	0.000748895	1041
0.463	0.00177538	0.00177538	0.00177538	0.00177538	1040
0.464	0.000524165	0.000524165	0.000524165	0.000524165	1018
0.465	0.000470748	0.000470748	0.000470748	0.000470748	1029
0.466	0.00116871	0.00116871	0.00116871	0.00116871	997
0.467	0.000946193	0.000946193	0.000946193	0.000946193	985
0.468	0.000640231	0.000640231	0.000640231	0.000640231	1039
0.469	0.000632946	0.000632946	0.000632946	0.000632946	1032
0.47	-0.000189843	-0.000189843	-0.000189843	-0.000189843	1083
0.471	-0.00019533	-0.00019533	-0.00019533	-0.00019533	985
0.472	0.00130244	0.00130244	0.00130244	0.00130244	1023
0.473	0.00132686	0.00132686	0.00132686	0.00132686	1050
0.474	0.00110476	0.00110476	0.00110476	0.00110476	945
0.475	0.00114452	0.00114452	0.00114452	0.00114452	995
0.476	0.000719157	0.000719157	0.000719157	0.000719157	1044
0.477	0.000430431	0.000430431	0.000430431	0.000430431	1091
0.478	0.000497338	0.000497338	0.000497338	0.000497338	1052
0.479	0.000711236	0.000711236	0.000711236	0.000711236	1068
0.48	0.000791075	0.000791075	0.000791075	0.000791075	986
0.481	0.00109736	0.00109736	0.00109736	0.00109736	1021
0.482	0.00107081	0.00107081	0.00107081	0.00107081	997
0.483	0.00132545	0.00132545	0.00132545	0.00132545	1049
0.484	0.00106904	0.00106904	0.00106904	0.00106904	1066
0.485	0.00119717	0.00119717	0.00119717	0.00119717	990
0.486	0.00118232	0.00118232	0.00118232	0.00118232	1041
0.487	0.000891642	0.000891642	0.000891642	0.000891642	1017
0.488	0.000674096	0.000674096	0.000674096	0.000674096	1023
0.489	0.00119414	0.00119414	0.00119414	0.00119414	1093
0.49	0.00062242	0.00062242	0.00062242	0.00062242	1124
0.491	0.0016297	0.0016297	0.0016297	0.0016297	1037
0.492	0.00157764	0.00157764	0.00157764	0.00157764	1109
0.493	0.00142769	0.00142769	0.00142769	0.00142769	1040
0.494	0.00180894	0.00180894	0.00180894	0.00180894	984
0.495	0.00124065	0.00124065	0.00124065	0.00124065	1043
0.496	0.00162789	0.00162789	0.00162789	0.00162789	1047
0.497	0.000712801	0.000712801	0.000712801	0.000712801	1078
0.498	0.000636262	0.000636262	0.000636262	0.000636262	1070
0.499	0.00110113	0.00110113	0.00110113	0.00110113	1064
0.5	0.000976459	0.000976459	0.000976459	0.000976459	1011
0.501	0.000714176	0.000714176	0.000714176	0.000714176	1044
0.502	0.000923046	0.000923046	0.000923046	0.000923046	1011
0.503	-4.98127e-05	-4.98127e-05	-4.98127e-05	-4.98127e-05	1068
0.504	0.000819387	0.000819387	0.000819387	0.000819387	1011
0.505	2.08251e-05	2.08251e-05	2.08251e-05	2.08251e-05	1018
0.506	0.000865274	0.000865274	0.000865274	0.000865274	1005
0.507	0.00142831	0.00142831	0.00142831	0.00142831	1081
0.508	0.000486166	0.000486166	0.000486166	0.000486166	1012
0.509	0.00155227	0.00155227	0.00155227	0.00155227	1081
0.51	0.00127368	0.00127368	0.00127368	0.00127368	1026
0.511	0.00102362	0.00102362	0.00102362	0.00102362	1016
0.512	0.000787085	0.000787085	0.000787085	0.000787085	1084
0.513	0.000957826	0.000957826	0.000957826	0.000957826	1067
0.514	0.00120984	0.00120984	0.00120984	0.00120984	1057
0.515	0.00121023	0.00121023	0.00121023	0.00121023	1017
0.516	0.000373211	0.000373211	0.000373211	0.000373211	1090
0.517	0.000858137	0.000858137	0.000858137	0.000858137	977
0.518	0.00117887	0.00117887	0.00117887	0.00117887	1041
0.519	0.00106082	0.00106082	0.00106082	0.00106082	1049
0.52	0.00112741	0.00112741	0.00112741	0.00112741	1058
0.521	0.00172903	0.00172903	0.00172903	0.00172903	1054
0.522	8.89299e-05	8.89299e-05	8.89299e-05	8.89299e-05	1084
0.523	0.000540625	0.000540625	0.000540625	0.000540625	1024
0.524	0.00050596	0.00050596	0.00050596	0.00050596	1057
0.525	-0.000230597	-0.000230597	-0.000230597	-0.000230597	1072
0.526	0.000427065	0.000427065	0.000427065	0.000427065	1005
0.527	-0.000118504	-0.000118504	-0.000118504	-0.000118504	1016
0.528	0.000391757	0.000391757	0.000391757	0.000391757	1019
0.529	0.000624273	0.000624273	0.000624273	0.000624273	997
0.53	0.000595666	0.000595666	0.000595666	0.000595666	969
0.531	-0.000170097	-0.000170097	-0.000170097	-0.000170097	1030
0.532	0.000316898	0.000316898	0.000316898	0.000316898	1083
0.533	0.000386154	0.000386154	0.000386154	0.000386154	1040
0.534	0.000119264	0.000119264	0.000119264	0.000119264	1033
0.535	8.43592e-05	8.43592e-05	8.43592e-05	8.43592e-05	991
0.536	0.000288406	0.000288406	0.000288406	0.000288406	1104
0.537	-0.00072625	-0.00072625	-0.00072625	-0.00072625	960
0.538	0.000115312	0.000115312	0.000115312	0.000115312	1058
0.539	-4.17225e-05	-4.17225e-05	-4.17225e-05	-4.17225e-05	1045
0.54	0.000353688	0.000353688	0.000353688	0.000353688	1071
0.541	-0.000221394	-0.000221394	-0.000221394	-0.000221394	1019
0.542	0.000454427	0.000454427	0.000454427	0.000454427	1073
0.543	0.000138017	0.000138017	0.000138017	0.000138017	968
0.544	0.000153815	0.000153815	0.000153815	0.000153815	983
0.545	0.000583333	0.000583333	0.000583333	0.000583333	984
0.546	0.000368802	0.000368802	0.000368802	0.000368802	1077
0.547	-0.000190287	-0.000190287	-0.000190287	-0.000190287	1009
0.548	0.000173006	0.000173006	0.000173006	0.000173006	978
0.549	8.20513e-07	8.20513e-07	8.20513e-07	8.20513e-07	975
0.55	0.000650051	0.000650051	0.000650051	0.000650051	987
0.551	0.00044751	0.00044751	0.00044751	0.00044751	1044
0.552	7.91289e-05	7.91289e-05	7.91289e-05	7.91289e-05	1102
0.553	0.000695189	0.000695189	0.000695189	0.000695189	977
0.554	0.00171236	0.00171236	0.00171236	0.00171236	979
0.555	0.000646272	0.000646272	0.000646272	0.000646272	1046
0.556	0.00115985	0.00115985	0.00115985	0.00115985	1036
0.557	0.000360485	0.000360485	0.000360485	0.000360485	1073
0.558	0.00022593	0.00022593	0.00022593	0.00022593	995
0.559	0.00111738	0.00111738	0.00111738	0.00111738	1070
0.56	0.000871085	0.000871085	0.000871085	0.000871085	1041
0.561	0.00136083	0.00136083	0.00136083	0.00136083	1057
0.562	0.00121399	0.00121399	0.00121399	0.00121399	1029
0.563	0.000766917	0.000766917	0.000766917	0.000766917	1064
0.564	0.000797474	0.000797474	0.000797474	0.000797474	950
0.565	0.00196771	0.00196771	0.00196771	0.00196771	991
0.566	0.00148902	0.00148902	0.00148902	0.00148902	1038
0.567	0.0009159	0.0009159	0.0009159	0.0009159	956
0.568	0.000623124	0.000623124	0.000623124	0.000623124	986
0.569	0.0011217	0.0011217	0.0011217	0.0011217	986
0.57	0.000355236	0.000355236	0.000355236	0.000355236	974
0.571	0.000924848	0.000924848	0.000924848	0.000924848	990
0.572	0.000454528	0.000454528	0.000454528	0.000454528	1027
0.573	0.000376812	0.000376812	0.000376812	0.000376812	966
0.574	-0.000391602	-0.000391602	-0.000391602	-0.000391602	905
0.575	0.00057641	0.00057641	0.00057641	0.00057641	975
0.576	0.000141767	0.000141767	0.000141767	0.000141767	996
0.577	0.000522314	0.000522314	0.000522314	0.000522314	968
0.578	-5.5042e-05	-5.5042e-05	-5.5042e-05	-5.5042e-05	952
0.579	-0.00059751	-0.00059751	-0.00059751	-0.00059751	964
0.58	-0.000290598	-0.000290598	-0.000290598	-0.000290598	1053
0.581	-0.000225794	-0.000225794	-0.000225794	-0.000225794	1008
0.582	0.000885496	0.000885496	0.000885496	0.000885496	1048
0.583	0.000934907	0.000934907	0.000934907	0.000934907	1017
0.584	0.000746131	0.000746131	0.000746131	0.000746131	995
0.585	0.000557115	0.000557115	0.000557115	0.000557115	1026
0.586	0.000842167	0.000842167	0.000842167	0.000842167	1015
0.587	-7.90419e-05	-7.90419e-05	-7.90419e-05	-7.90419e-05	1002
0.588	0.000527554	0.000527554	0.000527554	0.000527554	969
0.589	0.00054831	0.00054831	0.00054831	0.00054831	1006
0.59	0.000466051	0.000466051	0.000466051	0.000466051	975
0.591	-6.29302e-05	-6.29302e-05	-6.29302e-05	-6.29302e-05	1017
0.592	-0.000324583	-0.000324583	-0.000324583	-0.000324583	960
0.593	0.000143357	0.000143357	0.000143357	0.000143357	971
0.594	0.000518651	0.000518651	0.000518651	0.000518651	1008
0.595	0.000274566	0.000274566	0.000274566	0.000274566	979
0.596	0.000488845	0.000488845	0.000488845	0.000488845	1004
0.597	0.000438185	0.000438185	0.000438185	0.000438185	1058
0.598	0.000313112	0.000313112	0.000313112	0.000313112	1022
0.599	0.000377287	0.000377287	0.000377287	0.000377287	951
0.6	0.000543673	0.000543673	0.000543673	0.000543673	980
0.601	-0.000520329	-0.000520329	-0.000520329	-0.000520329	974
0.602	0.000250784	0.000250784	0.000250784	0.000250784	957
0.603	0.000279528	0.000279528	0.000279528	0.000279528	1016
0.604	0.000648733	0.000648733	0.000648733	0.000648733	1026
0.605	0.000177016	0.000177016	0.000177016	0.000177016	992
0.606	-5.36688e-05	-5.36688e-05	-5.36688e-05	-5.36688e-05	954
0.607	0.000996869	0.000996869	0.000996869	0.000996869	1022
0.608	-0.000232735	-0.000232735	-0.000232735	-0.000232735	1002
0.609	0.000365234	0.000365234	0.000365234	0.000365234	1070
0.61	-6.48236e-05	-6.48236e-05	-6.48236e-05	-6.48236e-05	1049
0.611	0.000938291	0.000938291	0.000938291	0.000938291	995
0.612	0.000167911	0.000167911	0.000167911	0.000167911	991
0.613	0.00125019	0.00125019	0.00125019	0.00125019	1036
0.614	0.00061118	0.00061118	0.00061118	0.00061118	966
0.615	0.000153878	0.000153878	0.000153878	0.000153878	980
0.616	0.000243393	0.000243393	0.000243393	0.000243393	1014
0.617	0.000524031	0.000524031	0.000524031	0.000524031	1032
0.618	0.000378151	0.000378151	0.000378151	0.000378151	952
0.619	0.000676433	0.000676433	0.000676433	0.000676433	942
0.62	0.000171646	0.000171646	0.000171646	0.000171646	1051
0.621	1.10883e-05	1.10883e-05	1.10883e-05	1.10883e-05	974
0.622	-0.00012206	-0.00012206	-0.00012206	-0.00012206	1029
0.623	0.000625049	0.000625049	0.000625049	0.000625049	1022
0.624	-8.94995e-05	-8.94995e-05	-8.94995e-05	-8.94995e-05	1019
0.625	-6.81275e-05	-6.81275e-05	-6.81275e-05	-6.81275e-05	1004
0.626	0.000181096	0.000181096	0.000181096	0.000181096	1058
0.627	-0.000251473	-0.000251473	-0.000251473	-0.000251473	1018
0.628	0.000190829	0.000190829	0.000190829	0.000190829	1025
0.629	0.000405501	0.000405501	0.000405501	0.000405501	1018
0.63	0.000606049	0.000606049	0.000606049	0.000606049	1091
0.631	0.000132403	0.000132403	0.000132403	0.000132403	1003
0.632	6.58077e-05	6.58077e-05	6.58077e-05	6.58077e-05	1009
0.633	0.0002853	0.0002853	0.0002853	0.0002853	966
0.634	0.000537301	0.000537301	0.000537301	0.000537301	941
0.635	0.000740619	0.000740619	0.000740619	0.000740619	970
0.636	0.000376931	0.000376931	0.000376931	0.000376931	1023
0.637	-4.33785e-05	-4.33785e-05	-4.33785e-05	-4.33785e-05	959
0.638	-4.50923e-05	-4.50923e-05	-4.50923e-05	-4.50923e-05	1029
0.639	-0.000500544	-0.000500544	-0.000500544	-0.000500544	919
0.64	0.000112617	0.000112617	0.000112617	0.000112617	959
0.641	-0.00019134	-0.00019134	-0.00019134	-0.00019134	970
0.642	-0.000167755	-0.000167755	-0.000167755	-0.000167755	1011
0.643	8.5947e-05	8.5947e-05	8.5947e-05	8.5947e-05	982
0.644	5.71429e-05	5.71429e-05	5.71429e-05	5.71429e-05	980
0.645	-1.41872e-05	-1.41872e-05	-1.41872e-05	-1.41872e-05	1015
0.646	-2.249e-05	-2.249e-05	-2.249e-05	-2.249e-05	996
0.647	-0.000423506	-0.000423506	-0.000423506	-0.000423506	1021
0.648	-0.000243249	-0.000243249	-0.000243249	-0.000243249	985
0.649	-0.00067686	-0.00067686	-0.00067686	-0.00067686	968
0.65	6.10718e-05	6.10718e-05	6.10718e-05	6.10718e-05	989
0.651	-8.62368e-05	-8.62368e-05	-8.62368e-05	-8.62368e-05	1039
0.652	-0.000477064	-0.000477064	-0.000477064	-0.000477064	981
0.653	-0.000167878	-0.000167878	-0.000167878	-0.000167878	1046
0.654	-6.72451e-05	-6.72451e-05	-6.72451e-05	-6.72451e-05	922
0.655	0.000593035	0.000593035	0.000593035	0.000593035	1005
0.656	0.000356734	0.000356734	0.000356734	0.000356734	943
0.657	-0.000371902	-0.000371902	-0.000371902	-0.000371902	1025
0.658	-7.42394e-05	-7.42394e-05	-7.42394e-05	-7.42394e-05	986
0.659	-0.000238446	-0.000238446	-0.000238446	-0.000238446	978
0.66	-0.000425766	-0.000425766	-0.000425766	-0.000425766	947
0.661	-0.000462979	-0.000462979	-0.000462979	-0.000462979	940
0.662	-0.000116183	-0.000116183	-0.000116183	-0.000116183	964
0.663	-3.15026e-05	-3.15026e-05	-3.15026e-05	-3.15026e-05	965
0.664	0.000216632	0.000216632	0.000216632	0.000216632	962
0.665	-0.000455441	-0.000455441	-0.000455441	-0.000455441	974
0.666	2.25705e-05	2.25705e-05	2.25705e-05	2.25705e-05	957
0.667	0.000131799	0.000131799	0.000131799	0.000131799	956
0.668	-0.000801283	-0.000801283	-0.000801283	-0.000801283	935
0.669	-0.000351004	-0.000351004	-0.000351004	-0.000351004	996
0.67	-0.000478494	-0.000478494	-0.000478494	-0.000478494	1009
0.671	-0.000183107	-0.000183107	-0.000183107	-0.000183107	959
0.672	0.000684558	0.000684558	0.000684558	0.000684558	939
0.673	-0.000379507	-0.000379507	-0.000379507	-0.000379507	1015
0.674	0.000576494	0.000576494	0.000576494	0.000576494	1004
0.675	0.000605634	0.000605634	0.000605634	0.000605634	994
0.676	0.000270072	0.000270072	0.000270072	0.000270072	979
0.677	8.96767e-05	8.96767e-05	8.96767e-05	8.96767e-05	959
0.678	0.000241517	0.000241517	0.000241517	0.000241517	949
0.679	0.000467078	0.000467078	0.000467078	0.000467078	972
0.68	0.000578279	0.000578279	0.000578279	0.000578279	976
0.681	0.000270732	0.000270732	0.000270732	0.000270732	984
0.682	0.000408821	0.000408821	0.000408821	0.000408821	1043
0.683	-4.21053e-06	-4.21053e-06	-4.21053e-06	-4.21053e-06	1045
0.684	-0.000335357	-0.000335357	-0.000335357	-0.000335357	1021
0.685	-0.00059424	-0.00059424	-0.00059424	-0.00059424	1007
0.686	-0.000504217	-0.000504217	-0.000504217	-0.000504217	1067
0.687	-0.000262592	-0.000262592	-0.000262592	-0.000262592	949
0.688	-0.000317709	-0.000317709	-0.000317709	-0.000317709	943
0.689	8.87562e-05	8.87562e-05	8.87562e-05	8.87562e-05	1005
0.69	0.000299289	0.000299289	0.000299289	0.000299289	985
0.691	0.000560584	0.000560584	0.000560584	0.000560584	959
0.692	0.00030664	0.00030664	0.00030664	0.00030664	994
0.693	0.00095799	0.00095799	0.00095799	0.00095799	995
0.694	0.000471859	0.000471859	0.000471859	0.000471859	963
0.695	0.000787276	0.000787276	0.000787276	0.000787276	1006
0.696	9.58466e-05	9.58466e-05	9.58466e-05	9.58466e-05	939
0.697	0.000392245	0.000392245	0.000392245	0.000392245	980
0.698	-0.000113171	-0.000113171	-0.000113171	-0.000113171	1025
0.699	0.000395538	0.000395538	0.000395538	0.000395538	986
0.7	0.000358002	0.000358002	0.000358002	0.000358002	981
0.701	0.000231515	0.000231515	0.000231515	0.000231515	990
0.702	-0.000271471	-0.000271471	-0.000271471	-0.000271471	999
0.703	5.88477e-05	5.88477e-05	5.88477e-05	5.88477e-05	972
0.704	7.28697e-05	7.28697e-05	7.28697e-05	7.28697e-05	1021
0.705	-2.79352e-05	-2.79352e-05	-2.79352e-05	-2.79352e-05	988
0.706	0.000369231	0.000369231	0.000369231	0.000369231	1040
0.707	0.000940395	0.000940395	0.000940395	0.000940395	963
0.708	0.000367035	0.000367035	0.000367035	0.000367035	995
0.709	0.0002252	0.0002252	0.0002252	0.0002252	1000
0.71	0.000221667	0.000221667	0.000221667	0.000221667	960
0.711	0.000982564	0.000982564	0.000982564	0.000982564	975
0.712	0.000360628	0.000360628	0.000360628	0.000360628	955
0.713	-9.40919e-05	-9.40919e-05	-9.40919e-05	-9.40919e-05	914
0.714	0.000960695	0.000960695	0.000960695	0.000960695	921
0.715	1.44869e-05	1.44869e-05	1.44869e-05	1.44869e-05	994
0.716	0.000133054	0.000133054	0.000133054	0.000133054	953
0.717	0.000238502	0.000238502	0.000238502	0.000238502	961
0.718	0.000505638	0.000505638	0.000505638	0.000505638	1011
0.719	2.04255e-05	2.04255e-05	2.04255e-05	2.04255e-05	940
0.72	0.000493266	0.000493266	0.000493266	0.000493266	995
0.721	-4.50358e-06	-4.50358e-06	-4.50358e-06	-4.50358e-06	977
0.722	-1.63424e-05	-1.63424e-05	-1.63424e-05	-1.63424e-05	1028
0.723	-0.000315516	-0.000315516	-0.000315516	-0.000315516	999
0.724	-0.000339394	-0.000339394	-0.000339394	-0.000339394	957
0.725	0.000528586	0.000528586	0.000528586	0.000528586	983
0.726	-0.000668208	-0.000668208	-0.000668208	-0.000668208	1038
0.727	-0.00026188	-0.00026188	-0.00026188	-0.00026188	947
0.728	-2.81319e-05	-2.81319e-05	-2.81319e-05	-2.81319e-05	910
0.729	0.000686869	0.000686869	0.000686869	0.000686869	891
0.73	0.000202503	0.000202503	0.000202503	0.000202503	879
0.731	-0.000276788	-0.000276788	-0.000276788	-0.000276788	909
0.732	0.000465539	0.000465539	0.000465539	0.000465539	946
0.733	0.000177497	0.000177497	0.000177497	0.000177497	951
0.734	0.000447429	0.000447429	0.000447429	0.000447429	953
0.735	-0.000272068	-0.000272068	-0.000272068	-0.000272068	938
0.736	-2.49735e-05	-2.49735e-05	-2.49735e-05	-2.49735e-05	945
0.737	-0.000216136	-0.000216136	-0.000216136	-0.000216136	942
0.738	0.00017807	0.00017807	0.00017807	0.00017807	912
0.739	0.000112221	0.000112221	0.000112221	0.000112221	941
0.74	0.000294456	0.000294456	0.000294456	0.000294456	974
0.741	-0.000806787	-0.000806787	-0.000806787	-0.000806787	943
0.742	-0.000522672	-0.000522672	-0.000522672	-0.000522672	988
0.743	-4.92813e-05	-4.92813e-05	-4.92813e-05	-4.92813e-05	974
0.744	-8.61476e-05	-8.61476e-05	-8.61476e-05	-8.61476e-05	989
0.745	-0.000369394	-0.000369394	-0.000369394	-0.000369394	941
0.746	-2.90221e-05	-2.90221e-05	-2.90221e-05	-2.90221e-05	951
0.747	-0.000433637	-0.000433637	-0.000433637	-0.000433637	987
0.748	-0.000103485	-0.000103485	-0.000103485	-0.000103485	947
0.749	0.000267396	0.000267396	0.000267396	0.000267396	914
0.75	-1.53691e-05	-1.53691e-05	-1.53691e-05	-1.53691e-05	989
0.751	4.8927e-05	4.8927e-05	4.8927e-05	4.8927e-05	932
0.752	-0.000136636	-0.000136636	-0.000136636	-0.000136636	969
0.753	0.000356699	0.000356699	0.000356699	0.000356699	933
0.754	0.000299795	0.000299795	0.000299795	0.000299795	974
0.755	-0.000544876	-0.000544876	-0.000544876	-0.000544876	1005
0.756	0.000112046	0.000112046	0.000112046	0.000112046	1046
0.757	-0.000142083	-0.000142083	-0.000142083	-0.000142083	960
0.758	0.000361117	0.000361117	0.000361117	0.000361117	967
0.759	0.000570159	0.000570159	0.000570159	0.000570159	945
0.76	0.000633713	0.000633713	0.000633713	0.000633713	967
0.761	0.00051218	0.00051218	0.00051218	0.00051218	977
0.762	0.000336799	0.000336799	0.000336799	0.000336799	981
0.763	0.000420042	0.000420042	0.000420042	0.000420042	958
0.764	0.000735417	0.000735417	0.000735417	0.000735417	960
0.765	0.000104212	0.000104212	0.000104212	0.000104212	1021
0.766	0.000825711	0.000825711	0.000825711	0.000825711	949
0.767	0.0005125	0.0005125	0.0005125	0.0005125	992
0.768	-0.000305431	-0.000305431	-0.000305431	-0.000305431	939
0.769	-4.57023e-05	-4.57023e-05	-4.57023e-05	-4.57023e-05	954
0.77	0.000324893	0.000324893	0.000324893	0.000324893	932
0.771	0.000381176	0.000381176	0.000381176	0.000381176	850
0.772	-0.000372327	-0.000372327	-0.000372327	-0.000372327	954
0.773	-0.000303361	-0.000303361	-0.000303361	-0.000303361	952
0.774	7.03934e-06	7.03934e-06	7.03934e-06	7.03934e-06	966
0.775	9.82086e-05	9.82086e-05	9.82086e-05	9.82086e-05	949
0.776	0.000879916	0.000879916	0.000879916	0.000879916	951
0.777	0.000413094	0.000413094	0.000413094	0.000413094	947
0.778	0.000468	0.000468	0.000468	0.000468	900
0.779	0.00016804	0.00016804	0.00016804	0.00016804	995
0.78	0.000309514	0.000309514	0.000309514	0.000309514	946
0.781	-0.000197868	-0.000197868	-0.000197868	-0.000197868	938
0.782	-0.000325261	-0.000325261	-0.000325261	-0.000325261	958
0.783	-0.000117872	-0.000117872	-0.000117872	-0.000117872	940
0.784	0.000335484	0.000335484	0.000335484	0.000335484	992
0.785	0.000560732	0.000560732	0.000560732	0.000560732	983
0.786	0.000240719	0.000240719	0.000240719	0.000240719	1002
0.787	5.82726e-06	5.82726e-06	5.82726e-06	5.82726e-06	961
0.788	-0.000177226	-0.000177226	-0.000177226	-0.000177226	966
0.789	3.91773e-05	3.91773e-05	3.91773e-05	3.91773e-05	1021
0.79	-0.000643006	-0.000643006	-0.000643006	-0.000643006	958
0.791	-0.000226896	-0.000226896	-0.000226896	-0.000226896	989
0.792	-0.00080426	-0.00080426	-0.00080426	-0.00080426	939
0.793	0.000268973	0.000268973	0.000268973	0.000268973	925
0.794	-0.000173695	-0.000173695	-0.000173695	-0.000173695	958
0.795	-3.08333e-05	-3.08333e-05	-3.08333e-05	-3.08333e-05	960
0.796	0.000854259	0.000854259	0.000854259	0.000854259	951
0.797	0.0008403	0.0008403	0.0008403	0.0008403	933
0.798	-2.78188e-05	-2.78188e-05	-2.78188e-05	-2.78188e-05	949
0.799	-4.57627e-05	-4.57627e-05	-4.57627e-05	-4.57627e-05	944
0.8	0.000437775	0.000437775	0.000437775	0.000437775	953
0.801	-0.000146178	-0.000146178	-0.000146178	-0.000146178	955
0.802	9.7641e-05	9.7641e-05	9.7641e-05	9.7641e-05	975
0.803	0.00012895	0.00012895	0.00012895	0.00012895	943
0.804	0.000515528	0.000515528	0.000515528	0.000515528	966
0.805	0.000451899	0.000451899	0.000451899	0.000451899	948
0.806	0.00035102	0.00035102	0.00035102	0.00035102	931
0.807	0.000960088	0.000960088	0.000960088	0.000960088	907
0.808	0.000286785	0.000286785	0.000286785	0.000286785	961
0.809	-9.10849e-05	-9.10849e-05	-9.10849e-05	-9.10849e-05	931
0.81	0.000375184	0.000375184	0.000375184	0.000375184	951
0.811	0.000901468	0.000901468	0.000901468	0.000901468	954
0.812	0.00020161	0.00020161	0.00020161	0.00020161	994
0.813	-0.000475928	-0.000475928	-0.000475928	-0.000475928	943
0.814	0.000239749	0.000239749	0.000239749	0.000239749	956
0.815	0.000579766	0.000579766	0.000579766	0.000579766	939
0.816	0.000270022	0.000270022	0.000270022	0.000270022	914
0.817	0.00077875	0.00077875	0.00077875	0.00077875	960
0.818	0.000748323	0.000748323	0.000748323	0.000748323	1014
0.819	0.000340151	0.000340151	0.000340151	0.000340151	929
0.82	0.000257402	0.000257402	0.000257402	0.000257402	993
0.821	0.000831191	0.000831191	0.000831191	0.000831191	949
0.822	0.000845996	0.000845996	0.000845996	0.000845996	974
0.823	0.00100499	0.00100499	0.00100499	0.00100499	962
0.824	0.000384708	0.000384708	0.000384708	0.000384708	994
0.825	0.000813851	0.000813851	0.000813851	0.000813851	953
0.826	0.000559657	0.000559657	0.000559657	0.000559657	932
0.827	0.000617058	0.000617058	0.000617058	0.000617058	938
0.828	0.00166004	0.00166004	0.00166004	0.00166004	946
0.829	0.000391966	0.000391966	0.000391966	0.000391966	946
0.83	0.000154068	0.000154068	0.000154068	0.000154068	971
0.831	0.00111417	0.00111417	0.00111417	0.00111417	1002
0.832	0.00191983	0.00191983	0.00191983	0.00191983	968
0.833	0.000183534	0.000183534	0.000183534	0.000183534	996
0.834	0.00066724	0.00066724	0.00066724	0.00066724	931
0.835	0.00100178	0.00100178	0.00100178	0.00100178	1011
0.836	0.000509434	0.000509434	0.000509434	0.000509434	954
0.837	0.000629521	0.000629521	0.000629521	0.000629521	1023
0.838	0.00140131	0.00140131	0.00140131	0.00140131	1065
0.839	0.00128599	0.00128599	0.00128599	0.00128599	949
0.84	0.00135693	0.00135693	0.00135693	0.00135693	1017
0.841	0.00140142	0.00140142	0.00140142	0.00140142	983
0.842	0.00146776	0.00146776	0.00146776	0.00146776	980
0.843	0.000985335	0.000985335	0.000985335	0.000985335	941
0.844	0.00050641	0.00050641	0.00050641	0.00050641	936
0.845	0.00060249	0.00060249	0.00060249	0.00060249	964
0.846	-3.02591e-05	-3.02591e-05	-3.02591e-05	-3.02591e-05	965
0.847	4.59487e-05	4.59487e-05	4.59487e-05	4.59487e-05	975
0.848	0.000446988	0.000446988	0.000446988	0.000446988	996
0.849	0.000530345	0.000530345	0.000530345	0.000530345	1071
0.85	0.000657426	0.000657426	0.000657426	0.000657426	1010
0.851	0.000335741	0.000335741	0.000335741	0.000335741	1052
0.852	0.000798417	0.000798417	0.000798417	0.000798417	1011
0.853	0.000574226	0.000574226	0.000574226	0.000574226	1001
0.854	0.000619569	0.000619569	0.000619569	0.000619569	1022
0.855	0.000547347	0.000547347	0.000547347	0.000547347	980
0.856	6.5005e-05	6.5005e-05	6.5005e-05	6.5005e-05	1003
0.857	-0.000356612	-0.000356612	-0.000356612	-0.000356612	968
0.858	-0.000199396	-0.000199396	-0.000199396	-0.000199396	993
0.859	0.000209583	0.000209583	0.000209583	0.000209583	960
0.86	3.65482e-05	3.65482e-05	3.65482e-05	3.65482e-05	985
0.861	0.000549799	0.000549799	0.000549799	0.000549799	996
0.862	0.000348036	0.000348036	0.000348036	0.000348036	993
0.863	0.00024877	0.00024877	0.00024877	0.00024877	976
0.864	-0.000111538	-0.000111538	-0.000111538	-0.000111538	936
0.865	-5.54371e-05	-5.54371e-05	-5.54371e-05	-5.54371e-05	938
0.866	0.000269633	0.000269633	0.000269633	0.000269633	899
0.867	0.000154472	0.000154472	0.000154472	0.000154472	984
0.868	0.000168699	0.000168699	0.000168699	0.000168699	984
0.869	0.000795846	0.000795846	0.000795846	0.000795846	963
0.87	-0.000178099	-0.000178099	-0.000178099	-0.000178099	968
0.871	0.000733119	0.000733119	0.000733119	0.000733119	933
0.872	0.000279828	0.000279828	0.000279828	0.000279828	932
0.873	0.000773701	0.000773701	0.000773701	0.000773701	943
0.874	0.000960167	0.000960167	0.000960167	0.000960167	959
0.875	-3.55739e-05	-3.55739e-05	-3.55739e-05	-3.55739e-05	967
0.876	0.000687371	0.000687371	0.000687371	0.000687371	966
0.877	0.000328184	0.000328184	0.000328184	0.000328184	958
0.878	0.000359451	0.000359451	0.000359451	0.000359451	947
0.879	0.000310117	0.000310117	0.000310117	0.000310117	939
0.88	0.000373189	0.000373189	0.000373189	0.000373189	925
0.881	-8.70833e-05	-8.70833e-05	-8.70833e-05	-8.70833e-05	960
0.882	0.000571849	0.000571849	0.000571849	0.000571849	952
0.883	0.000240081	0.000240081	0.000240081	0.000240081	993
0.884	0.00029203	0.00029203	0.00029203	0.00029203	941
0.885	0.000374974	0.000374974	0.000374974	0.000374974	975
0.886	0.000243028	0.000243028	0.000243028	0.000243028	1004
0.887	7.98292e-05	7.98292e-05	7.98292e-05	7.98292e-05	937
0.888	0.000682428	0.000682428	0.000682428	0.000682428	939
0.889	0.000733196	0.000733196	0.000733196	0.000733196	970
0.89	0.000397833	0.000397833	0.000397833	0.000397833	923
0.891	0.000283444	0.000283444	0.000283444	0.000283444	906
0.892	0.000709533	0.000709533	0.000709533	0.000709533	986
0.893	-2.81385e-05	-2.81385e-05	-2.81385e-05	-2.81385e-05	924
0.894	0.000563249	0.000563249	0.000563249	0.000563249	985
0.895	0.000899494	0.000899494	0.000899494	0.000899494	989
0.896	0.0012249	0.0012249	0.0012249	0.0012249	980
0.897	0.00118965	0.00118965	0.00118965	0.00118965	966
0.898	0.0010648	0.0010648	0.0010648	0.0010648	1000
0.899	0.0005804	0.0005804	0.0005804	0.0005804	949
0.9	0.000467979	0.000467979	0.000467979	0.000467979	965
0.901	0.000584462	0.000584462	0.000584462	0.000584462	1004
0.902	0.000533613	0.000533613	0.000533613	0.000533613	952
0.903	0.000316012	0.000316012	0.000316012	0.000316012	1043
0.904	0.000243277	0.000243277	0.000243277	0.000243277	952
0.905	0.000546956	0.000546956	0.000546956	0.000546956	969
0.906	0.000758494	0.000758494	0.000758494	0.000758494	983
0.907	0.00019089	0.00019089	0.00019089	0.00019089	966
0.908	0.000937003	0.000937003	0.000937003	0.000937003	981
0.909	-3.79747e-05	-3.79747e-05	-3.79747e-05	-3.79747e-05	948
0.91	0.0012028	0.0012028	0.0012028	0.0012028	1001
0.911	0.000739056	0.000739056	0.000739056	0.000739056	932
0.912	0.000102295	0.000102295	0.000102295	0.000102295	915
0.913	-3.69786e-05	-3.69786e-05	-3.69786e-05	-3.69786e-05	887
0.914	0.000635319	0.000635319	0.000635319	0.000635319	940
0.915	0.000748827	0.000748827	0.000748827	0.000748827	938
0.916	0.000860321	0.000860321	0.000860321	0.000860321	935
0.917	0.00117434	0.00117434	0.00117434	0.00117434	904
0.918	0.000671811	0.000671811	0.000671811	0.000671811	933
0.919	0.00124336	0.00124336	0.00124336	0.00124336	941
0.92	-0.000252026	-0.000252026	-0.000252026	-0.000252026	938
0.921	-0.000110374	-0.000110374	-0.000110374	-0.000110374	935
0.922	0.000959227	0.000959227	0.000959227	0.000959227	932
0.923	0.00112304	0.00112304	0.00112304	0.00112304	946
0.924	0.000717733	0.000717733	0.000717733	0.000717733	953
0.925	-0.000157143	-0.000157143	-0.000157143	-0.000157143	952
0.926	0.000112083	0.000112083	0.000112083	0.000112083	960
0.927	-7.48268e-05	-7.48268e-05	-7.48268e-05	-7.48268e-05	866
0.928	0.00012919	0.00012919	0.00012919	0.00012919	901
0.929	0.000340807	0.000340807	0.000340807	0.000340807	892
0.93	0.000884013	0.000884013	0.000884013	0.000884013	957
0.931	0.000854464	0.000854464	0.000854464	0.000854464	896
0.932	0.000609718	0.000609718	0.000609718	0.000609718	885
0.933	0.000478099	0.000478099	0.000478099	0.000478099	968
0.934	0.000759358	0.000759358	0.000759358	0.000759358	935
0.935	0.000335275	0.000335275	0.000335275	0.000335275	927
0.936	0.000327152	0.000327152	0.000327152	0.000327152	906
0.937	0.000100777	0.000100777	0.000100777	0.000100777	901
0.938	0.00113263	0.00113263	0.00113263	0.00113263	950
0.939	-4.0484e-05	-4.0484e-05	-4.0484e-05	-4.0484e-05	909
0.94	0.00124851	0.00124851	0.00124851	0.00124851	940
0.941	0.000324662	0.000324662	0.000324662	0.000324662	961
0.942	0.000322686	0.000322686	0.000322686	0.000322686	983
0.943	0.000950054	0.000950054	0.000950054	0.000950054	933
0.944	0.000716008	0.000716008	0.000716008	0.000716008	962
0.945	0.0012241	0.0012241	0.0012241	0.0012241	913
0.946	0.00061169	0.00061169	0.00061169	0.00061169	941
0.947	0.000927144	0.000927144	0.000927144	0.000927144	991
0.948	0.00102421	0.00102421	0.00102421	0.00102421	917
0.949	0.000668365	0.000668365	0.000668365	0.000668365	942
0.95	0.00110809	0.00110809	0.00110809	0.00110809	940
0.951	0.000836721	0.000836721	0.000836721	0.000836721	915
0.952	0.000223947	0.000223947	0.000223947	0.000223947	902
0.953	0.00089279	0.00089279	0.00089279	0.00089279	957
0.954	0.000740529	0.000740529	0.000740529	0.000740529	908
0.955	0.000205229	0.000205229	0.000205229	0.000205229	918
0.956	0.000686617	0.000686617	0.000686617	0.000686617	949
0.957	2.04255e-05	2.04255e-05	2.04255e-05	2.04255e-05	940
0.958	0.00051441	0.00051441	0.00051441	0.00051441	923
0.959	6.04651e-05	6.04651e-05	6.04651e-05	6.04651e-05	946
0.96	0.000647742	0.000647742	0.000647742	0.000647742	930
0.961	0.00018847	0.00018847	0.00018847	0.00018847	902
0.962	0.00157325	0.00157325	0.00157325	0.00157325	942
0.963	0.000831712	0.000831712	0.000831712	0.000831712	946
0.964	-0.000141975	-0.000141975	-0.000141975	-0.000141975	972
0.965	0.000165073	0.000165073	0.000165073	0.000165073	962
0.966	0.000794595	0.000794595	0.000794595	0.000794595	962
0.967	0.000652079	0.000652079	0.000652079	0.000652079	914
0.968	0.000692478	0.000692478	0.000692478	0.000692478	904
0.969	0.000601463	0.000601463	0.000601463	0.000601463	957
0.97	0.00115339	0.00115339	0.00115339	0.00115339	901
0.971	0.00086157	0.00086157	0.00086157	0.00086157	968
0.972	0.00117962	0.00117962	0.00117962	0.00117962	942
0.973	0.00141927	0.00141927	0.00141927	0.00141927	934
0.974	0.00123648	0.00123648	0.00123648	0.00123648	921
0.975	0.00118995	0.00118995	0.00118995	0.00118995	876
0.976	0.00104075	0.00104075	0.00104075	0.00104075	962
0.977	0.0012879	0.0012879	0.0012879	0.0012879	942
0.978	0.0017945	0.0017945	0.0017945	0.0017945	909
0.979	0.000831602	0.000831602	0.000831602	0.000831602	924
0.98	0.000866738	0.000866738	0.000866738	0.000866738	929
0.981	0.00111475	0.00111475	0.00111475	0.00111475	868
0.982	0.00145676	0.00145676	0.00145676	0.00145676	888
0.983	0.000896489	0.000896489	0.000896489	0.000896489	883
0.984	0.00137842	0.00137842	0.00137842	0.00137842	899
0.985	0.00162272	0.00162272	0.00162272	0.00162272	933
0.986	0.00156148	0.00156148	0.00156148	0.00156148	893
0.987	0.000941648	0.000941648	0.000941648	0.000941648	898
0.988	0.00144157	0.00144157	0.00144157	0.00144157	919
0.989	0.000304865	0.000304865	0.000304865	0.000304865	925
0.99	0.00039557	0.00039557	0.00039557	0.00039557	903
0.991	0.000967314	0.000967314	0.000967314	0.000967314	875
0.992	0.000425282	0.000425282	0.000425282	0.000425282	886
0.993	0.00043612	0.00043612	0.00043612	0.00043612	897
0.994	0.000124366	0.000124366	0.000124366	0.000124366	907
0.995	0.00113225	0.00113225	0.00113225	0.00113225	862
0.996	0.000671564	0.000671564	0.000671564	0.000671564	844
0.997	0.00072634	0.00072634	0.00072634	0.00072634	858
0.998	0.000122648	0.000122648	0.000122648	0.000122648	861
0.999	0.000328331	0.000328331	0.000328331	0.000328331	893
1	-0.000196018	-0.000196018	-0.000196018	-0.000196018	904
