0.001	0.0901367	0.0901367	0.0901367	0.0901367	1165
0.002	0.0826498	0.0826498	0.0826498	0.0826498	820
0.003	0.0740453	0.0740453	0.0740453	0.0740453	600
0.004	0.0683263	0.0683263	0.0683263	0.0683263	494
0.005	0.0583168	0.0583168	0.0583168	0.0583168	375
0.006	0.0497046	0.0497046	0.0497046	0.0497046	302
0.007	0.046953	0.046953	0.046953	0.046953	264
0.008	0.0471635	0.0471635	0.0471635	0.0471635	274
0.009	0.0493158	0.0493158	0.0493158	0.0493158	221
0.01	0.0399679	0.0399679	0.0399679	0.0399679	212
0.011	0.031681	0.031681	0.031681	0.031681	232
0.012	0.0282944	0.0282944	0.0282944	0.0282944	178
0.013	0.0282011	0.0282011	0.0282011	0.0282011	187
0.014	0.0284085	0.0284085	0.0284085	0.0284085	188
0.015	0.0233341	0.0233341	0.0233341	0.0233341	182
0.016	0.0251043	0.0251043	0.0251043	0.0251043	188
0.017	0.0237103	0.0237103	0.0237103	0.0237103	145
0.018	0.0134201	0.0134201	0.0134201	0.0134201	149
0.019	0.018586	0.018586	0.018586	0.018586	172
0.02	0.0202621	0.0202621	0.0202621	0.0202621	174
0.021	0.0194959	0.0194959	0.0194959	0.0194959	146
0.022	0.0159494	0.0159494	0.0159494	0.0159494	158
0.023	0.013756	0.013756	0.013756	0.013756	182
0.024	0.0199782	0.0199782	0.0199782	0.0199782	165
0.025	0.0125471	0.0125471	0.0125471	0.0125471	174
0.026	0.0126509	0.0126509	0.0126509	0.0126509	161
0.027	0.00872409	0.00872409	0.00872409	0.00872409	137
0.028	0.00983529	0.00983529	0.00983529	0.00983529	136
0.029	0.0157324	0.0157324	0.0157324	0.0157324	136
0.03	0.0130496	0.0130496	0.0130496	0.0130496	133
0.031	0.00735238	0.00735238	0.00735238	0.00735238	126
0.032	0.0107387	0.0107387	0.0107387	0.0107387	124
0.033	0.00856923	0.00856923	0.00856923	0.00856923	156
0.034	0.00578571	0.00578571	0.00578571	0.00578571	140
0.035	0.005775	0.005775	0.005775	0.005775	160
0.036	0.00938862	0.00938862	0.00938862	0.00938862	123
0.037	0.00264839	0.00264839	0.00264839	0.00264839	124
0.038	0.00598529	0.00598529	0.00598529	0.00598529	136
0.039	0.00265512	0.00265512	0.00265512	0.00265512	127
0.04	0.00529167	0.00529167	0.00529167	0.00529167	144
0.041	0.00261333	0.00261333	0.00261333	0.00261333	135
0.042	0.00303056	0.00303056	0.00303056	0.00303056	144
0.043	0.00407591	0.00407591	0.00407591	0.00407591	137
0.044	0.0138062	0.0138062	0.0138062	0.0138062	161
0.045	0.00525758	0.00525758	0.00525758	0.00525758	132
0.046	0.00531603	0.00531603	0.00531603	0.00531603	131
0.047	0.00497846	0.00497846	0.00497846	0.00497846	130
0.048	0.00513784	0.00513784	0.00513784	0.00513784	148
0.049	0.00606452	0.00606452	0.00606452	0.00606452	124
0.05	0.00358609	0.00358609	0.00358609	0.00358609	115
0.051	0.00309895	0.00309895	0.00309895	0.00309895	95
0.052	0.00269916	0.00269916	0.00269916	0.00269916	119
0.053	0.00166111	0.00166111	0.00166111	0.00166111	144
0.054	0.00262667	0.00262667	0.00262667	0.00262667	120
0.055	0.00148079	0.00148079	0.00148079	0.00148079	151
0.056	0.00812821	0.00812821	0.00812821	0.00812821	156
0.057	0.0049194	0.0049194	0.0049194	0.0049194	134
0.058	0.00874194	0.00874194	0.00874194	0.00874194	124
0.059	0.00869027	0.00869027	0.00869027	0.00869027	113
0.06	0.00739852	0.00739852	0.00739852	0.00739852	135
0.061	0.00492571	0.00492571	0.00492571	0.00492571	140
0.062	0.00574621	0.00574621	0.00574621	0.00574621	145
0.063	0.00371139	0.00371139	0.00371139	0.00371139	158
0.064	-7.61905e-05	-7.61905e-05	-7.61905e-05	-7.61905e-05	126
0.065	0.00389067	0.00389067	0.00389067	0.00389067	150
0.066	0.00529211	0.00529211	0.00529211	0.00529211	152
0.067	0.00185985	0.00185985	0.00185985	0.00185985	137
0.068	0.00276667	0.00276667	0.00276667	0.00276667	144
0.069	0.000425714	0.000425714	0.000425714	0.000425714	140
0.07	3.125e-06	3.125e-06	3.125e-06	3.125e-06	128
0.071	-0.0006368	-0.0006368	-0.0006368	-0.0006368	125
0.072	0.000846281	0.000846281	0.000846281	0.000846281	121
0.073	0.00383423	0.00383423	0.00383423	0.00383423	111
0.074	0.00529882	0.00529882	0.00529882	0.00529882	85
0.075	0.00493333	0.00493333	0.00493333	0.00493333	96
0.076	0.00242171	0.00242171	0.00242171	0.00242171	129
0.077	0.00800667	0.00800667	0.00800667	0.00800667	120
0.078	0.00513824	0.00513824	0.00513824	0.00513824	136
0.079	0.00414921	0.00414921	0.00414921	0.00414921	126
0.08	0.0025931	0.0025931	0.0025931	0.0025931	116
0.081	0.00486345	0.00486345	0.00486345	0.00486345	145
0.082	0.000556863	0.000556863	0.000556863	0.000556863	102
0.083	0.00138462	0.00138462	0.00138462	0.00138462	117
0.084	-0.00139583	-0.00139583	-0.00139583	-0.00139583	96
0.085	0.00143423	0.00143423	0.00143423	0.00143423	111
0.086	0.00145641	0.00145641	0.00145641	0.00145641	117
0.087	-0.00151818	-0.00151818	-0.00151818	-0.00151818	132
0.088	0.00447925	0.00447925	0.00447925	0.00447925	106
0.089	0.0003	0.0003	0.0003	0.0003	132
0.09	0.00396522	0.00396522	0.00396522	0.00396522	138
0.091	0.00558545	0.00558545	0.00558545	0.00558545	110
0.092	0.000663918	0.000663918	0.000663918	0.000663918	97
0.093	0.000254839	0.000254839	0.000254839	0.000254839	124
0.094	0.00318195	0.00318195	0.00318195	0.00318195	133
0.095	0.00305859	0.00305859	0.00305859	0.00305859	99
0.096	-0.00144071	-0.00144071	-0.00144071	-0.00144071	113
0.097	0.00188182	0.00188182	0.00188182	0.00188182	132
0.098	0.000423358	0.000423358	0.000423358	0.000423358	137
0.099	-0.00120597	-0.00120597	-0.00120597	-0.00120597	134
0.1	-0.000195918	-0.000195918	-0.000195918	-0.000195918	147
0.101	-0.000176744	-0.000176744	-0.000176744	-0.000176744	129
0.102	-0.000310526	-0.000310526	-0.000310526	-0.000310526	152
0.103	-0.00025	-0.00025	-0.00025	-0.00025	128
0.104	0.000448571	0.000448571	0.000448571	0.000448571	140
0.105	-0.00147642	-0.00147642	-0.00147642	-0.00147642	123
0.106	-0.000561983	-0.000561983	-0.000561983	-0.000561983	121
0.107	-0.000988235	-0.000988235	-0.000988235	-0.000988235	119
0.108	0.00118919	0.00118919	0.00118919	0.00118919	148
0.109	0.00211579	0.00211579	0.00211579	0.00211579	152
0.11	0.000134307	0.000134307	0.000134307	0.000134307	137
0.111	-0.000188095	-0.000188095	-0.000188095	-0.000188095	168
0.112	0.000816107	0.000816107	0.000816107	0.000816107	149
0.113	-0.00161667	-0.00161667	-0.00161667	-0.00161667	144
0.114	-0.00228444	-0.00228444	-0.00228444	-0.00228444	135
0.115	-0.00110977	-0.00110977	-0.00110977	-0.00110977	133
0.116	0.000639506	0.000639506	0.000639506	0.000639506	162
0.117	0.00373061	0.00373061	0.00373061	0.00373061	147
0.118	-0.000573913	-0.000573913	-0.000573913	-0.000573913	115
0.119	-8.06202e-05	-8.06202e-05	-8.06202e-05	-8.06202e-05	129
0.12	-0.00151405	-0.00151405	-0.00151405	-0.00151405	121
0.121	0.000192	0.000192	0.000192	0.000192	150
0.122	0.00025974	0.00025974	0.00025974	0.00025974	154
0.123	-1.01695e-05	-1.01695e-05	-1.01695e-05	-1.01695e-05	118
0.124	0.000243478	0.000243478	0.000243478	0.000243478	138
0.125	0.000870588	0.000870588	0.000870588	0.000870588	136
0.126	0.0007125	0.0007125	0.0007125	0.0007125	160
0.127	0.000948571	0.000948571	0.000948571	0.000948571	140
0.128	-0.000186667	-0.000186667	-0.000186667	-0.000186667	120
0.129	0.000949565	0.000949565	0.000949565	0.000949565	115
0.13	6.72e-05	6.72e-05	6.72e-05	6.72e-05	125
0.131	-0.00200593	-0.00200593	-0.00200593	-0.00200593	135
0.132	-0.0016973	-0.0016973	-0.0016973	-0.0016973	111
0.133	-0.000487879	-0.000487879	-0.000487879	-0.000487879	132
0.134	-0.00033007	-0.00033007	-0.00033007	-0.00033007	143
0.135	-0.000357252	-0.000357252	-0.000357252	-0.000357252	131
0.136	0.0017757	0.0017757	0.0017757	0.0017757	107
0.137	0.00191077	0.00191077	0.00191077	0.00191077	130
0.138	0.0031514	0.0031514	0.0031514	0.0031514	107
0.139	-0.000904348	-0.000904348	-0.000904348	-0.000904348	138
0.14	-0.00265517	-0.00265517	-0.00265517	-0.00265517	116
0.141	0.000220896	0.000220896	0.000220896	0.000220896	134
0.142	-0.00135484	-0.00135484	-0.00135484	-0.00135484	124
0.143	0.00263448	0.00263448	0.00263448	0.00263448	145
0.144	0.00188611	0.00188611	0.00188611	0.00188611	144
0.145	0.0060192	0.0060192	0.0060192	0.0060192	125
0.146	0.00189189	0.00189189	0.00189189	0.00189189	111
0.147	0.00365752	0.00365752	0.00365752	0.00365752	153
0.148	0.00275396	0.00275396	0.00275396	0.00275396	139
0.149	0.00100163	0.00100163	0.00100163	0.00100163	123
0.15	0.000335065	0.000335065	0.000335065	0.000335065	154
0.151	0.00211351	0.00211351	0.00211351	0.00211351	148
0.152	0.00399726	0.00399726	0.00399726	0.00399726	146
0.153	-0.000573793	-0.000573793	-0.000573793	-0.000573793	145
0.154	0.00322105	0.00322105	0.00322105	0.00322105	133
0.155	-0.00084	-0.00084	-0.00084	-0.00084	110
0.156	0.000386087	0.000386087	0.000386087	0.000386087	115
0.157	0.00431858	0.00431858	0.00431858	0.00431858	113
0.158	0.00198881	0.00198881	0.00198881	0.00198881	143
0.159	0.00184062	0.00184062	0.00184062	0.00184062	128
0.16	0.00145455	0.00145455	0.00145455	0.00145455	121
0.161	0.00161356	0.00161356	0.00161356	0.00161356	118
0.162	0.00119062	0.00119062	0.00119062	0.00119062	128
0.163	-0.000691525	-0.000691525	-0.000691525	-0.000691525	118
0.164	-8.85246e-05	-8.85246e-05	-8.85246e-05	-8.85246e-05	122
0.165	-0.00162059	-0.00162059	-0.00162059	-0.00162059	136
0.166	0.000877852	0.000877852	0.000877852	0.000877852	149
0.167	-0.000910769	-0.000910769	-0.000910769	-0.000910769	130
0.168	6.25e-06	6.25e-06	6.25e-06	6.25e-06	128
0.169	0.000765354	0.000765354	0.000765354	0.000765354	127
0.17	0.00122857	0.00122857	0.00122857	0.00122857	140
0.171	-0.00108125	-0.00108125	-0.00108125	-0.00108125	128
0.172	-0.000141538	-0.000141538	-0.000141538	-0.000141538	130
0.173	-0.000538182	-0.000538182	-0.000538182	-0.000538182	165
0.174	-0.000485294	-0.000485294	-0.000485294	-0.000485294	136
0.175	0.000511111	0.000511111	0.000511111	0.000511111	126
0.176	-0.00254305	-0.00254305	-0.00254305	-0.00254305	151
0.177	0.000112676	0.000112676	0.000112676	0.000112676	142
0.178	0.000337143	0.000337143	0.000337143	0.000337143	140
0.179	0.00196788	0.00196788	0.00196788	0.00196788	137
0.18	0.000644118	0.000644118	0.000644118	0.000644118	136
0.181	-0.000442105	-0.000442105	-0.000442105	-0.000442105	152
0.182	0.00108	0.00108	0.00108	0.00108	140
0.183	0.0019375	0.0019375	0.0019375	0.0019375	128
0.184	-0.00237568	-0.00237568	-0.00237568	-0.00237568	148
0.185	-0.00189714	-0.00189714	-0.00189714	-0.00189714	140
0.186	-0.000724832	-0.000724832	-0.000724832	-0.000724832	149
0.187	-0.00518182	-0.00518182	-0.00518182	-0.00518182	110
0.188	-0.00260157	-0.00260157	-0.00260157	-0.00260157	127
0.189	-0.000693548	-0.000693548	-0.000693548	-0.000693548	124
0.19	-0.00219832	-0.00219832	-0.00219832	-0.00219832	119
0.191	1.33333e-05	1.33333e-05	1.33333e-05	1.33333e-05	120
0.192	-0.00233171	-0.00233171	-0.00233171	-0.00233171	123
0.193	-0.00151261	-0.00151261	-0.00151261	-0.00151261	119
0.194	-0.00155593	-0.00155593	-0.00155593	-0.00155593	118
0.195	-0.00176774	-0.00176774	-0.00176774	-0.00176774	124
0.196	-0.00314286	-0.00314286	-0.00314286	-0.00314286	126
0.197	0.00109091	0.00109091	0.00109091	0.00109091	121
0.198	-0.00265161	-0.00265161	-0.00265161	-0.00265161	124
0.199	7.63158e-05	7.63158e-05	7.63158e-05	7.63158e-05	152
0.2	-1.3986e-05	-1.3986e-05	-1.3986e-05	-1.3986e-05	143
0.201	-0.00113577	-0.00113577	-0.00113577	-0.00113577	137
0.202	-4.41379e-05	-4.41379e-05	-4.41379e-05	-4.41379e-05	145
0.203	-0.00139333	-0.00139333	-0.00139333	-0.00139333	120
0.204	-0.000852288	-0.000852288	-0.000852288	-0.000852288	153
0.205	0.00183284	0.00183284	0.00183284	0.00183284	134
0.206	0.00195355	0.00195355	0.00195355	0.00195355	155
0.207	0.00279712	0.00279712	0.00279712	0.00279712	139
0.208	0.000491339	0.000491339	0.000491339	0.000491339	127
0.209	0.000374074	0.000374074	0.000374074	0.000374074	108
0.21	0.0008	0.0008	0.0008	0.0008	129
0.211	-0.00026875	-0.00026875	-0.00026875	-0.00026875	128
0.212	0.00214574	0.00214574	0.00214574	0.00214574	129
0.213	-0.00174815	-0.00174815	-0.00174815	-0.00174815	108
0.214	0.00166617	0.00166617	0.00166617	0.00166617	133
0.215	0.00174264	0.00174264	0.00174264	0.00174264	129
0.216	0.00211009	0.00211009	0.00211009	0.00211009	109
0.217	6.50407e-06	6.50407e-06	6.50407e-06	6.50407e-06	123
0.218	-0.000657143	-0.000657143	-0.000657143	-0.000657143	126
0.219	-0.000557823	-0.000557823	-0.000557823	-0.000557823	147
0.22	0.00337323	0.00337323	0.00337323	0.00337323	127
0.221	3.7037e-05	3.7037e-05	3.7037e-05	3.7037e-05	108
0.222	0.00250333	0.00250333	0.00250333	0.00250333	120
0.223	8e-05	8e-05	8e-05	8e-05	130
0.224	0.00390312	0.00390312	0.00390312	0.00390312	128
0.225	0.00399658	0.00399658	0.00399658	0.00399658	117
0.226	-0.000433898	-0.000433898	-0.000433898	-0.000433898	118
0.227	-0.000276923	-0.000276923	-0.000276923	-0.000276923	91
0.228	-0.00121455	-0.00121455	-0.00121455	-0.00121455	110
0.229	0.00184615	0.00184615	0.00184615	0.00184615	117
0.23	0.0020313	0.0020313	0.0020313	0.0020313	115
0.231	0.00386435	0.00386435	0.00386435	0.00386435	115
0.232	0.00590345	0.00590345	0.00590345	0.00590345	116
0.233	0.00501887	0.00501887	0.00501887	0.00501887	106
0.234	0.00429421	0.00429421	0.00429421	0.00429421	121
0.235	0.00496991	0.00496991	0.00496991	0.00496991	113
0.236	0.00686018	0.00686018	0.00686018	0.00686018	113
0.237	0.00265455	0.00265455	0.00265455	0.00265455	110
0.238	0.000517431	0.000517431	0.000517431	0.000517431	109
0.239	0.000137634	0.000137634	0.000137634	0.000137634	93
0.24	0.00057479	0.00057479	0.00057479	0.00057479	119
0.241	-0.0009472	-0.0009472	-0.0009472	-0.0009472	125
0.242	-0.00247434	-0.00247434	-0.00247434	-0.00247434	113
0.243	-0.00235728	-0.00235728	-0.00235728	-0.00235728	103
0.244	-0.00221947	-0.00221947	-0.00221947	-0.00221947	113
0.245	-0.0001	-0.0001	-0.0001	-0.0001	112
0.246	-0.0020192	-0.0020192	-0.0020192	-0.0020192	125
0.247	-0.00193714	-0.00193714	-0.00193714	-0.00193714	140
0.248	-6.34921e-05	-6.34921e-05	-6.34921e-05	-6.34921e-05	126
0.249	-0.00165507	-0.00165507	-0.00165507	-0.00165507	138
0.25	-0.000202941	-0.000202941	-0.000202941	-0.000202941	136
0.251	0.000977778	0.000977778	0.000977778	0.000977778	126
0.252	0.00200923	0.00200923	0.00200923	0.00200923	130
0.253	-0.000105263	-0.000105263	-0.000105263	-0.000105263	114
0.254	0.00216311	0.00216311	0.00216311	0.00216311	103
0.255	-0.00137953	-0.00137953	-0.00137953	-0.00137953	127
0.256	0.00197483	0.00197483	0.00197483	0.00197483	143
0.257	-0.000840945	-0.000840945	-0.000840945	-0.000840945	127
0.258	-0.00143333	-0.00143333	-0.00143333	-0.00143333	144
0.259	-0.00257987	-0.00257987	-0.00257987	-0.00257987	149
0.26	0.000431788	0.000431788	0.000431788	0.000431788	151
0.261	-0.00349457	-0.00349457	-0.00349457	-0.00349457	129
0.262	-0.00275266	-0.00275266	-0.00275266	-0.00275266	169
0.263	-0.000755556	-0.000755556	-0.000755556	-0.000755556	153
0.264	-0.00187563	-0.00187563	-0.00187563	-0.00187563	119
0.265	0.000615126	0.000615126	0.000615126	0.000615126	119
0.266	-0.00039084	-0.00039084	-0.00039084	-0.00039084	131
0.267	0.00179504	0.00179504	0.00179504	0.00179504	121
0.268	0.00346074	0.00346074	0.00346074	0.00346074	135
0.269	0.00101705	0.00101705	0.00101705	0.00101705	129
0.27	-0.00058125	-0.00058125	-0.00058125	-0.00058125	128
0.271	0.00135833	0.00135833	0.00135833	0.00135833	144
0.272	0.00133458	0.00133458	0.00133458	0.00133458	107
0.273	0.00196433	0.00196433	0.00196433	0.00196433	157
0.274	0.00361221	0.00361221	0.00361221	0.00361221	131
0.275	-0.000648649	-0.000648649	-0.000648649	-0.000648649	111
0.276	0.000390551	0.000390551	0.000390551	0.000390551	127
0.277	-0.000369492	-0.000369492	-0.000369492	-0.000369492	118
0.278	-0.00078806	-0.00078806	-0.00078806	-0.00078806	134
0.279	-0.000648649	-0.000648649	-0.000648649	-0.000648649	111
0.28	0.000426016	0.000426016	0.000426016	0.000426016	123
0.281	0.000509859	0.000509859	0.000509859	0.000509859	142
0.282	-0.000144615	-0.000144615	-0.000144615	-0.000144615	130
0.283	0.000785542	0.000785542	0.000785542	0.000785542	166
0.284	-0.000834043	-0.000834043	-0.000834043	-0.000834043	141
0.285	-0.00116923	-0.00116923	-0.00116923	-0.00116923	156
0.286	0.000626667	0.000626667	0.000626667	0.000626667	120
0.287	-0.000557962	-0.000557962	-0.000557962	-0.000557962	157
0.288	-0.000658824	-0.000658824	-0.000658824	-0.000658824	136
0.289	-0.000902778	-0.000902778	-0.000902778	-0.000902778	144
0.29	0.00288296	0.00288296	0.00288296	0.00288296	135
0.291	0.00360602	0.00360602	0.00360602	0.00360602	133
0.292	0.00214085	0.00214085	0.00214085	0.00214085	142
0.293	-0.00105091	-0.00105091	-0.00105091	-0.00105091	110
0.294	-0.000692437	-0.000692437	-0.000692437	-0.000692437	119
0.295	-0.00025641	-0.00025641	-0.00025641	-0.00025641	117
0.296	-0.000768254	-0.000768254	-0.000768254	-0.000768254	126
0.297	-0.0013374	-0.0013374	-0.0013374	-0.0013374	131
0.298	-0.0021561	-0.0021561	-0.0021561	-0.0021561	123
0.299	-0.00025124	-0.00025124	-0.00025124	-0.00025124	121
0.3	-0.00171014	-0.00171014	-0.00171014	-0.00171014	138
0.301	-0.00296634	-0.00296634	-0.00296634	-0.00296634	101
0.302	-0.00199333	-0.00199333	-0.00199333	-0.00199333	120
0.303	-0.00374035	-0.00374035	-0.00374035	-0.00374035	114
0.304	-7.78761e-05	-7.78761e-05	-7.78761e-05	-7.78761e-05	113
0.305	0.00145714	0.00145714	0.00145714	0.00145714	140
0.306	-0.000855072	-0.000855072	-0.000855072	-0.000855072	138
0.307	-0.000711504	-0.000711504	-0.000711504	-0.000711504	113
0.308	-0.000266667	-0.000266667	-0.000266667	-0.000266667	141
0.309	-0.00398938	-0.00398938	-0.00398938	-0.00398938	113
0.31	-0.00123768	-0.00123768	-0.00123768	-0.00123768	138
0.311	0.000297143	0.000297143	0.000297143	0.000297143	105
0.312	-0.000538129	-0.000538129	-0.000538129	-0.000538129	139
0.313	-0.0006375	-0.0006375	-0.0006375	-0.0006375	128
0.314	0.00125049	0.00125049	0.00125049	0.00125049	103
0.315	0.00135126	0.00135126	0.00135126	0.00135126	119
0.316	-0.00192566	-0.00192566	-0.00192566	-0.00192566	113
0.317	0.000874627	0.000874627	0.000874627	0.000874627	134
0.318	-0.00098125	-0.00098125	-0.00098125	-0.00098125	128
0.319	-0.0023283	-0.0023283	-0.0023283	-0.0023283	106
0.32	6.95652e-06	6.95652e-06	6.95652e-06	6.95652e-06	115
0.321	0.00714098	0.00714098	0.00714098	0.00714098	122
0.322	0.00065614	0.00065614	0.00065614	0.00065614	114
0.323	-0.000441935	-0.000441935	-0.000441935	-0.000441935	124
0.324	0.00391864	0.00391864	0.00391864	0.00391864	118
0.325	0.000872727	0.000872727	0.000872727	0.000872727	99
0.326	0.000707965	0.000707965	0.000707965	0.000707965	113
0.327	0.00152269	0.00152269	0.00152269	0.00152269	119
0.328	0.00131875	0.00131875	0.00131875	0.00131875	128
0.329	2.17391e-05	2.17391e-05	2.17391e-05	2.17391e-05	92
0.33	-0.000478351	-0.000478351	-0.000478351	-0.000478351	97
0.331	-0.000666667	-0.000666667	-0.000666667	-0.000666667	126
0.332	0.000982946	0.000982946	0.000982946	0.000982946	129
0.333	-0.000176224	-0.000176224	-0.000176224	-0.000176224	143
0.334	0.000608451	0.000608451	0.000608451	0.000608451	142
0.335	-0.000261871	-0.000261871	-0.000261871	-0.000261871	139
0.336	-0.000647059	-0.000647059	-0.000647059	-0.000647059	136
0.337	-0.00183937	-0.00183937	-0.00183937	-0.00183937	127
0.338	-0.00173953	-0.00173953	-0.00173953	-0.00173953	129
0.339	-0.0027854	-0.0027854	-0.0027854	-0.0027854	137
0.34	0.000437931	0.000437931	0.000437931	0.000437931	116
0.341	-0.000817266	-0.000817266	-0.000817266	-0.000817266	139
0.342	0.000453543	0.000453543	0.000453543	0.000453543	127
0.343	0.000777778	0.000777778	0.000777778	0.000777778	144
0.344	-0.000289051	-0.000289051	-0.000289051	-0.000289051	137
0.345	0.000511111	0.000511111	0.000511111	0.000511111	126
0.346	-0.00159192	-0.00159192	-0.00159192	-0.00159192	99
0.347	-0.000404	-0.000404	-0.000404	-0.000404	100
0.348	-0.000923711	-0.000923711	-0.000923711	-0.000923711	97
0.349	-0.00188679	-0.00188679	-0.00188679	-0.00188679	106
0.35	-0.00190877	-0.00190877	-0.00190877	-0.00190877	114
0.351	-0.000629126	-0.000629126	-0.000629126	-0.000629126	103
0.352	-0.00263656	-0.00263656	-0.00263656	-0.00263656	93
0.353	0.0001408	0.0001408	0.0001408	0.0001408	125
0.354	-0.000672973	-0.000672973	-0.000672973	-0.000672973	148
0.355	0.00269412	0.00269412	0.00269412	0.00269412	136
0.356	-0.00021745	-0.00021745	-0.00021745	-0.00021745	149
0.357	9.13386e-05	9.13386e-05	9.13386e-05	9.13386e-05	127
0.358	0.000752756	0.000752756	0.000752756	0.000752756	127
0.359	0.0010931	0.0010931	0.0010931	0.0010931	116
0.36	-0.00434198	-0.00434198	-0.00434198	-0.00434198	131
0.361	-0.00254634	-0.00254634	-0.00254634	-0.00254634	123
0.362	-0.0026	-0.0026	-0.0026	-0.0026	132
0.363	-0.00157209	-0.00157209	-0.00157209	-0.00157209	129
0.364	-0.00254379	-0.00254379	-0.00254379	-0.00254379	153
0.365	-0.00179692	-0.00179692	-0.00179692	-0.00179692	130
0.366	0.000470968	0.000470968	0.000470968	0.000470968	124
0.367	-0.000565926	-0.000565926	-0.000565926	-0.000565926	135
0.368	-0.000661333	-0.000661333	-0.000661333	-0.000661333	150
0.369	-0.00113636	-0.00113636	-0.00113636	-0.00113636	132
0.37	7.74194e-06	7.74194e-06	7.74194e-06	7.74194e-06	155
0.371	0.00018705	0.00018705	0.00018705	0.00018705	139
0.372	-0.000321495	-0.000321495	-0.000321495	-0.000321495	107
0.373	-0.00138435	-0.00138435	-0.00138435	-0.00138435	115
0.374	-0.00181818	-0.00181818	-0.00181818	-0.00181818	110
0.375	-0.000135338	-0.000135338	-0.000135338	-0.000135338	133
0.376	-0.00126557	-0.00126557	-0.00126557	-0.00126557	122
0.377	0.00136986	0.00136986	0.00136986	0.00136986	146
0.378	-0.00185161	-0.00185161	-0.00185161	-0.00185161	124
0.379	-0.00365625	-0.00365625	-0.00365625	-0.00365625	128
0.38	-0.00212138	-0.00212138	-0.00212138	-0.00212138	145
0.381	-0.00128595	-0.00128595	-0.00128595	-0.00128595	121
0.382	-0.000845217	-0.000845217	-0.000845217	-0.000845217	115
0.383	-0.00145429	-0.00145429	-0.00145429	-0.00145429	140
0.384	-0.00102642	-0.00102642	-0.00102642	-0.00102642	106
0.385	-0.000772308	-0.000772308	-0.000772308	-0.000772308	130
0.386	-0.00114154	-0.00114154	-0.00114154	-0.00114154	130
0.387	-0.00180148	-0.00180148	-0.00180148	-0.00180148	135
0.388	0.00113628	0.00113628	0.00113628	0.00113628	113
0.389	0.0014	0.0014	0.0014	0.0014	118
0.39	0.000208163	0.000208163	0.000208163	0.000208163	98
0.391	0.000792982	0.000792982	0.000792982	0.000792982	114
0.392	0.000624299	0.000624299	0.000624299	0.000624299	107
0.393	-1.83206e-05	-1.83206e-05	-1.83206e-05	-1.83206e-05	131
0.394	0.000192366	0.000192366	0.000192366	0.000192366	131
0.395	-0.000659155	-0.000659155	-0.000659155	-0.000659155	142
0.396	-0.000334211	-0.000334211	-0.000334211	-0.000334211	152
0.397	-0.00244615	-0.00244615	-0.00244615	-0.00244615	130
0.398	-0.000443796	-0.000443796	-0.000443796	-0.000443796	137
0.399	0.000367213	0.000367213	0.000367213	0.000367213	122
0.4	-0.000271429	-0.000271429	-0.000271429	-0.000271429	112
0.401	-0.000530769	-0.000530769	-0.000530769	-0.000530769	104
0.402	0.000341379	0.000341379	0.000341379	0.000341379	116
0.403	0.00277	0.00277	0.00277	0.00277	120
0.404	-0.000386667	-0.000386667	-0.000386667	-0.000386667	120
0.405	0.000781679	0.000781679	0.000781679	0.000781679	131
0.406	-0.00084918	-0.00084918	-0.00084918	-0.00084918	122
0.407	0.000857143	0.000857143	0.000857143	0.000857143	154
0.408	5.83942e-05	5.83942e-05	5.83942e-05	5.83942e-05	137
0.409	-0.00131387	-0.00131387	-0.00131387	-0.00131387	137
0.41	-0.000633094	-0.000633094	-0.000633094	-0.000633094	139
0.411	-0.00227273	-0.00227273	-0.00227273	-0.00227273	154
0.412	-0.00278857	-0.00278857	-0.00278857	-0.00278857	140
0.413	-0.0035125	-0.0035125	-0.0035125	-0.0035125	160
0.414	-0.0030169	-0.0030169	-0.0030169	-0.0030169	142
0.415	0.000876503	0.000876503	0.000876503	0.000876503	183
0.416	0.00147285	0.00147285	0.00147285	0.00147285	151
0.417	0.000422535	0.000422535	0.000422535	0.000422535	142
0.418	0.00116456	0.00116456	0.00116456	0.00116456	158
0.419	-0.00075188	-0.00075188	-0.00075188	-0.00075188	133
0.42	0.00140526	0.00140526	0.00140526	0.00140526	152
0.421	-0.000372093	-0.000372093	-0.000372093	-0.000372093	129
0.422	-0.000142675	-0.000142675	-0.000142675	-0.000142675	157
0.423	0.0037027	0.0037027	0.0037027	0.0037027	148
0.424	-0.000148031	-0.000148031	-0.000148031	-0.000148031	127
0.425	-0.00232941	-0.00232941	-0.00232941	-0.00232941	119
0.426	0.00104681	0.00104681	0.00104681	0.00104681	141
0.427	-0.000432727	-0.000432727	-0.000432727	-0.000432727	110
0.428	-0.000190323	-0.000190323	-0.000190323	-0.000190323	124
0.429	0.000780645	0.000780645	0.000780645	0.000780645	124
0.43	0.000729032	0.000729032	0.000729032	0.000729032	124
0.431	-0.00109412	-0.00109412	-0.00109412	-0.00109412	136
0.432	-0.00199636	-0.00199636	-0.00199636	-0.00199636	110
0.433	-0.001916	-0.001916	-0.001916	-0.001916	100
0.434	0.0016871	0.0016871	0.0016871	0.0016871	124
0.435	-0.0001888	-0.0001888	-0.0001888	-0.0001888	125
0.436	-0.000247059	-0.000247059	-0.000247059	-0.000247059	136
0.437	-0.000464	-0.000464	-0.000464	-0.000464	125
0.438	0.000757895	0.000757895	0.000757895	0.000757895	133
0.439	-0.00180513	-0.00180513	-0.00180513	-0.00180513	117
0.44	-1.30081e-05	-1.30081e-05	-1.30081e-05	-1.30081e-05	123
0.441	0.000946875	0.000946875	0.000946875	0.000946875	128
0.442	0.00334701	0.00334701	0.00334701	0.00334701	117
0.443	0.000617544	0.000617544	0.000617544	0.000617544	114
0.444	0.000332258	0.000332258	0.000332258	0.000332258	124
0.445	-0.00197143	-0.00197143	-0.00197143	-0.00197143	98
0.446	-0.000582143	-0.000582143	-0.000582143	-0.000582143	112
0.447	-0.00207308	-0.00207308	-0.00207308	-0.00207308	104
0.448	-0.00232727	-0.00232727	-0.00232727	-0.00232727	121
0.449	-0.00212283	-0.00212283	-0.00212283	-0.00212283	127
0.45	-0.000439695	-0.000439695	-0.000439695	-0.000439695	131
0.451	-0.000463492	-0.000463492	-0.000463492	-0.000463492	126
0.452	0.0014	0.0014	0.0014	0.0014	122
0.453	-0.00218356	-0.00218356	-0.00218356	-0.00218356	146
0.454	-0.00240602	-0.00240602	-0.00240602	-0.00240602	133
0.455	-0.0015	-0.0015	-0.0015	-0.0015	136
0.456	-0.00358195	-0.00358195	-0.00358195	-0.00358195	133
0.457	-0.000189928	-0.000189928	-0.000189928	-0.000189928	139
0.458	-0.000402857	-0.000402857	-0.000402857	-0.000402857	140
0.459	-0.00163165	-0.00163165	-0.00163165	-0.00163165	139
0.46	-0.00170545	-0.00170545	-0.00170545	-0.00170545	110
0.461	-0.00187967	-0.00187967	-0.00187967	-0.00187967	123
0.462	-0.0001248	-0.0001248	-0.0001248	-0.0001248	125
0.463	-0.00187719	-0.00187719	-0.00187719	-0.00187719	114
0.464	-0.000956522	-0.000956522	-0.000956522	-0.000956522	138
0.465	0.00210265	0.00210265	0.00210265	0.00210265	113
0.466	0.000336424	0.000336424	0.000336424	0.000336424	151
0.467	0.0017184	0.0017184	0.0017184	0.0017184	125
0.468	0.00165556	0.00165556	0.00165556	0.00165556	144
0.469	0.0017697	0.0017697	0.0017697	0.0017697	132
0.47	-0.000508333	-0.000508333	-0.000508333	-0.000508333	144
0.471	-0.000486667	-0.000486667	-0.000486667	-0.000486667	120
0.472	-0.001825	-0.001825	-0.001825	-0.001825	128
0.473	2.91971e-05	2.91971e-05	2.91971e-05	2.91971e-05	137
0.474	-0.0020595	-0.0020595	-0.0020595	-0.0020595	121
0.475	0.000907826	0.000907826	0.000907826	0.000907826	115
0.476	0.000514851	0.000514851	0.000514851	0.000514851	101
0.477	-0.000964179	-0.000964179	-0.000964179	-0.000964179	134
0.478	0.000634711	0.000634711	0.000634711	0.000634711	121
0.479	0.00107481	0.00107481	0.00107481	0.00107481	131
0.48	0.00131692	0.00131692	0.00131692	0.00131692	130
0.481	0.000963975	0.000963975	0.000963975	0.000963975	161
0.482	-0.00110534	-0.00110534	-0.00110534	-0.00110534	131
0.483	-0.000176471	-0.000176471	-0.000176471	-0.000176471	136
0.484	0.000559441	0.000559441	0.000559441	0.000559441	143
0.485	-0.00187246	-0.00187246	-0.00187246	-0.00187246	138
0.486	-0.00217576	-0.00217576	-0.00217576	-0.00217576	132
0.487	-0.000177778	-0.000177778	-0.000177778	-0.000177778	126
0.488	0.00106861	0.00106861	0.00106861	0.00106861	137
0.489	-0.0004992	-0.0004992	-0.0004992	-0.0004992	125
0.49	0.00155385	0.00155385	0.00155385	0.00155385	130
0.491	0.0018127	0.0018127	0.0018127	0.0018127	126
0.492	0.000491034	0.000491034	0.000491034	0.000491034	145
0.493	-0.00102185	-0.00102185	-0.00102185	-0.00102185	119
0.494	-0.00047395	-0.00047395	-0.00047395	-0.00047395	119
0.495	0.00134516	0.00134516	0.00134516	0.00134516	124
0.496	0.000384	0.000384	0.000384	0.000384	125
0.497	-0.000436923	-0.000436923	-0.000436923	-0.000436923	130
0.498	0.000621875	0.000621875	0.000621875	0.000621875	128
0.499	-0.00114435	-0.00114435	-0.00114435	-0.00114435	115
0.5	-0.00272667	-0.00272667	-0.00272667	-0.00272667	120
0.501	-0.00174182	-0.00174182	-0.00174182	-0.00174182	110
0.502	-0.000513386	-0.000513386	-0.000513386	-0.000513386	127
0.503	0.00154472	0.00154472	0.00154472	0.00154472	123
0.504	0.0012	0.0012	0.0012	0.0012	126
0.505	0.00179697	0.00179697	0.00179697	0.00179697	132
0.506	0.00121212	0.00121212	0.00121212	0.00121212	132
0.507	0.00227611	0.00227611	0.00227611	0.00227611	113
0.508	0.000929293	0.000929293	0.000929293	0.000929293	99
0.509	0.000642735	0.000642735	0.000642735	0.000642735	117
0.51	0.00192667	0.00192667	0.00192667	0.00192667	120
0.511	-0.000590909	-0.000590909	-0.000590909	-0.000590909	132
0.512	0.00111927	0.00111927	0.00111927	0.00111927	109
0.513	0.000921008	0.000921008	0.000921008	0.000921008	119
0.514	-0.000969106	-0.000969106	-0.000969106	-0.000969106	123
0.515	-0.000462385	-0.000462385	-0.000462385	-0.000462385	109
0.516	-0.00205981	-0.00205981	-0.00205981	-0.00205981	107
0.517	-0.00328846	-0.00328846	-0.00328846	-0.00328846	104
0.518	-0.00127059	-0.00127059	-0.00127059	-0.00127059	102
0.519	-0.00229333	-0.00229333	-0.00229333	-0.00229333	105
0.52	-0.000188506	-0.000188506	-0.000188506	-0.000188506	87
0.521	0.000675472	0.000675472	0.000675472	0.000675472	106
0.522	0.00286612	0.00286612	0.00286612	0.00286612	121
0.523	-0.00182745	-0.00182745	-0.00182745	-0.00182745	102
0.524	-0.0012449	-0.0012449	-0.0012449	-0.0012449	98
0.525	-0.000190291	-0.000190291	-0.000190291	-0.000190291	103
0.526	0.000454839	0.000454839	0.000454839	0.000454839	124
0.527	0.00219655	0.00219655	0.00219655	0.00219655	116
0.528	0.00155273	0.00155273	0.00155273	0.00155273	110
0.529	0.000653435	0.000653435	0.000653435	0.000653435	131
0.53	0.00148615	0.00148615	0.00148615	0.00148615	130
0.531	0.00195	0.00195	0.00195	0.00195	112
0.532	0.0003424	0.0003424	0.0003424	0.0003424	125
0.533	0.00055619	0.00055619	0.00055619	0.00055619	105
0.534	-0.00238797	-0.00238797	-0.00238797	-0.00238797	133
0.535	0.000684615	0.000684615	0.000684615	0.000684615	104
0.536	7.37589e-05	7.37589e-05	7.37589e-05	7.37589e-05	141
0.537	-0.00110355	-0.00110355	-0.00110355	-0.00110355	141
0.538	0.000381955	0.000381955	0.000381955	0.000381955	133
0.539	-0.000634146	-0.000634146	-0.000634146	-0.000634146	123
0.54	-0.00145899	-0.00145899	-0.00145899	-0.00145899	139
0.541	-0.00386457	-0.00386457	-0.00386457	-0.00386457	127
0.542	0.000771014	0.000771014	0.000771014	0.000771014	138
0.543	0.00135143	0.00135143	0.00135143	0.00135143	140
0.544	-0.000657718	-0.000657718	-0.000657718	-0.000657718	149
0.545	-0.000871642	-0.000871642	-0.000871642	-0.000871642	134
0.546	-0.00184852	-0.00184852	-0.00184852	-0.00184852	169
0.547	-0.00145974	-0.00145974	-0.00145974	-0.00145974	154
0.548	-0.00228344	-0.00228344	-0.00228344	-0.00228344	151
0.549	-0.00102222	-0.00102222	-0.00102222	-0.00102222	153
0.55	-0.00250909	-0.00250909	-0.00250909	-0.00250909	132
0.551	-0.000286957	-0.000286957	-0.000286957	-0.000286957	138
0.552	-0.000595556	-0.000595556	-0.000595556	-0.000595556	135
0.553	0.000768182	0.000768182	0.000768182	0.000768182	176
0.554	0.00129134	0.00129134	0.00129134	0.00129134	127
0.555	-0.0011039	-0.0011039	-0.0011039	-0.0011039	154
0.556	0.000601361	0.000601361	0.000601361	0.000601361	147
0.557	-0.00102857	-0.00102857	-0.00102857	-0.00102857	112
0.558	-9.54128e-05	-9.54128e-05	-9.54128e-05	-9.54128e-05	109
0.559	0.000243333	0.000243333	0.000243333	0.000243333	120
0.56	0.00112518	0.00112518	0.00112518	0.00112518	139
0.561	-0.0006	-0.0006	-0.0006	-0.0006	114
0.562	0.00286609	0.00286609	0.00286609	0.00286609	115
0.563	0.00425047	0.00425047	0.00425047	0.00425047	107
0.564	0.00190714	0.00190714	0.00190714	0.00190714	112
0.565	0.00317097	0.00317097	0.00317097	0.00317097	124
0.566	0.00200734	0.00200734	0.00200734	0.00200734	109
0.567	0.00156423	0.00156423	0.00156423	0.00156423	123
0.568	0.00446512	0.00446512	0.00446512	0.00446512	129
0.569	0.000396552	0.000396552	0.000396552	0.000396552	116
0.57	0.00054375	0.00054375	0.00054375	0.00054375	128
0.571	0.00605714	0.00605714	0.00605714	0.00605714	119
0.572	0.00403226	0.00403226	0.00403226	0.00403226	124
0.573	0.00454307	0.00454307	0.00454307	0.00454307	137
0.574	0.000143243	0.000143243	0.000143243	0.000143243	148
0.575	0.000332824	0.000332824	0.000332824	0.000332824	131
0.576	-0.000825926	-0.000825926	-0.000825926	-0.000825926	108
0.577	0.000619469	0.000619469	0.000619469	0.000619469	113
0.578	-0.00110847	-0.00110847	-0.00110847	-0.00110847	118
0.579	-0.00169315	-0.00169315	-0.00169315	-0.00169315	146
0.58	0.000283333	0.000283333	0.000283333	0.000283333	120
0.581	-0.00152941	-0.00152941	-0.00152941	-0.00152941	119
0.582	-0.00184	-0.00184	-0.00184	-0.00184	105
0.583	-0.000141353	-0.000141353	-0.000141353	-0.000141353	133
0.584	0.0029181	0.0029181	0.0029181	0.0029181	105
0.585	-0.0029165	-0.0029165	-0.0029165	-0.0029165	103
0.586	-0.00153613	-0.00153613	-0.00153613	-0.00153613	119
0.587	-0.000806667	-0.000806667	-0.000806667	-0.000806667	120
0.588	-0.00316581	-0.00316581	-0.00316581	-0.00316581	117
0.589	-0.00177647	-0.00177647	-0.00177647	-0.00177647	102
0.59	0.0013977	0.0013977	0.0013977	0.0013977	87
0.591	0.000102857	0.000102857	0.000102857	0.000102857	140
0.592	-0.00137391	-0.00137391	-0.00137391	-0.00137391	92
0.593	0.00103423	0.00103423	0.00103423	0.00103423	111
0.594	0.00186875	0.00186875	0.00186875	0.00186875	128
0.595	-0.000376667	-0.000376667	-0.000376667	-0.000376667	120
0.596	-0.000574046	-0.000574046	-0.000574046	-0.000574046	131
0.597	0.00268406	0.00268406	0.00268406	0.00268406	138
0.598	-0.00109474	-0.00109474	-0.00109474	-0.00109474	133
0.599	0.00110073	0.00110073	0.00110073	0.00110073	137
0.6	0.00109313	0.00109313	0.00109313	0.00109313	131
0.601	0.00153905	0.00153905	0.00153905	0.00153905	105
0.602	0.000482051	0.000482051	0.000482051	0.000482051	117
0.603	0.000646154	0.000646154	0.000646154	0.000646154	130
0.604	5.33333e-05	5.33333e-05	5.33333e-05	5.33333e-05	120
0.605	-0.0037472	-0.0037472	-0.0037472	-0.0037472	125
0.606	-0.00345556	-0.00345556	-0.00345556	-0.00345556	144
0.607	-0.000532203	-0.000532203	-0.000532203	-0.000532203	118
0.608	-0.000946207	-0.000946207	-0.000946207	-0.000946207	145
0.609	-0.00111226	-0.00111226	-0.00111226	-0.00111226	155
0.61	-0.0020224	-0.0020224	-0.0020224	-0.0020224	125
0.611	0.0010425	0.0010425	0.0010425	0.0010425	160
0.612	-0.00246176	-0.00246176	-0.00246176	-0.00246176	136
0.613	-2.27642e-05	-2.27642e-05	-2.27642e-05	-2.27642e-05	123
0.614	-0.00168762	-0.00168762	-0.00168762	-0.00168762	105
0.615	-0.000943333	-0.000943333	-0.000943333	-0.000943333	120
0.616	-0.00115596	-0.00115596	-0.00115596	-0.00115596	109
0.617	-0.00298487	-0.00298487	-0.00298487	-0.00298487	119
0.618	-0.00219174	-0.00219174	-0.00219174	-0.00219174	121
0.619	-0.00178571	-0.00178571	-0.00178571	-0.00178571	112
0.62	0.000368696	0.000368696	0.000368696	0.000368696	115
0.621	-9.5082e-05	-9.5082e-05	-9.5082e-05	-9.5082e-05	122
0.622	-0.00067451	-0.00067451	-0.00067451	-0.00067451	102
0.623	-0.00100455	-0.00100455	-0.00100455	-0.00100455	88
0.624	-0.00167407	-0.00167407	-0.00167407	-0.00167407	108
0.625	-0.000206452	-0.000206452	-0.000206452	-0.000206452	93
0.626	0.00142745	0.00142745	0.00142745	0.00142745	102
0.627	0.0002048	0.0002048	0.0002048	0.0002048	125
0.628	-0.000366434	-0.000366434	-0.000366434	-0.000366434	143
0.629	0.00173793	0.00173793	0.00173793	0.00173793	145
0.63	0.00201553	0.00201553	0.00201553	0.00201553	103
0.631	-0.000181295	-0.000181295	-0.000181295	-0.000181295	139
0.632	0.00110847	0.00110847	0.00110847	0.00110847	118
0.633	0.00384615	0.00384615	0.00384615	0.00384615	104
0.634	0.00264158	0.00264158	0.00264158	0.00264158	101
0.635	-0.00202692	-0.00202692	-0.00202692	-0.00202692	104
0.636	0.00123186	0.00123186	0.00123186	0.00123186	113
0.637	0.00101091	0.00101091	0.00101091	0.00101091	110
0.638	0.00136634	0.00136634	0.00136634	0.00136634	101
0.639	0.0012623	0.0012623	0.0012623	0.0012623	122
0.64	-0.000223853	-0.000223853	-0.000223853	-0.000223853	109
0.641	0.000313433	0.000313433	0.000313433	0.000313433	134
0.642	-1.30081e-05	-1.30081e-05	-1.30081e-05	-1.30081e-05	123
0.643	0.000233846	0.000233846	0.000233846	0.000233846	130
0.644	0.000342484	0.000342484	0.000342484	0.000342484	153
0.645	0.000948837	0.000948837	0.000948837	0.000948837	129
0.646	-0.00208947	-0.00208947	-0.00208947	-0.00208947	152
0.647	0.000794444	0.000794444	0.000794444	0.000794444	144
0.648	-0.00111241	-0.00111241	-0.00111241	-0.00111241	137
0.649	-0.00124812	-0.00124812	-0.00124812	-0.00124812	133
0.65	0.000899225	0.000899225	0.000899225	0.000899225	129
0.651	0.0015465	0.0015465	0.0015465	0.0015465	157
0.652	0.000204706	0.000204706	0.000204706	0.000204706	170
0.653	-0.00105823	-0.00105823	-0.00105823	-0.00105823	158
0.654	-0.000741606	-0.000741606	-0.000741606	-0.000741606	137
0.655	-0.00232381	-0.00232381	-0.00232381	-0.00232381	126
0.656	0.00275161	0.00275161	0.00275161	0.00275161	124
0.657	-0.000781955	-0.000781955	-0.000781955	-0.000781955	133
0.658	-0.00048595	-0.00048595	-0.00048595	-0.00048595	121
0.659	0.000663158	0.000663158	0.000663158	0.000663158	114
0.66	0.00118769	0.00118769	0.00118769	0.00118769	130
0.661	0.00123688	0.00123688	0.00123688	0.00123688	141
0.662	0.00160526	0.00160526	0.00160526	0.00160526	152
0.663	-0.000255072	-0.000255072	-0.000255072	-0.000255072	138
0.664	-0.000821918	-0.000821918	-0.000821918	-0.000821918	146
0.665	0.000583333	0.000583333	0.000583333	0.000583333	144
0.666	0.00277117	0.00277117	0.00277117	0.00277117	111
0.667	-0.000749606	-0.000749606	-0.000749606	-0.000749606	127
0.668	-0.00155517	-0.00155517	-0.00155517	-0.00155517	116
0.669	0.000318519	0.000318519	0.000318519	0.000318519	108
0.67	-0.000139394	-0.000139394	-0.000139394	-0.000139394	132
0.671	0.000278125	0.000278125	0.000278125	0.000278125	128
0.672	-0.000107246	-0.000107246	-0.000107246	-0.000107246	138
0.673	0.000142857	0.000142857	0.000142857	0.000142857	126
0.674	0.00081194	0.00081194	0.00081194	0.00081194	134
0.675	0.000937931	0.000937931	0.000937931	0.000937931	145
0.676	0.000413699	0.000413699	0.000413699	0.000413699	146
0.677	-0.00346832	-0.00346832	-0.00346832	-0.00346832	161
0.678	0.000462222	0.000462222	0.000462222	0.000462222	135
0.679	-0.00418873	-0.00418873	-0.00418873	-0.00418873	142
0.68	-0.00109296	-0.00109296	-0.00109296	-0.00109296	142
0.681	-0.00262636	-0.00262636	-0.00262636	-0.00262636	129
0.682	0.000123077	0.000123077	0.000123077	0.000123077	117
0.683	0.00229167	0.00229167	0.00229167	0.00229167	96
0.684	0.00072	0.00072	0.00072	0.00072	100
0.685	-7.21311e-05	-7.21311e-05	-7.21311e-05	-7.21311e-05	122
0.686	-0.00104	-0.00104	-0.00104	-0.00104	120
0.687	0.00196174	0.00196174	0.00196174	0.00196174	115
0.688	0.00526519	0.00526519	0.00526519	0.00526519	135
0.689	0.003775	0.003775	0.003775	0.003775	160
0.69	0.00358496	0.00358496	0.00358496	0.00358496	133
0.691	0.00201613	0.00201613	0.00201613	0.00201613	124
0.692	0.00128504	0.00128504	0.00128504	0.00128504	127
0.693	0.0009312	0.0009312	0.0009312	0.0009312	125
0.694	-0.000947692	-0.000947692	-0.000947692	-0.000947692	130
0.695	-0.00227895	-0.00227895	-0.00227895	-0.00227895	152
0.696	-0.000102857	-0.000102857	-0.000102857	-0.000102857	140
0.697	0.0010807	0.0010807	0.0010807	0.0010807	114
0.698	0.000763077	0.000763077	0.000763077	0.000763077	130
0.699	-0.000837607	-0.000837607	-0.000837607	-0.000837607	117
0.7	-0.00247843	-0.00247843	-0.00247843	-0.00247843	102
0.701	-5.33333e-05	-5.33333e-05	-5.33333e-05	-5.33333e-05	90
0.702	-0.00273153	-0.00273153	-0.00273153	-0.00273153	111
0.703	-0.00131282	-0.00131282	-0.00131282	-0.00131282	117
0.704	0.000604878	0.000604878	0.000604878	0.000604878	164
0.705	-0.00159692	-0.00159692	-0.00159692	-0.00159692	130
0.706	-0.00141961	-0.00141961	-0.00141961	-0.00141961	102
0.707	0.00110631	0.00110631	0.00110631	0.00110631	111
0.708	0.00136061	0.00136061	0.00136061	0.00136061	132
0.709	-0.0015863	-0.0015863	-0.0015863	-0.0015863	146
0.71	0.000945946	0.000945946	0.000945946	0.000945946	148
0.711	0.000292754	0.000292754	0.000292754	0.000292754	138
0.712	0.00236154	0.00236154	0.00236154	0.00236154	156
0.713	-0.000644275	-0.000644275	-0.000644275	-0.000644275	131
0.714	0.0008	0.0008	0.0008	0.0008	124
0.715	0.000548315	0.000548315	0.000548315	0.000548315	89
0.716	-0.00122553	-0.00122553	-0.00122553	-0.00122553	94
0.717	0.000845714	0.000845714	0.000845714	0.000845714	105
0.718	-0.000413913	-0.000413913	-0.000413913	-0.000413913	115
0.719	-0.000998601	-0.000998601	-0.000998601	-0.000998601	143
0.72	-0.00291071	-0.00291071	-0.00291071	-0.00291071	112
0.721	-0.00327941	-0.00327941	-0.00327941	-0.00327941	136
0.722	-2.62774e-05	-2.62774e-05	-2.62774e-05	-2.62774e-05	137
0.723	-0.00119667	-0.00119667	-0.00119667	-0.00119667	120
0.724	-0.00165468	-0.00165468	-0.00165468	-0.00165468	139
0.725	-0.00147164	-0.00147164	-0.00147164	-0.00147164	134
0.726	-0.00189489	-0.00189489	-0.00189489	-0.00189489	137
0.727	-0.0013248	-0.0013248	-0.0013248	-0.0013248	125
0.728	0.000929825	0.000929825	0.000929825	0.000929825	114
0.729	-0.00223273	-0.00223273	-0.00223273	-0.00223273	110
0.73	-0.000575	-0.000575	-0.000575	-0.000575	128
0.731	-0.00163761	-0.00163761	-0.00163761	-0.00163761	117
0.732	-0.00131698	-0.00131698	-0.00131698	-0.00131698	106
0.733	-0.000113793	-0.000113793	-0.000113793	-0.000113793	116
0.734	-0.00117217	-0.00117217	-0.00117217	-0.00117217	115
0.735	-0.00318133	-0.00318133	-0.00318133	-0.00318133	150
0.736	-0.00085	-0.00085	-0.00085	-0.00085	120
0.737	0.00255385	0.00255385	0.00255385	0.00255385	130
0.738	-0.000616514	-0.000616514	-0.000616514	-0.000616514	109
0.739	0.000666667	0.000666667	0.000666667	0.000666667	111
0.74	0.00177248	0.00177248	0.00177248	0.00177248	109
0.741	0.000162162	0.000162162	0.000162162	0.000162162	111
0.742	-0.00123509	-0.00123509	-0.00123509	-0.00123509	114
0.743	-0.00225672	-0.00225672	-0.00225672	-0.00225672	134
0.744	-0.00142016	-0.00142016	-0.00142016	-0.00142016	129
0.745	-0.00279316	-0.00279316	-0.00279316	-0.00279316	117
0.746	-0.00037351	-0.00037351	-0.00037351	-0.00037351	151
0.747	-0.00229667	-0.00229667	-0.00229667	-0.00229667	120
0.748	0.00255455	0.00255455	0.00255455	0.00255455	132
0.749	0.00251901	0.00251901	0.00251901	0.00251901	121
0.75	0.00263529	0.00263529	0.00263529	0.00263529	136
0.751	-0.000379259	-0.000379259	-0.000379259	-0.000379259	135
0.752	9.5082e-05	9.5082e-05	9.5082e-05	9.5082e-05	122
0.753	0.000553846	0.000553846	0.000553846	0.000553846	130
0.754	0.000290598	0.000290598	0.000290598	0.000290598	117
0.755	0.000785714	0.000785714	0.000785714	0.000785714	112
0.756	0.000145161	0.000145161	0.000145161	0.000145161	124
0.757	-0.00114504	-0.00114504	-0.00114504	-0.00114504	131
0.758	-0.000463576	-0.000463576	-0.000463576	-0.000463576	151
0.759	0.000436975	0.000436975	0.000436975	0.000436975	119
0.76	-0.00164103	-0.00164103	-0.00164103	-0.00164103	117
0.761	0.0009	0.0009	0.0009	0.0009	116
0.762	0.00222456	0.00222456	0.00222456	0.00222456	114
0.763	-1.93548e-05	-1.93548e-05	-1.93548e-05	-1.93548e-05	124
0.764	-0.000161468	-0.000161468	-0.000161468	-0.000161468	109
0.765	-0.000161616	-0.000161616	-0.000161616	-0.000161616	99
0.766	-0.000644068	-0.000644068	-0.000644068	-0.000644068	118
0.767	-0.004012	-0.004012	-0.004012	-0.004012	100
0.768	-0.00139216	-0.00139216	-0.00139216	-0.00139216	102
0.769	0.000631405	0.000631405	0.000631405	0.000631405	121
0.77	-0.00156842	-0.00156842	-0.00156842	-0.00156842	114
0.771	0.0005	0.0005	0.0005	0.0005	120
0.772	0.00138321	0.00138321	0.00138321	0.00138321	131
0.773	0.00088062	0.00088062	0.00088062	0.00088062	129
0.774	0.000883478	0.000883478	0.000883478	0.000883478	115
0.775	-0.000215152	-0.000215152	-0.000215152	-0.000215152	132
0.776	0.00105739	0.00105739	0.00105739	0.00105739	115
0.777	-0.000342857	-0.000342857	-0.000342857	-0.000342857	105
0.778	0.00129635	0.00129635	0.00129635	0.00129635	137
0.779	0.00246942	0.00246942	0.00246942	0.00246942	121
0.78	0.00154094	0.00154094	0.00154094	0.00154094	149
0.781	0.00495462	0.00495462	0.00495462	0.00495462	119
0.782	0.00376176	0.00376176	0.00376176	0.00376176	136
0.783	-0.000715044	-0.000715044	-0.000715044	-0.000715044	113
0.784	-0.000606803	-0.000606803	-0.000606803	-0.000606803	147
0.785	-0.00154526	-0.00154526	-0.00154526	-0.00154526	95
0.786	-0.00258367	-0.00258367	-0.00258367	-0.00258367	98
0.787	-0.00264643	-0.00264643	-0.00264643	-0.00264643	112
0.788	-0.000228037	-0.000228037	-0.000228037	-0.000228037	107
0.789	-0.0004	-0.0004	-0.0004	-0.0004	97
0.79	0.00328667	0.00328667	0.00328667	0.00328667	120
0.791	-0.000871429	-0.000871429	-0.000871429	-0.000871429	140
0.792	-0.00135	-0.00135	-0.00135	-0.00135	152
0.793	-0.000712121	-0.000712121	-0.000712121	-0.000712121	132
0.794	0.00237241	0.00237241	0.00237241	0.00237241	116
0.795	-0.00304722	-0.00304722	-0.00304722	-0.00304722	144
0.796	-0.00232698	-0.00232698	-0.00232698	-0.00232698	126
0.797	-0.00152459	-0.00152459	-0.00152459	-0.00152459	122
0.798	-0.00198384	-0.00198384	-0.00198384	-0.00198384	99
0.799	-0.00045	-0.00045	-0.00045	-0.00045	120
0.8	-0.00252039	-0.00252039	-0.00252039	-0.00252039	103
0.801	-0.00243571	-0.00243571	-0.00243571	-0.00243571	112
0.802	0.00027156	0.00027156	0.00027156	0.00027156	109
0.803	7.65957e-05	7.65957e-05	7.65957e-05	7.65957e-05	94
0.804	0.00230847	0.00230847	0.00230847	0.00230847	118
0.805	-0.000743262	-0.000743262	-0.000743262	-0.000743262	141
0.806	0.00145043	0.00145043	0.00145043	0.00145043	115
0.807	0.00176981	0.00176981	0.00176981	0.00176981	106
0.808	0.00209841	0.00209841	0.00209841	0.00209841	126
0.809	0.00334694	0.00334694	0.00334694	0.00334694	98
0.81	-0.00156757	-0.00156757	-0.00156757	-0.00156757	111
0.811	-0.000367347	-0.000367347	-0.000367347	-0.000367347	98
0.812	0.00424746	0.00424746	0.00424746	0.00424746	118
0.813	-0.000739535	-0.000739535	-0.000739535	-0.000739535	86
0.814	0.000189011	0.000189011	0.000189011	0.000189011	91
0.815	-0.00138862	-0.00138862	-0.00138862	-0.00138862	123
0.816	0.000358095	0.000358095	0.000358095	0.000358095	105
0.817	0.00096	0.00096	0.00096	0.00096	115
0.818	0.000137374	0.000137374	0.000137374	0.000137374	99
0.819	0.000404444	0.000404444	0.000404444	0.000404444	90
0.82	0.000911712	0.000911712	0.000911712	0.000911712	111
0.821	-0.00125981	-0.00125981	-0.00125981	-0.00125981	107
0.822	-0.000257944	-0.000257944	-0.000257944	-0.000257944	107
0.823	-0.00213478	-0.00213478	-0.00213478	-0.00213478	92
0.824	-0.000222222	-0.000222222	-0.000222222	-0.000222222	99
0.825	0.000649505	0.000649505	0.000649505	0.000649505	101
0.826	0.00171481	0.00171481	0.00171481	0.00171481	108
0.827	0.00168598	0.00168598	0.00168598	0.00168598	107
0.828	-0.00269735	-0.00269735	-0.00269735	-0.00269735	113
0.829	0.000926316	0.000926316	0.000926316	0.000926316	95
0.83	0.00380741	0.00380741	0.00380741	0.00380741	108
0.831	0.00185116	0.00185116	0.00185116	0.00185116	129
0.832	-0.00165926	-0.00165926	-0.00165926	-0.00165926	108
0.833	-0.000464286	-0.000464286	-0.000464286	-0.000464286	112
0.834	-0.0001	-0.0001	-0.0001	-0.0001	116
0.835	-0.00168163	-0.00168163	-0.00168163	-0.00168163	98
0.836	0.000202985	0.000202985	0.000202985	0.000202985	134
0.837	-0.00050087	-0.00050087	-0.00050087	-0.00050087	115
0.838	-0.00396897	-0.00396897	-0.00396897	-0.00396897	116
0.839	-0.00053578	-0.00053578	-0.00053578	-0.00053578	109
0.84	0.00189213	0.00189213	0.00189213	0.00189213	89
0.841	-0.00185524	-0.00185524	-0.00185524	-0.00185524	105
0.842	-0.00326465	-0.00326465	-0.00326465	-0.00326465	99
0.843	-0.000362264	-0.000362264	-0.000362264	-0.000362264	106
0.844	-0.00186061	-0.00186061	-0.00186061	-0.00186061	132
0.845	0.000629787	0.000629787	0.000629787	0.000629787	141
0.846	0.00241391	0.00241391	0.00241391	0.00241391	115
0.847	0.0032172	0.0032172	0.0032172	0.0032172	93
0.848	-0.00047767	-0.00047767	-0.00047767	-0.00047767	103
0.849	0.00140157	0.00140157	0.00140157	0.00140157	127
0.85	0.0016	0.0016	0.0016	0.0016	117
0.851	0.00313684	0.00313684	0.00313684	0.00313684	95
0.852	0.000336	0.000336	0.000336	0.000336	125
0.853	0.000513793	0.000513793	0.000513793	0.000513793	116
0.854	0.00263717	0.00263717	0.00263717	0.00263717	113
0.855	0.00114157	0.00114157	0.00114157	0.00114157	89
0.856	0.00261569	0.00261569	0.00261569	0.00261569	102
0.857	0.00405042	0.00405042	0.00405042	0.00405042	119
0.858	0.004375	0.004375	0.004375	0.004375	112
0.859	0.0047082	0.0047082	0.0047082	0.0047082	122
0.86	-0.000697872	-0.000697872	-0.000697872	-0.000697872	141
0.861	0.00145634	0.00145634	0.00145634	0.00145634	142
0.862	-0.000970543	-0.000970543	-0.000970543	-0.000970543	129
0.863	0.000786555	0.000786555	0.000786555	0.000786555	119
0.864	-0.0004832	-0.0004832	-0.0004832	-0.0004832	125
0.865	6.61157e-05	6.61157e-05	6.61157e-05	6.61157e-05	121
0.866	0.00134915	0.00134915	0.00134915	0.00134915	118
0.867	-7.40741e-05	-7.40741e-05	-7.40741e-05	-7.40741e-05	135
0.868	0.000864	0.000864	0.000864	0.000864	125
0.869	-0.00136162	-0.00136162	-0.00136162	-0.00136162	99
0.87	-0.00146526	-0.00146526	-0.00146526	-0.00146526	95
0.871	-0.00154851	-0.00154851	-0.00154851	-0.00154851	101
0.872	0.000630189	0.000630189	0.000630189	0.000630189	106
0.873	0.001996	0.001996	0.001996	0.001996	100
0.874	-6.29921e-05	-6.29921e-05	-6.29921e-05	-6.29921e-05	127
0.875	0.00326792	0.00326792	0.00326792	0.00326792	106
0.876	-0.00104687	-0.00104687	-0.00104687	-0.00104687	128
0.877	-0.00057193	-0.00057193	-0.00057193	-0.00057193	114
0.878	-0.0012	-0.0012	-0.0012	-0.0012	78
0.879	-0.00147629	-0.00147629	-0.00147629	-0.00147629	97
0.88	0.00322069	0.00322069	0.00322069	0.00322069	116
0.881	0.00352	0.00352	0.00352	0.00352	115
0.882	0.00557701	0.00557701	0.00557701	0.00557701	87
0.883	0.00386429	0.00386429	0.00386429	0.00386429	112
0.884	0.000702703	0.000702703	0.000702703	0.000702703	111
0.885	-0.00283419	-0.00283419	-0.00283419	-0.00283419	117
0.886	-0.00228271	-0.00228271	-0.00228271	-0.00228271	133
0.887	-0.00242264	-0.00242264	-0.00242264	-0.00242264	106
0.888	-0.00134062	-0.00134062	-0.00134062	-0.00134062	128
0.889	-0.0012595	-0.0012595	-0.0012595	-0.0012595	121
0.89	-0.000807477	-0.000807477	-0.000807477	-0.000807477	107
0.891	0.000258182	0.000258182	0.000258182	0.000258182	110
0.892	0.000166038	0.000166038	0.000166038	0.000166038	106
0.893	-0.00164409	-0.00164409	-0.00164409	-0.00164409	127
0.894	-0.00219213	-0.00219213	-0.00219213	-0.00219213	127
0.895	-0.00117193	-0.00117193	-0.00117193	-0.00117193	114
0.896	-0.00143265	-0.00143265	-0.00143265	-0.00143265	98
0.897	0.00165075	0.00165075	0.00165075	0.00165075	134
0.898	-0.000607634	-0.000607634	-0.000607634	-0.000607634	131
0.899	0.000236667	0.000236667	0.000236667	0.000236667	120
0.9	0.00031746	0.00031746	0.00031746	0.00031746	126
0.901	-0.00101818	-0.00101818	-0.00101818	-0.00101818	110
0.902	0.00284706	0.00284706	0.00284706	0.00284706	119
0.903	0.00267826	0.00267826	0.00267826	0.00267826	138
0.904	-0.00035	-0.00035	-0.00035	-0.00035	120
0.905	-0.000112121	-0.000112121	-0.000112121	-0.000112121	132
0.906	0.00343793	0.00343793	0.00343793	0.00343793	116
0.907	-0.00143566	-0.00143566	-0.00143566	-0.00143566	129
0.908	-0.000608696	-0.000608696	-0.000608696	-0.000608696	138
0.909	0.00189851	0.00189851	0.00189851	0.00189851	134
0.91	-8.35821e-05	-8.35821e-05	-8.35821e-05	-8.35821e-05	134
0.911	-0.00130714	-0.00130714	-0.00130714	-0.00130714	112
0.912	-0.000993846	-0.000993846	-0.000993846	-0.000993846	130
0.913	-0.000261947	-0.000261947	-0.000261947	-0.000261947	113
0.914	0.000696875	0.000696875	0.000696875	0.000696875	128
0.915	0.00122813	0.00122813	0.00122813	0.00122813	128
0.916	0.0011873	0.0011873	0.0011873	0.0011873	126
0.917	-0.00118246	-0.00118246	-0.00118246	-0.00118246	114
0.918	-0.000156	-0.000156	-0.000156	-0.000156	100
0.919	0.000421429	0.000421429	0.000421429	0.000421429	112
0.92	0.000775221	0.000775221	0.000775221	0.000775221	113
0.921	0.00124167	0.00124167	0.00124167	0.00124167	96
0.922	-0.001176	-0.001176	-0.001176	-0.001176	100
0.923	-0.000691525	-0.000691525	-0.000691525	-0.000691525	118
0.924	0.000146154	0.000146154	0.000146154	0.000146154	104
0.925	0.00188211	0.00188211	0.00188211	0.00188211	95
0.926	0.00185818	0.00185818	0.00185818	0.00185818	110
0.927	0.00244174	0.00244174	0.00244174	0.00244174	115
0.928	0.0015375	0.0015375	0.0015375	0.0015375	128
0.929	0.00360727	0.00360727	0.00360727	0.00360727	110
0.93	-0.000170909	-0.000170909	-0.000170909	-0.000170909	110
0.931	0.00120828	0.00120828	0.00120828	0.00120828	145
0.932	9.6e-05	9.6e-05	9.6e-05	9.6e-05	125
0.933	-0.000104348	-0.000104348	-0.000104348	-0.000104348	115
0.934	0.000469725	0.000469725	0.000469725	0.000469725	109
0.935	0.00086087	0.00086087	0.00086087	0.00086087	138
0.936	0.00116312	0.00116312	0.00116312	0.00116312	141
0.937	0.000870229	0.000870229	0.000870229	0.000870229	131
0.938	0.000548571	0.000548571	0.000548571	0.000548571	140
0.939	-0.00129831	-0.00129831	-0.00129831	-0.00129831	118
0.94	-0.000685714	-0.000685714	-0.000685714	-0.000685714	126
0.941	0.00169369	0.00169369	0.00169369	0.00169369	111
0.942	-0.00166087	-0.00166087	-0.00166087	-0.00166087	92
0.943	0.00286022	0.00286022	0.00286022	0.00286022	93
0.944	-6.6087e-05	-6.6087e-05	-6.6087e-05	-6.6087e-05	115
0.945	0.00193071	0.00193071	0.00193071	0.00193071	127
0.946	-0.000598131	-0.000598131	-0.000598131	-0.000598131	107
0.947	0.00123571	0.00123571	0.00123571	0.00123571	112
0.948	-6.77966e-05	-6.77966e-05	-6.77966e-05	-6.77966e-05	118
0.949	0.00160345	0.00160345	0.00160345	0.00160345	116
0.95	-0.00182222	-0.00182222	-0.00182222	-0.00182222	126
0.951	-0.00171795	-0.00171795	-0.00171795	-0.00171795	156
0.952	0.000162406	0.000162406	0.000162406	0.000162406	133
0.953	0.00161471	0.00161471	0.00161471	0.00161471	136
0.954	0.00201368	0.00201368	0.00201368	0.00201368	117
0.955	0.00155461	0.00155461	0.00155461	0.00155461	141
0.956	0.00194848	0.00194848	0.00194848	0.00194848	132
0.957	-0.000483333	-0.000483333	-0.000483333	-0.000483333	144
0.958	0.00179118	0.00179118	0.00179118	0.00179118	136
0.959	-0.00165538	-0.00165538	-0.00165538	-0.00165538	130
0.96	0.000916535	0.000916535	0.000916535	0.000916535	127
0.961	-0.00113824	-0.00113824	-0.00113824	-0.00113824	136
0.962	0.00135034	0.00135034	0.00135034	0.00135034	149
0.963	0.00113655	0.00113655	0.00113655	0.00113655	145
0.964	-0.000223256	-0.000223256	-0.000223256	-0.000223256	129
0.965	-0.00146462	-0.00146462	-0.00146462	-0.00146462	130
0.966	0.000322034	0.000322034	0.000322034	0.000322034	118
0.967	0.00015748	0.00015748	0.00015748	0.00015748	127
0.968	-0.00130219	-0.00130219	-0.00130219	-0.00130219	137
0.969	0.00153455	0.00153455	0.00153455	0.00153455	110
0.97	-0.000473684	-0.000473684	-0.000473684	-0.000473684	114
0.971	-0.00201538	-0.00201538	-0.00201538	-0.00201538	104
0.972	0.000598058	0.000598058	0.000598058	0.000598058	103
0.973	0.00143571	0.00143571	0.00143571	0.00143571	112
0.974	0.00321017	0.00321017	0.00321017	0.00321017	118
0.975	0.000266667	0.000266667	0.000266667	0.000266667	126
0.976	-0.00324298	-0.00324298	-0.00324298	-0.00324298	121
0.977	-0.00129204	-0.00129204	-0.00129204	-0.00129204	113
0.978	-0.00109825	-0.00109825	-0.00109825	-0.00109825	114
0.979	0.000629703	0.000629703	0.000629703	0.000629703	101
0.98	-0.00261935	-0.00261935	-0.00261935	-0.00261935	124
0.981	0.00145299	0.00145299	0.00145299	0.00145299	117
0.982	0.00189315	0.00189315	0.00189315	0.00189315	146
0.983	-0.000748387	-0.000748387	-0.000748387	-0.000748387	124
0.984	-0.00335043	-0.00335043	-0.00335043	-0.00335043	117
0.985	-0.00118824	-0.00118824	-0.00118824	-0.00118824	136
0.986	0.00127733	0.00127733	0.00127733	0.00127733	150
0.987	0.00312593	0.00312593	0.00312593	0.00312593	135
0.988	-0.00213115	-0.00213115	-0.00213115	-0.00213115	122
0.989	-0.00323793	-0.00323793	-0.00323793	-0.00323793	116
0.99	-0.00136765	-0.00136765	-0.00136765	-0.00136765	136
0.991	-0.00200303	-0.00200303	-0.00200303	-0.00200303	132
0.992	-0.00102446	-0.00102446	-0.00102446	-0.00102446	139
0.993	0.00011223	0.00011223	0.00011223	0.00011223	139
0.994	0.000708197	0.000708197	0.000708197	0.000708197	122
0.995	0.00192157	0.00192157	0.00192157	0.00192157	102
0.996	-0.00159339	-0.00159339	-0.00159339	-0.00159339	121
0.997	0.000864615	0.000864615	0.000864615	0.000864615	130
0.998	0.00210769	0.00210769	0.00210769	0.00210769	130
0.999	0.00102712	0.00102712	0.00102712	0.00102712	118
1	0.00205672	0.00205672	0.00205672	0.00205672	134
