0.001	0.0557444	0.0557444	0.0557444	0.0557444	5373
0.002	0.0498092	0.0498092	0.0498092	0.0498092	4658
0.003	0.0467307	0.0467307	0.0467307	0.0467307	4280
0.004	0.0436529	0.0436529	0.0436529	0.0436529	4095
0.005	0.0426343	0.0426343	0.0426343	0.0426343	3865
0.006	0.0405581	0.0405581	0.0405581	0.0405581	3554
0.007	0.0378588	0.0378588	0.0378588	0.0378588	3572
0.008	0.0387699	0.0387699	0.0387699	0.0387699	3513
0.009	0.035987	0.035987	0.035987	0.035987	3234
0.01	0.0363109	0.0363109	0.0363109	0.0363109	3306
0.011	0.0346567	0.0346567	0.0346567	0.0346567	3142
0.012	0.0319923	0.0319923	0.0319923	0.0319923	3113
0.013	0.0331905	0.0331905	0.0331905	0.0331905	3021
0.014	0.0319587	0.0319587	0.0319587	0.0319587	3093
0.015	0.0318071	0.0318071	0.0318071	0.0318071	3003
0.016	0.0314984	0.0314984	0.0314984	0.0314984	3004
0.017	0.0306555	0.0306555	0.0306555	0.0306555	2921
0.018	0.0309901	0.0309901	0.0309901	0.0309901	3015
0.019	0.0297639	0.0297639	0.0297639	0.0297639	2906
0.02	0.0291207	0.0291207	0.0291207	0.0291207	2919
0.021	0.0294455	0.0294455	0.0294455	0.0294455	2863
0.022	0.0283184	0.0283184	0.0283184	0.0283184	2976
0.023	0.0279155	0.0279155	0.0279155	0.0279155	2856
0.024	0.0270562	0.0270562	0.0270562	0.0270562	2887
0.025	0.0273687	0.0273687	0.0273687	0.0273687	2910
0.026	0.0275783	0.0275783	0.0275783	0.0275783	3029
0.027	0.0275763	0.0275763	0.0275763	0.0275763	2821
0.028	0.0268863	0.0268863	0.0268863	0.0268863	2752
0.029	0.0264512	0.0264512	0.0264512	0.0264512	2757
0.03	0.0251895	0.0251895	0.0251895	0.0251895	2861
0.031	0.0264638	0.0264638	0.0264638	0.0264638	2807
0.032	0.0256738	0.0256738	0.0256738	0.0256738	2846
0.033	0.0248752	0.0248752	0.0248752	0.0248752	2739
0.034	0.024914	0.024914	0.024914	0.024914	2642
0.035	0.0263372	0.0263372	0.0263372	0.0263372	2667
0.036	0.0251661	0.0251661	0.0251661	0.0251661	2739
0.037	0.0252372	0.0252372	0.0252372	0.0252372	2734
0.038	0.0250654	0.0250654	0.0250654	0.0250654	2796
0.039	0.0251731	0.0251731	0.0251731	0.0251731	2679
0.04	0.0246966	0.0246966	0.0246966	0.0246966	2678
0.041	0.0252213	0.0252213	0.0252213	0.0252213	2643
0.042	0.0260976	0.0260976	0.0260976	0.0260976	2718
0.043	0.0238049	0.0238049	0.0238049	0.0238049	2702
0.044	0.0247623	0.0247623	0.0247623	0.0247623	2757
0.045	0.0234834	0.0234834	0.0234834	0.0234834	2775
0.046	0.0244084	0.0244084	0.0244084	0.0244084	2729
0.047	0.0234159	0.0234159	0.0234159	0.0234159	2751
0.048	0.0231764	0.0231764	0.0231764	0.0231764	2831
0.049	0.0236569	0.0236569	0.0236569	0.0236569	2679
0.05	0.0228157	0.0228157	0.0228157	0.0228157	2743
0.051	0.0224461	0.0224461	0.0224461	0.0224461	2779
0.052	0.0241687	0.0241687	0.0241687	0.0241687	2756
0.053	0.023431	0.023431	0.023431	0.023431	2732
0.054	0.0229355	0.0229355	0.0229355	0.0229355	2769
0.055	0.0228601	0.0228601	0.0228601	0.0228601	2647
0.056	0.0235165	0.0235165	0.0235165	0.0235165	2644
0.057	0.0227195	0.0227195	0.0227195	0.0227195	2674
0.058	0.022647	0.022647	0.022647	0.022647	2667
0.059	0.0229654	0.0229654	0.0229654	0.0229654	2687
0.06	0.0222492	0.0222492	0.0222492	0.0222492	2700
0.061	0.0226565	0.0226565	0.0226565	0.0226565	2656
0.062	0.0227734	0.0227734	0.0227734	0.0227734	2674
0.063	0.0210809	0.0210809	0.0210809	0.0210809	2640
0.064	0.0213115	0.0213115	0.0213115	0.0213115	2593
0.065	0.0218623	0.0218623	0.0218623	0.0218623	2684
0.066	0.0219477	0.0219477	0.0219477	0.0219477	2591
0.067	0.0208325	0.0208325	0.0208325	0.0208325	2685
0.068	0.0208914	0.0208914	0.0208914	0.0208914	2701
0.069	0.0217166	0.0217166	0.0217166	0.0217166	2710
0.07	0.0216537	0.0216537	0.0216537	0.0216537	2713
0.071	0.0209123	0.0209123	0.0209123	0.0209123	2722
0.072	0.0200171	0.0200171	0.0200171	0.0200171	2719
0.073	0.0206117	0.0206117	0.0206117	0.0206117	2621
0.074	0.0194318	0.0194318	0.0194318	0.0194318	2678
0.075	0.0200684	0.0200684	0.0200684	0.0200684	2736
0.076	0.0204878	0.0204878	0.0204878	0.0204878	2728
0.077	0.0201504	0.0201504	0.0201504	0.0201504	2679
0.078	0.0191189	0.0191189	0.0191189	0.0191189	2748
0.079	0.0195905	0.0195905	0.0195905	0.0195905	2704
0.08	0.0202736	0.0202736	0.0202736	0.0202736	2694
0.081	0.0196716	0.0196716	0.0196716	0.0196716	2709
0.082	0.0198948	0.0198948	0.0198948	0.0198948	2617
0.083	0.0200075	0.0200075	0.0200075	0.0200075	2570
0.084	0.0203387	0.0203387	0.0203387	0.0203387	2638
0.085	0.0200449	0.0200449	0.0200449	0.0200449	2602
0.086	0.0198603	0.0198603	0.0198603	0.0198603	2688
0.087	0.0193491	0.0193491	0.0193491	0.0193491	2544
0.088	0.0196719	0.0196719	0.0196719	0.0196719	2582
0.089	0.0194302	0.0194302	0.0194302	0.0194302	2542
0.09	0.0189239	0.0189239	0.0189239	0.0189239	2528
0.091	0.0189664	0.0189664	0.0189664	0.0189664	2569
0.092	0.0184735	0.0184735	0.0184735	0.0184735	2535
0.093	0.0178161	0.0178161	0.0178161	0.0178161	2578
0.094	0.0173516	0.0173516	0.0173516	0.0173516	2641
0.095	0.0178056	0.0178056	0.0178056	0.0178056	2601
0.096	0.0173987	0.0173987	0.0173987	0.0173987	2565
0.097	0.0185345	0.0185345	0.0185345	0.0185345	2599
0.098	0.0184802	0.0184802	0.0184802	0.0184802	2493
0.099	0.0180443	0.0180443	0.0180443	0.0180443	2603
0.1	0.0175455	0.0175455	0.0175455	0.0175455	2538
0.101	0.017896	0.017896	0.017896	0.017896	2599
0.102	0.0182793	0.0182793	0.0182793	0.0182793	2765
0.103	0.0178729	0.0178729	0.0178729	0.0178729	2483
0.104	0.0183467	0.0183467	0.0183467	0.0183467	2688
0.105	0.0179803	0.0179803	0.0179803	0.0179803	2562
0.106	0.0181082	0.0181082	0.0181082	0.0181082	2624
0.107	0.0188868	0.0188868	0.0188868	0.0188868	2640
0.108	0.0177037	0.0177037	0.0177037	0.0177037	2628
0.109	0.0173754	0.0173754	0.0173754	0.0173754	2613
0.11	0.0173504	0.0173504	0.0173504	0.0173504	2505
0.111	0.017579	0.017579	0.017579	0.017579	2691
0.112	0.0175109	0.0175109	0.0175109	0.0175109	2497
0.113	0.0178323	0.0178323	0.0178323	0.0178323	2562
0.114	0.0180316	0.0180316	0.0180316	0.0180316	2617
0.115	0.0163064	0.0163064	0.0163064	0.0163064	2637
0.116	0.0166448	0.0166448	0.0166448	0.0166448	2606
0.117	0.0160977	0.0160977	0.0160977	0.0160977	2595
0.118	0.0173115	0.0173115	0.0173115	0.0173115	2547
0.119	0.0149603	0.0149603	0.0149603	0.0149603	2542
0.12	0.0165249	0.0165249	0.0165249	0.0165249	2533
0.121	0.016073	0.016073	0.016073	0.016073	2576
0.122	0.0160976	0.0160976	0.0160976	0.0160976	2757
0.123	0.0157578	0.0157578	0.0157578	0.0157578	2492
0.124	0.0154325	0.0154325	0.0154325	0.0154325	2548
0.125	0.0160683	0.0160683	0.0160683	0.0160683	2625
0.126	0.0158762	0.0158762	0.0158762	0.0158762	2601
0.127	0.0163046	0.0163046	0.0163046	0.0163046	2596
0.128	0.0159704	0.0159704	0.0159704	0.0159704	2636
0.129	0.0163665	0.0163665	0.0163665	0.0163665	2582
0.13	0.0154553	0.0154553	0.0154553	0.0154553	2573
0.131	0.0154056	0.0154056	0.0154056	0.0154056	2640
0.132	0.0152531	0.0152531	0.0152531	0.0152531	2604
0.133	0.015525	0.015525	0.015525	0.015525	2567
0.134	0.0150455	0.0150455	0.0150455	0.0150455	2605
0.135	0.0150666	0.0150666	0.0150666	0.0150666	2563
0.136	0.0157904	0.0157904	0.0157904	0.0157904	2525
0.137	0.0153627	0.0153627	0.0153627	0.0153627	2557
0.138	0.0155222	0.0155222	0.0155222	0.0155222	2505
0.139	0.0149462	0.0149462	0.0149462	0.0149462	2559
0.14	0.0152777	0.0152777	0.0152777	0.0152777	2596
0.141	0.0149273	0.0149273	0.0149273	0.0149273	2536
0.142	0.0147892	0.0147892	0.0147892	0.0147892	2587
0.143	0.0139755	0.0139755	0.0139755	0.0139755	2549
0.144	0.0155801	0.0155801	0.0155801	0.0155801	2556
0.145	0.0151635	0.0151635	0.0151635	0.0151635	2522
0.146	0.014298	0.014298	0.014298	0.014298	2517
0.147	0.0136903	0.0136903	0.0136903	0.0136903	2544
0.148	0.0149525	0.0149525	0.0149525	0.0149525	2536
0.149	0.0154244	0.0154244	0.0154244	0.0154244	2522
0.15	0.0134734	0.0134734	0.0134734	0.0134734	2538
0.151	0.0140814	0.0140814	0.0140814	0.0140814	2609
0.152	0.0138649	0.0138649	0.0138649	0.0138649	2517
0.153	0.0137558	0.0137558	0.0137558	0.0137558	2491
0.154	0.0143974	0.0143974	0.0143974	0.0143974	2589
0.155	0.0134652	0.0134652	0.0134652	0.0134652	2584
0.156	0.0130431	0.0130431	0.0130431	0.0130431	2547
0.157	0.0134889	0.0134889	0.0134889	0.0134889	2498
0.158	0.0135705	0.0135705	0.0135705	0.0135705	2532
0.159	0.0138126	0.0138126	0.0138126	0.0138126	2476
0.16	0.0132535	0.0132535	0.0132535	0.0132535	2491
0.161	0.0129236	0.0129236	0.0129236	0.0129236	2612
0.162	0.0122223	0.0122223	0.0122223	0.0122223	2679
0.163	0.0130404	0.0130404	0.0130404	0.0130404	2632
0.164	0.0125357	0.0125357	0.0125357	0.0125357	2523
0.165	0.0129575	0.0129575	0.0129575	0.0129575	2567
0.166	0.0124044	0.0124044	0.0124044	0.0124044	2454
0.167	0.0130745	0.0130745	0.0130745	0.0130745	2458
0.168	0.0127268	0.0127268	0.0127268	0.0127268	2486
0.169	0.0133277	0.0133277	0.0133277	0.0133277	2481
0.17	0.0131065	0.0131065	0.0131065	0.0131065	2504
0.171	0.012365	0.012365	0.012365	0.012365	2616
0.172	0.0122829	0.0122829	0.0122829	0.0122829	2606
0.173	0.0128344	0.0128344	0.0128344	0.0128344	2572
0.174	0.0137702	0.0137702	0.0137702	0.0137702	2576
0.175	0.0135177	0.0135177	0.0135177	0.0135177	2498
0.176	0.0123102	0.0123102	0.0123102	0.0123102	2547
0.177	0.0119773	0.0119773	0.0119773	0.0119773	2572
0.178	0.0117429	0.0117429	0.0117429	0.0117429	2566
0.179	0.0120573	0.0120573	0.0120573	0.0120573	2518
0.18	0.0119652	0.0119652	0.0119652	0.0119652	2415
0.181	0.0115497	0.0115497	0.0115497	0.0115497	2606
0.182	0.0121683	0.0121683	0.0121683	0.0121683	2429
0.183	0.0119065	0.0119065	0.0119065	0.0119065	2523
0.184	0.0121572	0.0121572	0.0121572	0.0121572	2544
0.185	0.0117636	0.0117636	0.0117636	0.0117636	2590
0.186	0.0117982	0.0117982	0.0117982	0.0117982	2493
0.187	0.0119597	0.0119597	0.0119597	0.0119597	2601
0.188	0.0118346	0.0118346	0.0118346	0.0118346	2580
0.189	0.0120789	0.0120789	0.0120789	0.0120789	2468
0.19	0.0110681	0.0110681	0.0110681	0.0110681	2474
0.191	0.0114499	0.0114499	0.0114499	0.0114499	2487
0.192	0.0110544	0.0110544	0.0110544	0.0110544	2544
0.193	0.0106217	0.0106217	0.0106217	0.0106217	2549
0.194	0.0114826	0.0114826	0.0114826	0.0114826	2500
0.195	0.0119088	0.0119088	0.0119088	0.0119088	2676
0.196	0.0116407	0.0116407	0.0116407	0.0116407	2496
0.197	0.0114265	0.0114265	0.0114265	0.0114265	2515
0.198	0.0125471	0.0125471	0.0125471	0.0125471	2596
0.199	0.0119054	0.0119054	0.0119054	0.0119054	2540
0.2	0.0116082	0.0116082	0.0116082	0.0116082	2591
0.201	0.0115864	0.0115864	0.0115864	0.0115864	2528
0.202	0.010608	0.010608	0.010608	0.010608	2515
0.203	0.0112112	0.0112112	0.0112112	0.0112112	2544
0.204	0.0125418	0.0125418	0.0125418	0.0125418	2548
0.205	0.0110296	0.0110296	0.0110296	0.0110296	2599
0.206	0.0112285	0.0112285	0.0112285	0.0112285	2530
0.207	0.0115307	0.0115307	0.0115307	0.0115307	2569
0.208	0.0114992	0.0114992	0.0114992	0.0114992	2604
0.209	0.0115137	0.0115137	0.0115137	0.0115137	2583
0.21	0.0123707	0.0123707	0.0123707	0.0123707	2413
0.211	0.0109829	0.0109829	0.0109829	0.0109829	2509
0.212	0.0114995	0.0114995	0.0114995	0.0114995	2512
0.213	0.0108121	0.0108121	0.0108121	0.0108121	2551
0.214	0.0111302	0.0111302	0.0111302	0.0111302	2521
0.215	0.0102039	0.0102039	0.0102039	0.0102039	2511
0.216	0.011007	0.011007	0.011007	0.011007	2566
0.217	0.0103103	0.0103103	0.0103103	0.0103103	2452
0.218	0.011143	0.011143	0.011143	0.011143	2603
0.219	0.00954673	0.00954673	0.00954673	0.00954673	2463
0.22	0.0106118	0.0106118	0.0106118	0.0106118	2495
0.221	0.0094688	0.0094688	0.0094688	0.0094688	2439
0.222	0.0100455	0.0100455	0.0100455	0.0100455	2575
0.223	0.00955539	0.00955539	0.00955539	0.00955539	2475
0.224	0.0101431	0.0101431	0.0101431	0.0101431	2367
0.225	0.00952182	0.00952182	0.00952182	0.00952182	2507
0.226	0.00982897	0.00982897	0.00982897	0.00982897	2458
0.227	0.0103454	0.0103454	0.0103454	0.0103454	2521
0.228	0.00907178	0.00907178	0.00907178	0.00907178	2505
0.229	0.008721	0.008721	0.008721	0.008721	2481
0.23	0.00971875	0.00971875	0.00971875	0.00971875	2368
0.231	0.0103148	0.0103148	0.0103148	0.0103148	2478
0.232	0.00969266	0.00969266	0.00969266	0.00969266	2547
0.233	0.010329	0.010329	0.010329	0.010329	2400
0.234	0.0100031	0.0100031	0.0100031	0.0100031	2468
0.235	0.0100603	0.0100603	0.0100603	0.0100603	2480
0.236	0.00977294	0.00977294	0.00977294	0.00977294	2602
0.237	0.00983228	0.00983228	0.00983228	0.00983228	2497
0.238	0.00961605	0.00961605	0.00961605	0.00961605	2467
0.239	0.00939113	0.00939113	0.00939113	0.00939113	2459
0.24	0.00923754	0.00923754	0.00923754	0.00923754	2472
0.241	0.00976692	0.00976692	0.00976692	0.00976692	2612
0.242	0.00941457	0.00941457	0.00941457	0.00941457	2403
0.243	0.00921257	0.00921257	0.00921257	0.00921257	2513
0.244	0.0091355	0.0091355	0.0091355	0.0091355	2493
0.245	0.00941823	0.00941823	0.00941823	0.00941823	2513
0.246	0.00901067	0.00901067	0.00901067	0.00901067	2400
0.247	0.00907368	0.00907368	0.00907368	0.00907368	2470
0.248	0.00843946	0.00843946	0.00843946	0.00843946	2524
0.249	0.00829222	0.00829222	0.00829222	0.00829222	2505
0.25	0.00867098	0.00867098	0.00867098	0.00867098	2471
0.251	0.00829627	0.00829627	0.00829627	0.00829627	2518
0.252	0.00867757	0.00867757	0.00867757	0.00867757	2555
0.253	0.00837824	0.00837824	0.00837824	0.00837824	2537
0.254	0.00841897	0.00841897	0.00841897	0.00841897	2488
0.255	0.0082448	0.0082448	0.0082448	0.0082448	2500
0.256	0.00866205	0.00866205	0.00866205	0.00866205	2511
0.257	0.00767504	0.00767504	0.00767504	0.00767504	2500
0.258	0.00829688	0.00829688	0.00829688	0.00829688	2502
0.259	0.00877605	0.00877605	0.00877605	0.00877605	2539
0.26	0.00848191	0.00848191	0.00848191	0.00848191	2432
0.261	0.00887186	0.00887186	0.00887186	0.00887186	2505
0.262	0.00836946	0.00836946	0.00836946	0.00836946	2462
0.263	0.00854511	0.00854511	0.00854511	0.00854511	2445
0.264	0.00817739	0.00817739	0.00817739	0.00817739	2433
0.265	0.00807885	0.00807885	0.00807885	0.00807885	2648
0.266	0.00763866	0.00763866	0.00763866	0.00763866	2566
0.267	0.00911271	0.00911271	0.00911271	0.00911271	2424
0.268	0.0089034	0.0089034	0.0089034	0.0089034	2472
0.269	0.00881606	0.00881606	0.00881606	0.00881606	2466
0.27	0.00870392	0.00870392	0.00870392	0.00870392	2523
0.271	0.00890016	0.00890016	0.00890016	0.00890016	2468
0.272	0.00797199	0.00797199	0.00797199	0.00797199	2556
0.273	0.00858606	0.00858606	0.00858606	0.00858606	2453
0.274	0.00769212	0.00769212	0.00769212	0.00769212	2488
0.275	0.00787737	0.00787737	0.00787737	0.00787737	2505
0.276	0.00672873	0.00672873	0.00672873	0.00672873	2503
0.277	0.00824145	0.00824145	0.00824145	0.00824145	2475
0.278	0.0081514	0.0081514	0.0081514	0.0081514	2428
0.279	0.00850986	0.00850986	0.00850986	0.00850986	2454
0.28	0.00719178	0.00719178	0.00719178	0.00719178	2481
0.281	0.00762233	0.00762233	0.00762233	0.00762233	2508
0.282	0.00722876	0.00722876	0.00722876	0.00722876	2476
0.283	0.00804779	0.00804779	0.00804779	0.00804779	2511
0.284	0.00697463	0.00697463	0.00697463	0.00697463	2444
0.285	0.00806879	0.00806879	0.00806879	0.00806879	2419
0.286	0.00800972	0.00800972	0.00800972	0.00800972	2469
0.287	0.00818257	0.00818257	0.00818257	0.00818257	2570
0.288	0.00866736	0.00866736	0.00866736	0.00866736	2506
0.289	0.00841477	0.00841477	0.00841477	0.00841477	2464
0.29	0.00738724	0.00738724	0.00738724	0.00738724	2429
0.291	0.00796525	0.00796525	0.00796525	0.00796525	2406
0.292	0.00718987	0.00718987	0.00718987	0.00718987	2488
0.293	0.00692167	0.00692167	0.00692167	0.00692167	2413
0.294	0.00774773	0.00774773	0.00774773	0.00774773	2445
0.295	0.00773475	0.00773475	0.00773475	0.00773475	2440
0.296	0.00728106	0.00728106	0.00728106	0.00728106	2413
0.297	0.00647884	0.00647884	0.00647884	0.00647884	2476
0.298	0.00770734	0.00770734	0.00770734	0.00770734	2508
0.299	0.00652165	0.00652165	0.00652165	0.00652165	2499
0.3	0.00707167	0.00707167	0.00707167	0.00707167	2531
0.301	0.00713107	0.00713107	0.00713107	0.00713107	2536
0.302	0.00710268	0.00710268	0.00710268	0.00710268	2503
0.303	0.00721275	0.00721275	0.00721275	0.00721275	2603
0.304	0.0067581	0.0067581	0.0067581	0.0067581	2396
0.305	0.0067199	0.0067199	0.0067199	0.0067199	2422
0.306	0.0062297	0.0062297	0.0062297	0.0062297	2492
0.307	0.00656406	0.00656406	0.00656406	0.00656406	2421
0.308	0.00688098	0.00688098	0.00688098	0.00688098	2376
0.309	0.00618022	0.00618022	0.00618022	0.00618022	2437
0.31	0.00618817	0.00618817	0.00618817	0.00618817	2468
0.311	0.00718733	0.00718733	0.00718733	0.00718733	2494
0.312	0.00665233	0.00665233	0.00665233	0.00665233	2408
0.313	0.0067349	0.0067349	0.0067349	0.0067349	2470
0.314	0.00660595	0.00660595	0.00660595	0.00660595	2521
0.315	0.00699156	0.00699156	0.00699156	0.00699156	2489
0.316	0.00634247	0.00634247	0.00634247	0.00634247	2538
0.317	0.00604461	0.00604461	0.00604461	0.00604461	2475
0.318	0.00571488	0.00571488	0.00571488	0.00571488	2399
0.319	0.00608247	0.00608247	0.00608247	0.00608247	2459
0.32	0.00536655	0.00536655	0.00536655	0.00536655	2356
0.321	0.00614404	0.00614404	0.00614404	0.00614404	2416
0.322	0.00614276	0.00614276	0.00614276	0.00614276	2418
0.323	0.00595685	0.00595685	0.00595685	0.00595685	2466
0.324	0.0063032	0.0063032	0.0063032	0.0063032	2471
0.325	0.0064329	0.0064329	0.0064329	0.0064329	2359
0.326	0.00724565	0.00724565	0.00724565	0.00724565	2462
0.327	0.0062401	0.0062401	0.0062401	0.0062401	2384
0.328	0.00651938	0.00651938	0.00651938	0.00651938	2456
0.329	0.00657876	0.00657876	0.00657876	0.00657876	2363
0.33	0.00612437	0.00612437	0.00612437	0.00612437	2396
0.331	0.00617016	0.00617016	0.00617016	0.00617016	2480
0.332	0.00557165	0.00557165	0.00557165	0.00557165	2342
0.333	0.0061257	0.0061257	0.0061257	0.0061257	2342
0.334	0.00530353	0.00530353	0.00530353	0.00530353	2434
0.335	0.00580756	0.00580756	0.00580756	0.00580756	2461
0.336	0.00594579	0.00594579	0.00594579	0.00594579	2376
0.337	0.00538153	0.00538153	0.00538153	0.00538153	2360
0.338	0.00537836	0.00537836	0.00537836	0.00537836	2422
0.339	0.00433411	0.00433411	0.00433411	0.00433411	2325
0.34	0.00548393	0.00548393	0.00548393	0.00548393	2364
0.341	0.00550347	0.00550347	0.00550347	0.00550347	2453
0.342	0.00548791	0.00548791	0.00548791	0.00548791	2448
0.343	0.00590744	0.00590744	0.00590744	0.00590744	2325
0.344	0.00528609	0.00528609	0.00528609	0.00528609	2444
0.345	0.00546291	0.00546291	0.00546291	0.00546291	2413
0.346	0.0052135	0.0052135	0.0052135	0.0052135	2489
0.347	0.00501474	0.00501474	0.00501474	0.00501474	2334
0.348	0.00601787	0.00601787	0.00601787	0.00601787	2373
0.349	0.0051095	0.0051095	0.0051095	0.0051095	2316
0.35	0.00550865	0.00550865	0.00550865	0.00550865	2325
0.351	0.00513347	0.00513347	0.00513347	0.00513347	2357
0.352	0.00548206	0.00548206	0.00548206	0.00548206	2313
0.353	0.00494088	0.00494088	0.00494088	0.00494088	2473
0.354	0.00569232	0.00569232	0.00569232	0.00569232	2409
0.355	0.0054043	0.0054043	0.0054043	0.0054043	2371
0.356	0.0051094	0.0051094	0.0051094	0.0051094	2340
0.357	0.00459919	0.00459919	0.00459919	0.00459919	2470
0.358	0.00523028	0.00523028	0.00523028	0.00523028	2457
0.359	0.00565961	0.00565961	0.00565961	0.00565961	2429
0.36	0.00537652	0.00537652	0.00537652	0.00537652	2479
0.361	0.00573193	0.00573193	0.00573193	0.00573193	2383
0.362	0.0049612	0.0049612	0.0049612	0.0049612	2459
0.363	0.00466601	0.00466601	0.00466601	0.00466601	2430
0.364	0.00500365	0.00500365	0.00500365	0.00500365	2408
0.365	0.00464897	0.00464897	0.00464897	0.00464897	2532
0.366	0.00435939	0.00435939	0.00435939	0.00435939	2492
0.367	0.00435766	0.00435766	0.00435766	0.00435766	2409
0.368	0.00517903	0.00517903	0.00517903	0.00517903	2384
0.369	0.00489399	0.00489399	0.00489399	0.00489399	2430
0.37	0.00504378	0.00504378	0.00504378	0.00504378	2453
0.371	0.00460419	0.00460419	0.00460419	0.00460419	2388
0.372	0.00426058	0.00426058	0.00426058	0.00426058	2410
0.373	0.00429119	0.00429119	0.00429119	0.00429119	2430
0.374	0.00423287	0.00423287	0.00423287	0.00423287	2324
0.375	0.00492099	0.00492099	0.00492099	0.00492099	2377
0.376	0.00444421	0.00444421	0.00444421	0.00444421	2416
0.377	0.00431454	0.00431454	0.00431454	0.00431454	2476
0.378	0.0050592	0.0050592	0.0050592	0.0050592	2500
0.379	0.00530519	0.00530519	0.00530519	0.00530519	2445
0.38	0.00424868	0.00424868	0.00424868	0.00424868	2342
0.381	0.00453753	0.00453753	0.00453753	0.00453753	2417
0.382	0.00493926	0.00493926	0.00493926	0.00493926	2361
0.383	0.00362609	0.00362609	0.00362609	0.00362609	2330
0.384	0.0043318	0.0043318	0.0043318	0.0043318	2352
0.385	0.00501196	0.00501196	0.00501196	0.00501196	2274
0.386	0.00465312	0.00465312	0.00465312	0.00465312	2391
0.387	0.00456534	0.00456534	0.00456534	0.00456534	2458
0.388	0.0045895	0.0045895	0.0045895	0.0045895	2343
0.389	0.00427179	0.00427179	0.00427179	0.00427179	2393
0.39	0.00416308	0.00416308	0.00416308	0.00416308	2340
0.391	0.00436532	0.00436532	0.00436532	0.00436532	2434
0.392	0.00425513	0.00425513	0.00425513	0.00425513	2380
0.393	0.00410221	0.00410221	0.00410221	0.00410221	2446
0.394	0.00503459	0.00503459	0.00503459	0.00503459	2365
0.395	0.00427926	0.00427926	0.00427926	0.00427926	2319
0.396	0.00388769	0.00388769	0.00388769	0.00388769	2308
0.397	0.00382551	0.00382551	0.00382551	0.00382551	2423
0.398	0.0038605	0.0038605	0.0038605	0.0038605	2443
0.399	0.00435636	0.00435636	0.00435636	0.00435636	2383
0.4	0.00399713	0.00399713	0.00399713	0.00399713	2372
0.401	0.00414965	0.00414965	0.00414965	0.00414965	2443
0.402	0.0038933	0.0038933	0.0038933	0.0038933	2358
0.403	0.00362163	0.00362163	0.00362163	0.00362163	2404
0.404	0.0039881	0.0039881	0.0039881	0.0039881	2387
0.405	0.004026	0.004026	0.004026	0.004026	2354
0.406	0.00417188	0.00417188	0.00417188	0.00417188	2397
0.407	0.00437112	0.00437112	0.00437112	0.00437112	2382
0.408	0.00469878	0.00469878	0.00469878	0.00469878	2371
0.409	0.00404707	0.00404707	0.00404707	0.00404707	2456
0.41	0.00444104	0.00444104	0.00444104	0.00444104	2456
0.411	0.00367183	0.00367183	0.00367183	0.00367183	2478
0.412	0.00370617	0.00370617	0.00370617	0.00370617	2430
0.413	0.0035652	0.0035652	0.0035652	0.0035652	2368
0.414	0.00377835	0.00377835	0.00377835	0.00377835	2485
0.415	0.00388447	0.00388447	0.00388447	0.00388447	2441
0.416	0.00411722	0.00411722	0.00411722	0.00411722	2450
0.417	0.00342741	0.00342741	0.00342741	0.00342741	2401
0.418	0.00412113	0.00412113	0.00412113	0.00412113	2371
0.419	0.00430793	0.00430793	0.00430793	0.00430793	2359
0.42	0.0040896	0.0040896	0.0040896	0.0040896	2317
0.421	0.00403481	0.00403481	0.00403481	0.00403481	2264
0.422	0.00375097	0.00375097	0.00375097	0.00375097	2366
0.423	0.00415876	0.00415876	0.00415876	0.00415876	2386
0.424	0.00369337	0.00369337	0.00369337	0.00369337	2382
0.425	0.00360955	0.00360955	0.00360955	0.00360955	2470
0.426	0.00373306	0.00373306	0.00373306	0.00373306	2417
0.427	0.00397431	0.00397431	0.00397431	0.00397431	2367
0.428	0.00337584	0.00337584	0.00337584	0.00337584	2459
0.429	0.00392029	0.00392029	0.00392029	0.00392029	2444
0.43	0.00421919	0.00421919	0.00421919	0.00421919	2418
0.431	0.00408686	0.00408686	0.00408686	0.00408686	2390
0.432	0.00400574	0.00400574	0.00400574	0.00400574	2371
0.433	0.0038855	0.0038855	0.0038855	0.0038855	2407
0.434	0.00425986	0.00425986	0.00425986	0.00425986	2369
0.435	0.00353095	0.00353095	0.00353095	0.00353095	2381
0.436	0.00441861	0.00441861	0.00441861	0.00441861	2343
0.437	0.00314476	0.00314476	0.00314476	0.00314476	2375
0.438	0.00388051	0.00388051	0.00388051	0.00388051	2350
0.439	0.00436995	0.00436995	0.00436995	0.00436995	2316
0.44	0.00392739	0.00392739	0.00392739	0.00392739	2402
0.441	0.00409368	0.00409368	0.00409368	0.00409368	2404
0.442	0.00352527	0.00352527	0.00352527	0.00352527	2323
0.443	0.00321236	0.00321236	0.00321236	0.00321236	2331
0.444	0.00344345	0.00344345	0.00344345	0.00344345	2435
0.445	0.00392369	0.00392369	0.00392369	0.00392369	2448
0.446	0.00362785	0.00362785	0.00362785	0.00362785	2470
0.447	0.00380956	0.00380956	0.00380956	0.00380956	2405
0.448	0.00308032	0.00308032	0.00308032	0.00308032	2403
0.449	0.00351135	0.00351135	0.00351135	0.00351135	2387
0.45	0.00336264	0.00336264	0.00336264	0.00336264	2307
0.451	0.00320855	0.00320855	0.00320855	0.00320855	2434
0.452	0.00302916	0.00302916	0.00302916	0.00302916	2318
0.453	0.00303055	0.00303055	0.00303055	0.00303055	2396
0.454	0.00359353	0.00359353	0.00359353	0.00359353	2412
0.455	0.00339329	0.00339329	0.00339329	0.00339329	2386
0.456	0.00336421	0.00336421	0.00336421	0.00336421	2431
0.457	0.00338854	0.00338854	0.00338854	0.00338854	2425
0.458	0.00325649	0.00325649	0.00325649	0.00325649	2280
0.459	0.00354109	0.00354109	0.00354109	0.00354109	2363
0.46	0.00320702	0.00320702	0.00320702	0.00320702	2335
0.461	0.00349661	0.00349661	0.00349661	0.00349661	2298
0.462	0.00368227	0.00368227	0.00368227	0.00368227	2392
0.463	0.00352738	0.00352738	0.00352738	0.00352738	2352
0.464	0.00322615	0.00322615	0.00322615	0.00322615	2371
0.465	0.00333333	0.00333333	0.00333333	0.00333333	2259
0.466	0.00352866	0.00352866	0.00352866	0.00352866	2383
0.467	0.00324745	0.00324745	0.00324745	0.00324745	2310
0.468	0.00352707	0.00352707	0.00352707	0.00352707	2386
0.469	0.00406422	0.00406422	0.00406422	0.00406422	2317
0.47	0.00364536	0.00364536	0.00364536	0.00364536	2284
0.471	0.00368107	0.00368107	0.00368107	0.00368107	2324
0.472	0.00392723	0.00392723	0.00392723	0.00392723	2435
0.473	0.00368165	0.00368165	0.00368165	0.00368165	2327
0.474	0.00373112	0.00373112	0.00373112	0.00373112	2413
0.475	0.0030886	0.0030886	0.0030886	0.0030886	2395
0.476	0.00336809	0.00336809	0.00336809	0.00336809	2256
0.477	0.00402075	0.00402075	0.00402075	0.00402075	2410
0.478	0.00396296	0.00396296	0.00396296	0.00396296	2300
0.479	0.00346287	0.00346287	0.00346287	0.00346287	2351
0.48	0.00353387	0.00353387	0.00353387	0.00353387	2353
0.481	0.00330172	0.00330172	0.00330172	0.00330172	2273
0.482	0.00386376	0.00386376	0.00386376	0.00386376	2340
0.483	0.00379764	0.00379764	0.00379764	0.00379764	2291
0.484	0.00300893	0.00300893	0.00300893	0.00300893	2330
0.485	0.00366887	0.00366887	0.00366887	0.00366887	2300
0.486	0.00368383	0.00368383	0.00368383	0.00368383	2362
0.487	0.00326189	0.00326189	0.00326189	0.00326189	2275
0.488	0.00309784	0.00309784	0.00309784	0.00309784	2310
0.489	0.00312344	0.00312344	0.00312344	0.00312344	2231
0.49	0.00324993	0.00324993	0.00324993	0.00324993	2267
0.491	0.00336503	0.00336503	0.00336503	0.00336503	2368
0.492	0.00284591	0.00284591	0.00284591	0.00284591	2396
0.493	0.00274941	0.00274941	0.00274941	0.00274941	2364
0.494	0.00265431	0.00265431	0.00265431	0.00265431	2331
0.495	0.00257888	0.00257888	0.00257888	0.00257888	2301
0.496	0.00342155	0.00342155	0.00342155	0.00342155	2376
0.497	0.00296409	0.00296409	0.00296409	0.00296409	2289
0.498	0.00315901	0.00315901	0.00315901	0.00315901	2391
0.499	0.00310099	0.00310099	0.00310099	0.00310099	2331
0.5	0.00329678	0.00329678	0.00329678	0.00329678	2331
0.501	0.00344477	0.00344477	0.00344477	0.00344477	2296
0.502	0.00276537	0.00276537	0.00276537	0.00276537	2322
0.503	0.00330529	0.00330529	0.00330529	0.00330529	2401
0.504	0.00289237	0.00289237	0.00289237	0.00289237	2386
0.505	0.00330474	0.00330474	0.00330474	0.00330474	2299
0.506	0.00307417	0.00307417	0.00307417	0.00307417	2362
0.507	0.00285779	0.00285779	0.00285779	0.00285779	2284
0.508	0.00298902	0.00298902	0.00298902	0.00298902	2277
0.509	0.00246698	0.00246698	0.00246698	0.00246698	2341
0.51	0.00255823	0.00255823	0.00255823	0.00255823	2351
0.511	0.00344346	0.00344346	0.00344346	0.00344346	2333
0.512	0.00273144	0.00273144	0.00273144	0.00273144	2322
0.513	0.00328125	0.00328125	0.00328125	0.00328125	2373
0.514	0.00365418	0.00365418	0.00365418	0.00365418	2370
0.515	0.0033245	0.0033245	0.0033245	0.0033245	2310
0.516	0.00281588	0.00281588	0.00281588	0.00281588	2317
0.517	0.00294128	0.00294128	0.00294128	0.00294128	2350
0.518	0.00295055	0.00295055	0.00295055	0.00295055	2354
0.519	0.0027	0.0027	0.0027	0.0027	2324
0.52	0.00261515	0.00261515	0.00261515	0.00261515	2402
0.521	0.00313242	0.00313242	0.00313242	0.00313242	2409
0.522	0.00242693	0.00242693	0.00242693	0.00242693	2421
0.523	0.00322658	0.00322658	0.00322658	0.00322658	2393
0.524	0.00255362	0.00255362	0.00255362	0.00255362	2346
0.525	0.00292671	0.00292671	0.00292671	0.00292671	2377
0.526	0.00277258	0.00277258	0.00277258	0.00277258	2217
0.527	0.00247941	0.00247941	0.00247941	0.00247941	2287
0.528	0.00265478	0.00265478	0.00265478	0.00265478	2300
0.529	0.00250219	0.00250219	0.00250219	0.00250219	2286
0.53	0.00224801	0.00224801	0.00224801	0.00224801	2258
0.531	0.00234689	0.00234689	0.00234689	0.00234689	2297
0.532	0.00259123	0.00259123	0.00259123	0.00259123	2280
0.533	0.00276464	0.00276464	0.00276464	0.00276464	2183
0.534	0.00256477	0.00256477	0.00256477	0.00256477	2350
0.535	0.00296221	0.00296221	0.00296221	0.00296221	2313
0.536	0.00252839	0.00252839	0.00252839	0.00252839	2402
0.537	0.00190225	0.00190225	0.00190225	0.00190225	2316
0.538	0.00205164	0.00205164	0.00205164	0.00205164	2316
0.539	0.00232986	0.00232986	0.00232986	0.00232986	2344
0.54	0.0020725	0.0020725	0.0020725	0.0020725	2240
0.541	0.00234623	0.00234623	0.00234623	0.00234623	2388
0.542	0.00190842	0.00190842	0.00190842	0.00190842	2293
0.543	0.00208627	0.00208627	0.00208627	0.00208627	2360
0.544	0.00207002	0.00207002	0.00207002	0.00207002	2308
0.545	0.00245044	0.00245044	0.00245044	0.00245044	2284
0.546	0.002345	0.002345	0.002345	0.002345	2349
0.547	0.00224881	0.00224881	0.00224881	0.00224881	2270
0.548	0.00298131	0.00298131	0.00298131	0.00298131	2301
0.549	0.00244496	0.00244496	0.00244496	0.00244496	2251
0.55	0.00292602	0.00292602	0.00292602	0.00292602	2314
0.551	0.00265427	0.00265427	0.00265427	0.00265427	2366
0.552	0.00244757	0.00244757	0.00244757	0.00244757	2371
0.553	0.00203909	0.00203909	0.00203909	0.00203909	2364
0.554	0.00252465	0.00252465	0.00252465	0.00252465	2272
0.555	0.0022338	0.0022338	0.0022338	0.0022338	2231
0.556	0.00257906	0.00257906	0.00257906	0.00257906	2283
0.557	0.00257472	0.00257472	0.00257472	0.00257472	2255
0.558	0.0022948	0.0022948	0.0022948	0.0022948	2270
0.559	0.00269068	0.00269068	0.00269068	0.00269068	2265
0.56	0.00252544	0.00252544	0.00252544	0.00252544	2264
0.561	0.0021419	0.0021419	0.0021419	0.0021419	2303
0.562	0.00241036	0.00241036	0.00241036	0.00241036	2201
0.563	0.00238741	0.00238741	0.00238741	0.00238741	2352
0.564	0.00198843	0.00198843	0.00198843	0.00198843	2281
0.565	0.00200154	0.00200154	0.00200154	0.00200154	2340
0.566	0.00264852	0.00264852	0.00264852	0.00264852	2337
0.567	0.00215868	0.00215868	0.00215868	0.00215868	2357
0.568	0.00256471	0.00256471	0.00256471	0.00256471	2397
0.569	0.00265134	0.00265134	0.00265134	0.00265134	2322
0.57	0.00237237	0.00237237	0.00237237	0.00237237	2316
0.571	0.00205869	0.00205869	0.00205869	0.00205869	2358
0.572	0.00206392	0.00206392	0.00206392	0.00206392	2303
0.573	0.00194605	0.00194605	0.00194605	0.00194605	2328
0.574	0.00187524	0.00187524	0.00187524	0.00187524	2254
0.575	0.00154486	0.00154486	0.00154486	0.00154486	2314
0.576	0.00206749	0.00206749	0.00206749	0.00206749	2264
0.577	0.00191996	0.00191996	0.00191996	0.00191996	2279
0.578	0.00177626	0.00177626	0.00177626	0.00177626	2317
0.579	0.0018898	0.0018898	0.0018898	0.0018898	2305
0.58	0.00226806	0.00226806	0.00226806	0.00226806	2295
0.581	0.00163335	0.00163335	0.00163335	0.00163335	2231
0.582	0.00210314	0.00210314	0.00210314	0.00210314	2292
0.583	0.00196427	0.00196427	0.00196427	0.00196427	2306
0.584	0.00274365	0.00274365	0.00274365	0.00274365	2378
0.585	0.00209262	0.00209262	0.00209262	0.00209262	2384
0.586	0.00262767	0.00262767	0.00262767	0.00262767	2270
0.587	0.00192886	0.00192886	0.00192886	0.00192886	2294
0.588	0.00222572	0.00222572	0.00222572	0.00222572	2403
0.589	0.00290574	0.00290574	0.00290574	0.00290574	2387
0.59	0.0029753	0.0029753	0.0029753	0.0029753	2227
0.591	0.0027474	0.0027474	0.0027474	0.0027474	2365
0.592	0.00247175	0.00247175	0.00247175	0.00247175	2297
0.593	0.00239203	0.00239203	0.00239203	0.00239203	2358
0.594	0.00232412	0.00232412	0.00232412	0.00232412	2351
0.595	0.00326288	0.00326288	0.00326288	0.00326288	2449
0.596	0.00230639	0.00230639	0.00230639	0.00230639	2333
0.597	0.00226427	0.00226427	0.00226427	0.00226427	2340
0.598	0.00243042	0.00243042	0.00243042	0.00243042	2380
0.599	0.00195159	0.00195159	0.00195159	0.00195159	2355
0.6	0.00234173	0.00234173	0.00234173	0.00234173	2286
0.601	0.00210037	0.00210037	0.00210037	0.00210037	2415
0.602	0.00249944	0.00249944	0.00249944	0.00249944	2321
0.603	0.00270799	0.00270799	0.00270799	0.00270799	2365
0.604	0.00212354	0.00212354	0.00212354	0.00212354	2315
0.605	0.00244154	0.00244154	0.00244154	0.00244154	2340
0.606	0.00228521	0.00228521	0.00228521	0.00228521	2359
0.607	0.00226319	0.00226319	0.00226319	0.00226319	2263
0.608	0.00250854	0.00250854	0.00250854	0.00250854	2355
0.609	0.00217839	0.00217839	0.00217839	0.00217839	2323
0.61	0.0028416	0.0028416	0.0028416	0.0028416	2346
0.611	0.00215966	0.00215966	0.00215966	0.00215966	2350
0.612	0.00168746	0.00168746	0.00168746	0.00168746	2392
0.613	0.00195618	0.00195618	0.00195618	0.00195618	2355
0.614	0.00182552	0.00182552	0.00182552	0.00182552	2375
0.615	0.00223878	0.00223878	0.00223878	0.00223878	2352
0.616	0.00222959	0.00222959	0.00222959	0.00222959	2366
0.617	0.00212354	0.00212354	0.00212354	0.00212354	2315
0.618	0.00179983	0.00179983	0.00179983	0.00179983	2326
0.619	0.00165403	0.00165403	0.00165403	0.00165403	2369
0.62	0.00250504	0.00250504	0.00250504	0.00250504	2342
0.621	0.00122164	0.00122164	0.00122164	0.00122164	2403
0.622	0.00171424	0.00171424	0.00171424	0.00171424	2409
0.623	0.00192364	0.00192364	0.00192364	0.00192364	2530
0.624	0.00179385	0.00179385	0.00179385	0.00179385	2441
0.625	0.00182068	0.00182068	0.00182068	0.00182068	2360
0.626	0.00184591	0.00184591	0.00184591	0.00184591	2235
0.627	0.00151502	0.00151502	0.00151502	0.00151502	2344
0.628	0.00184416	0.00184416	0.00184416	0.00184416	2269
0.629	0.00191711	0.00191711	0.00191711	0.00191711	2355
0.63	0.00194771	0.00194771	0.00194771	0.00194771	2318
0.631	0.00185617	0.00185617	0.00185617	0.00185617	2236
0.632	0.00149186	0.00149186	0.00149186	0.00149186	2223
0.633	0.00170436	0.00170436	0.00170436	0.00170436	2223
0.634	0.00134209	0.00134209	0.00134209	0.00134209	2359
0.635	0.00112346	0.00112346	0.00112346	0.00112346	2195
0.636	0.00161848	0.00161848	0.00161848	0.00161848	2251
0.637	0.00109729	0.00109729	0.00109729	0.00109729	2325
0.638	0.00175885	0.00175885	0.00175885	0.00175885	2362
0.639	0.00156766	0.00156766	0.00156766	0.00156766	2288
0.64	0.00184345	0.00184345	0.00184345	0.00184345	2320
0.641	0.00132355	0.00132355	0.00132355	0.00132355	2412
0.642	0.00144457	0.00144457	0.00144457	0.00144457	2311
0.643	0.00125427	0.00125427	0.00125427	0.00125427	2307
0.644	0.00173075	0.00173075	0.00173075	0.00173075	2267
0.645	0.00162757	0.00162757	0.00162757	0.00162757	2249
0.646	0.00163786	0.00163786	0.00163786	0.00163786	2356
0.647	0.00180907	0.00180907	0.00180907	0.00180907	2359
0.648	0.00139642	0.00139642	0.00139642	0.00139642	2289
0.649	0.00152591	0.00152591	0.00152591	0.00152591	2246
0.65	0.00204847	0.00204847	0.00204847	0.00204847	2261
0.651	0.00168415	0.00168415	0.00168415	0.00168415	2258
0.652	0.00102498	0.00102498	0.00102498	0.00102498	2322
0.653	0.0016138	0.0016138	0.0016138	0.0016138	2232
0.654	0.00143426	0.00143426	0.00143426	0.00143426	2341
0.655	0.00172552	0.00172552	0.00172552	0.00172552	2339
0.656	0.00167848	0.00167848	0.00167848	0.00167848	2263
0.657	0.00140842	0.00140842	0.00140842	0.00140842	2374
0.658	0.00170286	0.00170286	0.00170286	0.00170286	2376
0.659	0.00149569	0.00149569	0.00149569	0.00149569	2228
0.66	0.00182552	0.00182552	0.00182552	0.00182552	2320
0.661	0.00215754	0.00215754	0.00215754	0.00215754	2308
0.662	0.00178632	0.00178632	0.00178632	0.00178632	2280
0.663	0.00149537	0.00149537	0.00149537	0.00149537	2374
0.664	0.00161269	0.00161269	0.00161269	0.00161269	2301
0.665	0.00189978	0.00189978	0.00189978	0.00189978	2287
0.666	0.00124083	0.00124083	0.00124083	0.00124083	2214
0.667	0.00170519	0.00170519	0.00170519	0.00170519	2179
0.668	0.00206619	0.00206619	0.00206619	0.00206619	2248
0.669	0.00108267	0.00108267	0.00108267	0.00108267	2199
0.67	0.00147248	0.00147248	0.00147248	0.00147248	2202
0.671	0.0012286	0.0012286	0.0012286	0.0012286	2252
0.672	0.00116734	0.00116734	0.00116734	0.00116734	2217
0.673	0.00109927	0.00109927	0.00109927	0.00109927	2343
0.674	0.00158451	0.00158451	0.00158451	0.00158451	2376
0.675	0.00135913	0.00135913	0.00135913	0.00135913	2295
0.676	0.00111458	0.00111458	0.00111458	0.00111458	2215
0.677	0.00118922	0.00118922	0.00118922	0.00118922	2226
0.678	0.000962969	0.000962969	0.000962969	0.000962969	2317
0.679	0.00109956	0.00109956	0.00109956	0.00109956	2282
0.68	0.00119462	0.00119462	0.00119462	0.00119462	2381
0.681	0.0015703	0.0015703	0.0015703	0.0015703	2249
0.682	0.000974945	0.000974945	0.000974945	0.000974945	2275
0.683	0.00122022	0.00122022	0.00122022	0.00122022	2295
0.684	0.00151644	0.00151644	0.00151644	0.00151644	2384
0.685	0.00103	0.00103	0.00103	0.00103	2320
0.686	0.00179027	0.00179027	0.00179027	0.00179027	2302
0.687	0.00156984	0.00156984	0.00156984	0.00156984	2268
0.688	0.0013822	0.0013822	0.0013822	0.0013822	2270
0.689	0.000278309	0.000278309	0.000278309	0.000278309	2176
0.69	0.000952048	0.000952048	0.000952048	0.000952048	2344
0.691	0.00147804	0.00147804	0.00147804	0.00147804	2240
0.692	0.00148463	0.00148463	0.00148463	0.00148463	2153
0.693	0.00133004	0.00133004	0.00133004	0.00133004	2224
0.694	0.00131191	0.00131191	0.00131191	0.00131191	2234
0.695	0.0011537	0.0011537	0.0011537	0.0011537	2246
0.696	0.00115155	0.00115155	0.00115155	0.00115155	2163
0.697	0.00094032	0.00094032	0.00094032	0.00094032	2252
0.698	0.00102906	0.00102906	0.00102906	0.00102906	2319
0.699	0.000867288	0.000867288	0.000867288	0.000867288	2253
0.7	0.000912666	0.000912666	0.000912666	0.000912666	2187
0.701	0.00111787	0.00111787	0.00111787	0.00111787	2216
0.702	0.000936309	0.000936309	0.000936309	0.000936309	2330
0.703	0.000406423	0.000406423	0.000406423	0.000406423	2242
0.704	0.000768296	0.000768296	0.000768296	0.000768296	2271
0.705	0.00157276	0.00157276	0.00157276	0.00157276	2173
0.706	0.00134976	0.00134976	0.00134976	0.00134976	2313
0.707	0.000964821	0.000964821	0.000964821	0.000964821	2240
0.708	0.0010448	0.0010448	0.0010448	0.0010448	2085
0.709	0.00114961	0.00114961	0.00114961	0.00114961	2207
0.71	0.000890529	0.000890529	0.000890529	0.000890529	2249
0.711	0.000788091	0.000788091	0.000788091	0.000788091	2284
0.712	0.00146822	0.00146822	0.00146822	0.00146822	2225
0.713	0.00106115	0.00106115	0.00106115	0.00106115	2247
0.714	0.000818962	0.000818962	0.000818962	0.000818962	2236
0.715	0.00110459	0.00110459	0.00110459	0.00110459	2222
0.716	0.0014317	0.0014317	0.0014317	0.0014317	2246
0.717	0.000893175	0.000893175	0.000893175	0.000893175	2271
0.718	0.0010986	0.0010986	0.0010986	0.0010986	2359
0.719	0.000905031	0.000905031	0.000905031	0.000905031	2266
0.72	0.00135687	0.00135687	0.00135687	0.00135687	2323
0.721	0.00152737	0.00152737	0.00152737	0.00152737	2280
0.722	0.00106584	0.00106584	0.00106584	0.00106584	2248
0.723	0.000796539	0.000796539	0.000796539	0.000796539	2196
0.724	0.00105665	0.00105665	0.00105665	0.00105665	2330
0.725	0.000786917	0.000786917	0.000786917	0.000786917	2293
0.726	0.00136908	0.00136908	0.00136908	0.00136908	2309
0.727	0.000732673	0.000732673	0.000732673	0.000732673	2323
0.728	0.000457384	0.000457384	0.000457384	0.000457384	2370
0.729	0.000486911	0.000486911	0.000486911	0.000486911	2269
0.73	0.000742659	0.000742659	0.000742659	0.000742659	2309
0.731	0.000332814	0.000332814	0.000332814	0.000332814	2310
0.732	0.000367059	0.000367059	0.000367059	0.000367059	2295
0.733	0.00118411	0.00118411	0.00118411	0.00118411	2291
0.734	0.000305683	0.000305683	0.000305683	0.000305683	2358
0.735	0.000509668	0.000509668	0.000509668	0.000509668	2141
0.736	0.00059275	0.00059275	0.00059275	0.00059275	2262
0.737	0.00115313	0.00115313	0.00115313	0.00115313	2236
0.738	0.000792577	0.000792577	0.000792577	0.000792577	2371
0.739	0.000775011	0.000775011	0.000775011	0.000775011	2225
0.74	0.000644366	0.000644366	0.000644366	0.000644366	2272
0.741	0.000299245	0.000299245	0.000299245	0.000299245	2251
0.742	0.00106418	0.00106418	0.00106418	0.00106418	2303
0.743	0.000934167	0.000934167	0.000934167	0.000934167	2239
0.744	0.00110462	0.00110462	0.00110462	0.00110462	2252
0.745	0.00134712	0.00134712	0.00134712	0.00134712	2254
0.746	0.000849325	0.000849325	0.000849325	0.000849325	2222
0.747	0.00141498	0.00141498	0.00141498	0.00141498	2296
0.748	0.00071399	0.00071399	0.00071399	0.00071399	2316
0.749	0.00069629	0.00069629	0.00069629	0.00069629	2264
0.75	0.000992688	0.000992688	0.000992688	0.000992688	2325
0.751	0.00125474	0.00125474	0.00125474	0.00125474	2353
0.752	0.000785179	0.000785179	0.000785179	0.000785179	2402
0.753	0.000981129	0.000981129	0.000981129	0.000981129	2321
0.754	0.000705902	0.000705902	0.000705902	0.000705902	2355
0.755	0.000936577	0.000936577	0.000936577	0.000936577	2302
0.756	0.000971036	0.000971036	0.000971036	0.000971036	2327
0.757	0.000812067	0.000812067	0.000812067	0.000812067	2254
0.758	0.000787778	0.000787778	0.000787778	0.000787778	2291
0.759	0.000828597	0.000828597	0.000828597	0.000828597	2196
0.76	0.00105039	0.00105039	0.00105039	0.00105039	2286
0.761	0.000822659	0.000822659	0.000822659	0.000822659	2189
0.762	0.000554461	0.000554461	0.000554461	0.000554461	2253
0.763	0.00141266	0.00141266	0.00141266	0.00141266	2274
0.764	0.000928761	0.000928761	0.000928761	0.000928761	2187
0.765	0.00052824	0.00052824	0.00052824	0.00052824	2199
0.766	0.000809654	0.000809654	0.000809654	0.000809654	2196
0.767	0.000690305	0.000690305	0.000690305	0.000690305	2228
0.768	0.000489106	0.000489106	0.000489106	0.000489106	2249
0.769	0.000661638	0.000661638	0.000661638	0.000661638	2174
0.77	0.000904038	0.000904038	0.000904038	0.000904038	2303
0.771	0.000785833	0.000785833	0.000785833	0.000785833	2174
0.772	0.00119173	0.00119173	0.00119173	0.00119173	2321
0.773	0.00105294	0.00105294	0.00105294	0.00105294	2157
0.774	0.00140204	0.00140204	0.00140204	0.00140204	2251
0.775	0.00109427	0.00109427	0.00109427	0.00109427	2217
0.776	0.0011179	0.0011179	0.0011179	0.0011179	2212
0.777	0.00125139	0.00125139	0.00125139	0.00125139	2296
0.778	0.00143321	0.00143321	0.00143321	0.00143321	2240
0.779	0.00139594	0.00139594	0.00139594	0.00139594	2219
0.78	0.000733816	0.000733816	0.000733816	0.000733816	2073
0.781	0.00057226	0.00057226	0.00057226	0.00057226	2199
0.782	0.000785779	0.000785779	0.000785779	0.000785779	2222
0.783	0.00104944	0.00104944	0.00104944	0.00104944	2221
0.784	0.00141128	0.00141128	0.00141128	0.00141128	2287
0.785	0.00119397	0.00119397	0.00119397	0.00119397	2254
0.786	0.000911151	0.000911151	0.000911151	0.000911151	2242
0.787	0.000678238	0.000678238	0.000678238	0.000678238	2270
0.788	0.000318907	0.000318907	0.000318907	0.000318907	2269
0.789	0.00101356	0.00101356	0.00101356	0.00101356	2227
0.79	0.000916345	0.000916345	0.000916345	0.000916345	2331
0.791	0.000460465	0.000460465	0.000460465	0.000460465	2322
0.792	0.000557535	0.000557535	0.000557535	0.000557535	2402
0.793	0.000720873	0.000720873	0.000720873	0.000720873	2290
0.794	0.000520769	0.000520769	0.000520769	0.000520769	2186
0.795	0.000673313	0.000673313	0.000673313	0.000673313	2327
0.796	0.000502173	0.000502173	0.000502173	0.000502173	2255
0.797	0.000921123	0.000921123	0.000921123	0.000921123	2315
0.798	0.000888812	0.000888812	0.000888812	0.000888812	2315
0.799	0.000839864	0.000839864	0.000839864	0.000839864	2358
0.8	0.00083282	0.00083282	0.00083282	0.00083282	2206
0.801	0.000701897	0.000701897	0.000701897	0.000701897	2320
0.802	0.000522567	0.000522567	0.000522567	0.000522567	2353
0.803	0.000960216	0.000960216	0.000960216	0.000960216	2222
0.804	0.00066981	0.00066981	0.00066981	0.00066981	2206
0.805	0.000841577	0.000841577	0.000841577	0.000841577	2232
0.806	0.000510157	0.000510157	0.000510157	0.000510157	2353
0.807	0.000589427	0.000589427	0.000589427	0.000589427	2251
0.808	0.000918047	0.000918047	0.000918047	0.000918047	2294
0.809	0.000653943	0.000653943	0.000653943	0.000653943	2232
0.81	0.000852511	0.000852511	0.000852511	0.000852511	2270
0.811	0.00123224	0.00123224	0.00123224	0.00123224	2258
0.812	0.00131398	0.00131398	0.00131398	0.00131398	2211
0.813	0.00135902	0.00135902	0.00135902	0.00135902	2294
0.814	0.00123307	0.00123307	0.00123307	0.00123307	2298
0.815	0.00111431	0.00111431	0.00111431	0.00111431	2334
0.816	0.00102777	0.00102777	0.00102777	0.00102777	2341
0.817	0.00122091	0.00122091	0.00122091	0.00122091	2162
0.818	0.00126456	0.00126456	0.00126456	0.00126456	2212
0.819	0.000978886	0.000978886	0.000978886	0.000978886	2245
0.82	0.000781093	0.000781093	0.000781093	0.000781093	2306
0.821	0.000715523	0.000715523	0.000715523	0.000715523	2216
0.822	0.000478325	0.000478325	0.000478325	0.000478325	2293
0.823	0.000745941	0.000745941	0.000745941	0.000745941	2316
0.824	0.000607345	0.000607345	0.000607345	0.000607345	2369
0.825	0.000855184	0.000855184	0.000855184	0.000855184	2305
0.826	0.000804279	0.000804279	0.000804279	0.000804279	2337
0.827	0.00111505	0.00111505	0.00111505	0.00111505	2199
0.828	0.00126779	0.00126779	0.00126779	0.00126779	2254
0.829	0.000708396	0.000708396	0.000708396	0.000708396	2144
0.83	0.000704014	0.000704014	0.000704014	0.000704014	2292
0.831	0.000152136	0.000152136	0.000152136	0.000152136	2177
0.832	0.000921731	0.000921731	0.000921731	0.000921731	2195
0.833	0.000829642	0.000829642	0.000829642	0.000829642	2321
0.834	0.000362118	0.000362118	0.000362118	0.000362118	2323
0.835	0.000706573	0.000706573	0.000706573	0.000706573	2282
0.836	0.00128339	0.00128339	0.00128339	0.00128339	2264
0.837	0.000481076	0.000481076	0.000481076	0.000481076	2230
0.838	0.000827586	0.000827586	0.000827586	0.000827586	2349
0.839	0.000842373	0.000842373	0.000842373	0.000842373	2360
0.84	0.000390976	0.000390976	0.000390976	0.000390976	2172
0.841	0.000738488	0.000738488	0.000738488	0.000738488	2289
0.842	0.000818514	0.000818514	0.000818514	0.000818514	2247
0.843	0.000383662	0.000383662	0.000383662	0.000383662	2228
0.844	2.53386e-05	2.53386e-05	2.53386e-05	2.53386e-05	2289
0.845	0.000517888	0.000517888	0.000517888	0.000517888	2348
0.846	0.000471688	0.000471688	0.000471688	0.000471688	2204
0.847	0.000454374	0.000454374	0.000454374	0.000454374	2229
0.848	0.000240073	0.000240073	0.000240073	0.000240073	2196
0.849	0.00034713	0.00034713	0.00034713	0.00034713	2300
0.85	0.000586216	0.000586216	0.000586216	0.000586216	2249
0.851	0.000649174	0.000649174	0.000649174	0.000649174	2119
0.852	0.0006	0.0006	0.0006	0.0006	2302
0.853	0.000966262	0.000966262	0.000966262	0.000966262	2223
0.854	0.00117262	0.00117262	0.00117262	0.00117262	2279
0.855	0.000885739	0.000885739	0.000885739	0.000885739	2300
0.856	0.000832962	0.000832962	0.000832962	0.000832962	2245
0.857	0.000245712	0.000245712	0.000245712	0.000245712	2087
0.858	0.000540248	0.000540248	0.000540248	0.000540248	2179
0.859	0.000373687	0.000373687	0.000373687	0.000373687	2265
0.86	0.000488017	0.000488017	0.000488017	0.000488017	2295
0.861	0.000908475	0.000908475	0.000908475	0.000908475	2183
0.862	0.000764669	0.000764669	0.000764669	0.000764669	2219
0.863	0.000906453	0.000906453	0.000906453	0.000906453	2371
0.864	0.000323488	0.000323488	0.000323488	0.000323488	2248
0.865	0.000405678	0.000405678	0.000405678	0.000405678	2184
0.866	0.000390182	0.000390182	0.000390182	0.000390182	2200
0.867	0.000619349	0.000619349	0.000619349	0.000619349	2243
0.868	0.000193321	0.000193321	0.000193321	0.000193321	2156
0.869	0.000738368	0.000738368	0.000738368	0.000738368	2291
0.87	0.000758148	0.000758148	0.000758148	0.000758148	2332
0.871	0.000675524	0.000675524	0.000675524	0.000675524	2288
0.872	0.000736502	0.000736502	0.000736502	0.000736502	2293
0.873	0.00095811	0.00095811	0.00095811	0.00095811	2201
0.874	0.000545533	0.000545533	0.000545533	0.000545533	2306
0.875	0.00080035	0.00080035	0.00080035	0.00080035	2286
0.876	0.000529297	0.000529297	0.000529297	0.000529297	2246
0.877	0.000661118	0.000661118	0.000661118	0.000661118	2307
0.878	0.000526497	0.000526497	0.000526497	0.000526497	2321
0.879	0.000513115	0.000513115	0.000513115	0.000513115	2295
0.88	0.000701907	0.000701907	0.000701907	0.000701907	2255
0.881	0.000650367	0.000650367	0.000650367	0.000650367	2315
0.882	0.000881911	0.000881911	0.000881911	0.000881911	2261
0.883	0.000877443	0.000877443	0.000877443	0.000877443	2190
0.884	0.00053115	0.00053115	0.00053115	0.00053115	2260
0.885	0.000922792	0.000922792	0.000922792	0.000922792	2264
0.886	0.000781105	0.000781105	0.000781105	0.000781105	2244
0.887	0.000168648	0.000168648	0.000168648	0.000168648	2322
0.888	-6.02664e-05	-6.02664e-05	-6.02664e-05	-6.02664e-05	2177
0.889	0.000713321	0.000713321	0.000713321	0.000713321	2252
0.89	0.00082049	0.00082049	0.00082049	0.00082049	2206
0.891	0.000166137	0.000166137	0.000166137	0.000166137	2203
0.892	0.000779223	0.000779223	0.000779223	0.000779223	2214
0.893	0.000391127	0.000391127	0.000391127	0.000391127	2254
0.894	0.000300224	0.000300224	0.000300224	0.000300224	2229
0.895	3.87383e-05	3.87383e-05	3.87383e-05	3.87383e-05	2251
0.896	0.000357573	0.000357573	0.000357573	0.000357573	2291
0.897	0.000161111	0.000161111	0.000161111	0.000161111	2232
0.898	-2.63736e-06	-2.63736e-06	-2.63736e-06	-2.63736e-06	2275
0.899	0.00014961	0.00014961	0.00014961	0.00014961	2310
0.9	0.000380868	0.000380868	0.000380868	0.000380868	2258
0.901	0.000281057	0.000281057	0.000281057	0.000281057	2270
0.902	0.000454054	0.000454054	0.000454054	0.000454054	2257
0.903	9.9956e-05	9.9956e-05	9.9956e-05	9.9956e-05	2273
0.904	0.000207303	0.000207303	0.000207303	0.000207303	2273
0.905	0.000301704	0.000301704	0.000301704	0.000301704	2230
0.906	0.00024204	0.00024204	0.00024204	0.00024204	2274
0.907	0.000264032	0.000264032	0.000264032	0.000264032	2277
0.908	0.000231291	0.000231291	0.000231291	0.000231291	2269
0.909	0.00059696	0.00059696	0.00059696	0.00059696	2171
0.91	0.000672169	0.000672169	0.000672169	0.000672169	2278
0.911	0.000442124	0.000442124	0.000442124	0.000442124	2203
0.912	0.000426095	0.000426095	0.000426095	0.000426095	2192
0.913	5.41721e-05	5.41721e-05	5.41721e-05	5.41721e-05	2289
0.914	0.000290143	0.000290143	0.000290143	0.000290143	2232
0.915	0.000497201	0.000497201	0.000497201	0.000497201	2144
0.916	0.000423248	0.000423248	0.000423248	0.000423248	2254
0.917	0.000837432	0.000837432	0.000837432	0.000837432	2212
0.918	0.000712014	0.000712014	0.000712014	0.000712014	2264
0.919	0.000952603	0.000952603	0.000952603	0.000952603	2228
0.92	0.000418051	0.000418051	0.000418051	0.000418051	2216
0.921	0.000721743	0.000721743	0.000721743	0.000721743	2157
0.922	0.000338434	0.000338434	0.000338434	0.000338434	2209
0.923	0.00093741	0.00093741	0.00093741	0.00093741	2224
0.924	0.000269179	0.000269179	0.000269179	0.000269179	2229
0.925	0.000425414	0.000425414	0.000425414	0.000425414	2235
0.926	0.000266786	0.000266786	0.000266786	0.000266786	2228
0.927	0.000110953	0.000110953	0.000110953	0.000110953	2246
0.928	0.00017465	0.00017465	0.00017465	0.00017465	2217
0.929	0.000263462	0.000263462	0.000263462	0.000263462	2288
0.93	0.000392887	0.000392887	0.000392887	0.000392887	2137
0.931	0.000281625	0.000281625	0.000281625	0.000281625	2264
0.932	0.00104058	0.00104058	0.00104058	0.00104058	2193
0.933	0.000339972	0.000339972	0.000339972	0.000339972	2119
0.934	0.00101608	0.00101608	0.00101608	0.00101608	2214
0.935	0.000940142	0.000940142	0.000940142	0.000940142	2252
0.936	0.000410209	0.000410209	0.000410209	0.000410209	2155
0.937	0.000981618	0.000981618	0.000981618	0.000981618	2176
0.938	0.000745556	0.000745556	0.000745556	0.000745556	2160
0.939	0.000949728	0.000949728	0.000949728	0.000949728	2204
0.94	0.000727417	0.000727417	0.000727417	0.000727417	2265
0.941	0.000965712	0.000965712	0.000965712	0.000965712	2199
0.942	0.000897413	0.000897413	0.000897413	0.000897413	2242
0.943	0.000835353	0.000835353	0.000835353	0.000835353	2195
0.944	0.000926763	0.000926763	0.000926763	0.000926763	2212
0.945	0.00117325	0.00117325	0.00117325	0.00117325	2168
0.946	0.000989199	0.000989199	0.000989199	0.000989199	2222
0.947	0.000859764	0.000859764	0.000859764	0.000859764	2202
0.948	0.00148261	0.00148261	0.00148261	0.00148261	2266
0.949	0.00149767	0.00149767	0.00149767	0.00149767	2193
0.95	0.000880635	0.000880635	0.000880635	0.000880635	2143
0.951	0.000803411	0.000803411	0.000803411	0.000803411	2111
0.952	0.000874047	0.000874047	0.000874047	0.000874047	2150
0.953	0.000773491	0.000773491	0.000773491	0.000773491	2203
0.954	0.000680789	0.000680789	0.000680789	0.000680789	2181
0.955	0.000637084	0.000637084	0.000637084	0.000637084	2222
0.956	0.000340402	0.000340402	0.000340402	0.000340402	2188
0.957	0.00101706	0.00101706	0.00101706	0.00101706	2263
0.958	0.000431831	0.000431831	0.000431831	0.000431831	2174
0.959	0.000811391	0.000811391	0.000811391	0.000811391	2142
0.96	0.000925608	0.000925608	0.000925608	0.000925608	2261
0.961	0.000680739	0.000680739	0.000680739	0.000680739	2274
0.962	0.000740612	0.000740612	0.000740612	0.000740612	2189
0.963	0.000314688	0.000314688	0.000314688	0.000314688	2274
0.964	0.00111267	0.00111267	0.00111267	0.00111267	2281
0.965	0.00128479	0.00128479	0.00128479	0.00128479	2236
0.966	0.000755496	0.000755496	0.000755496	0.000755496	2256
0.967	0.00140295	0.00140295	0.00140295	0.00140295	2304
0.968	0.000986038	0.000986038	0.000986038	0.000986038	2206
0.969	0.00103018	0.00103018	0.00103018	0.00103018	2200
0.97	0.0010576	0.0010576	0.0010576	0.0010576	2132
0.971	0.000679409	0.000679409	0.000679409	0.000679409	2166
0.972	0.000928662	0.000928662	0.000928662	0.000928662	2198
0.973	0.000935171	0.000935171	0.000935171	0.000935171	2249
0.974	0.000789831	0.000789831	0.000789831	0.000789831	2124
0.975	0.000612692	0.000612692	0.000612692	0.000612692	2080
0.976	0.000424367	0.000424367	0.000424367	0.000424367	2134
0.977	0.00149673	0.00149673	0.00149673	0.00149673	2142
0.978	0.000672152	0.000672152	0.000672152	0.000672152	2212
0.979	0.00115682	0.00115682	0.00115682	0.00115682	2214
0.98	0.00125168	0.00125168	0.00125168	0.00125168	2206
0.981	0.000922734	0.000922734	0.000922734	0.000922734	2151
0.982	0.000626243	0.000626243	0.000626243	0.000626243	2233
0.983	0.000971351	0.000971351	0.000971351	0.000971351	2220
0.984	0.00103404	0.00103404	0.00103404	0.00103404	2215
0.985	0.00108438	0.00108438	0.00108438	0.00108438	2145
0.986	0.00146273	0.00146273	0.00146273	0.00146273	2133
0.987	0.00094359	0.00094359	0.00094359	0.00094359	2223
0.988	0.000649837	0.000649837	0.000649837	0.000649837	2147
0.989	0.000752036	0.000752036	0.000752036	0.000752036	2210
0.99	0.00110222	0.00110222	0.00110222	0.00110222	2254
0.991	0.000986316	0.000986316	0.000986316	0.000986316	2207
0.992	0.000976909	0.000976909	0.000976909	0.000976909	2200
0.993	0.000743161	0.000743161	0.000743161	0.000743161	2259
0.994	0.000794208	0.000794208	0.000794208	0.000794208	2210
0.995	0.000645338	0.000645338	0.000645338	0.000645338	2263
0.996	0.00106775	0.00106775	0.00106775	0.00106775	2214
0.997	0.00127518	0.00127518	0.00127518	0.00127518	2224
0.998	0.000509157	0.000509157	0.000509157	0.000509157	2195
0.999	0.000342596	0.000342596	0.000342596	0.000342596	2188
1	0.000847889	0.000847889	0.000847889	0.000847889	2155
