0.001	0.0939408	0.0939408	0.0939408	0.0939408	1149
0.002	0.0892911	0.0892911	0.0892911	0.0892911	817
0.003	0.0828705	0.0828705	0.0828705	0.0828705	664
0.004	0.0698604	0.0698604	0.0698604	0.0698604	553
0.005	0.0694074	0.0694074	0.0694074	0.0694074	407
0.006	0.0594444	0.0594444	0.0594444	0.0594444	347
0.007	0.0551691	0.0551691	0.0551691	0.0551691	298
0.008	0.0536382	0.0536382	0.0536382	0.0536382	283
0.009	0.0458567	0.0458567	0.0458567	0.0458567	293
0.01	0.042634	0.042634	0.042634	0.042634	265
0.011	0.0490083	0.0490083	0.0490083	0.0490083	242
0.012	0.0365764	0.0365764	0.0365764	0.0365764	195
0.013	0.0324421	0.0324421	0.0324421	0.0324421	209
0.014	0.0251066	0.0251066	0.0251066	0.0251066	197
0.015	0.0167431	0.0167431	0.0167431	0.0167431	197
0.016	0.0214819	0.0214819	0.0214819	0.0214819	193
0.017	0.0216136	0.0216136	0.0216136	0.0216136	176
0.018	0.0222917	0.0222917	0.0222917	0.0222917	192
0.019	0.0190494	0.0190494	0.0190494	0.0190494	170
0.02	0.0256152	0.0256152	0.0256152	0.0256152	184
0.021	0.0211271	0.0211271	0.0211271	0.0211271	203
0.022	0.0176439	0.0176439	0.0176439	0.0176439	155
0.023	0.0163872	0.0163872	0.0163872	0.0163872	188
0.024	0.00355613	0.00355613	0.00355613	0.00355613	155
0.025	0.0105735	0.0105735	0.0105735	0.0105735	166
0.026	0.00741538	0.00741538	0.00741538	0.00741538	156
0.027	0.00765055	0.00765055	0.00765055	0.00765055	182
0.028	0.00854194	0.00854194	0.00854194	0.00854194	186
0.029	0.00791579	0.00791579	0.00791579	0.00791579	152
0.03	0.00566154	0.00566154	0.00566154	0.00566154	143
0.031	0.00743171	0.00743171	0.00743171	0.00743171	164
0.032	0.00557707	0.00557707	0.00557707	0.00557707	157
0.033	0.00780142	0.00780142	0.00780142	0.00780142	141
0.034	0.00442535	0.00442535	0.00442535	0.00442535	142
0.035	0.00280299	0.00280299	0.00280299	0.00280299	134
0.036	0.0074087	0.0074087	0.0074087	0.0074087	138
0.037	0.00221118	0.00221118	0.00221118	0.00221118	161
0.038	-0.00261583	-0.00261583	-0.00261583	-0.00261583	139
0.039	0.00478387	0.00478387	0.00478387	0.00478387	124
0.04	0.00435325	0.00435325	0.00435325	0.00435325	154
0.041	0.00115	0.00115	0.00115	0.00115	136
0.042	0.00836547	0.00836547	0.00836547	0.00836547	139
0.043	0.00748	0.00748	0.00748	0.00748	140
0.044	0.00489931	0.00489931	0.00489931	0.00489931	145
0.045	0.00363357	0.00363357	0.00363357	0.00363357	143
0.046	0.00583733	0.00583733	0.00583733	0.00583733	150
0.047	0.0038814	0.0038814	0.0038814	0.0038814	172
0.048	0.00495309	0.00495309	0.00495309	0.00495309	162
0.049	-0.000201325	-0.000201325	-0.000201325	-0.000201325	151
0.05	0.0054	0.0054	0.0054	0.0054	132
0.051	0.00634474	0.00634474	0.00634474	0.00634474	152
0.052	-6.45963e-05	-6.45963e-05	-6.45963e-05	-6.45963e-05	161
0.053	0.00406571	0.00406571	0.00406571	0.00406571	140
0.054	0.00420335	0.00420335	0.00420335	0.00420335	179
0.055	0.00139643	0.00139643	0.00139643	0.00139643	112
0.056	0.00256434	0.00256434	0.00256434	0.00256434	129
0.057	0.0107032	0.0107032	0.0107032	0.0107032	124
0.058	0.00170827	0.00170827	0.00170827	0.00170827	133
0.059	0.00101395	0.00101395	0.00101395	0.00101395	129
0.06	0.00772148	0.00772148	0.00772148	0.00772148	135
0.061	0.0023438	0.0023438	0.0023438	0.0023438	121
0.062	0.00898605	0.00898605	0.00898605	0.00898605	129
0.063	0.00193514	0.00193514	0.00193514	0.00193514	148
0.064	0.00105512	0.00105512	0.00105512	0.00105512	127
0.065	0.00433826	0.00433826	0.00433826	0.00433826	149
0.066	0.00258854	0.00258854	0.00258854	0.00258854	157
0.067	0.00419231	0.00419231	0.00419231	0.00419231	156
0.068	0.00394576	0.00394576	0.00394576	0.00394576	177
0.069	0.00657627	0.00657627	0.00657627	0.00657627	177
0.07	0.00217358	0.00217358	0.00217358	0.00217358	159
0.071	0.00480265	0.00480265	0.00480265	0.00480265	151
0.072	0.00514328	0.00514328	0.00514328	0.00514328	134
0.073	0.0033036	0.0033036	0.0033036	0.0033036	139
0.074	0.00620403	0.00620403	0.00620403	0.00620403	149
0.075	0.005488	0.005488	0.005488	0.005488	150
0.076	0.00259048	0.00259048	0.00259048	0.00259048	168
0.077	0.00378235	0.00378235	0.00378235	0.00378235	136
0.078	0.00369185	0.00369185	0.00369185	0.00369185	135
0.079	0.0046042	0.0046042	0.0046042	0.0046042	143
0.08	-0.000143333	-0.000143333	-0.000143333	-0.000143333	120
0.081	0.00314963	0.00314963	0.00314963	0.00314963	135
0.082	0.00355385	0.00355385	0.00355385	0.00355385	156
0.083	0.00348286	0.00348286	0.00348286	0.00348286	140
0.084	0.00597538	0.00597538	0.00597538	0.00597538	130
0.085	-0.00193433	-0.00193433	-0.00193433	-0.00193433	134
0.086	0.000143885	0.000143885	0.000143885	0.000143885	139
0.087	-0.000752113	-0.000752113	-0.000752113	-0.000752113	142
0.088	0.000329771	0.000329771	0.000329771	0.000329771	131
0.089	0.000380282	0.000380282	0.000380282	0.000380282	142
0.09	-0.00216579	-0.00216579	-0.00216579	-0.00216579	152
0.091	-0.000596178	-0.000596178	-0.000596178	-0.000596178	157
0.092	-0.00240576	-0.00240576	-0.00240576	-0.00240576	139
0.093	0.000376608	0.000376608	0.000376608	0.000376608	171
0.094	0.000486957	0.000486957	0.000486957	0.000486957	138
0.095	0.00629315	0.00629315	0.00629315	0.00629315	146
0.096	0.0014359	0.0014359	0.0014359	0.0014359	156
0.097	0.000663291	0.000663291	0.000663291	0.000663291	158
0.098	-0.000583459	-0.000583459	-0.000583459	-0.000583459	133
0.099	-0.00212571	-0.00212571	-0.00212571	-0.00212571	140
0.1	0.00037027	0.00037027	0.00037027	0.00037027	148
0.101	-0.00203243	-0.00203243	-0.00203243	-0.00203243	111
0.102	-0.000227338	-0.000227338	-0.000227338	-0.000227338	139
0.103	-0.00171532	-0.00171532	-0.00171532	-0.00171532	111
0.104	-0.000415873	-0.000415873	-0.000415873	-0.000415873	126
0.105	-0.00193381	-0.00193381	-0.00193381	-0.00193381	139
0.106	-0.000916418	-0.000916418	-0.000916418	-0.000916418	134
0.107	-0.000746154	-0.000746154	-0.000746154	-0.000746154	156
0.108	0.00133525	0.00133525	0.00133525	0.00133525	139
0.109	0.000634375	0.000634375	0.000634375	0.000634375	128
0.11	0.00248	0.00248	0.00248	0.00248	145
0.111	-0.000183439	-0.000183439	-0.000183439	-0.000183439	157
0.112	0.000474074	0.000474074	0.000474074	0.000474074	162
0.113	-0.00182927	-0.00182927	-0.00182927	-0.00182927	164
0.114	-0.00205419	-0.00205419	-0.00205419	-0.00205419	155
0.115	-0.00161212	-0.00161212	-0.00161212	-0.00161212	132
0.116	-0.000701639	-0.000701639	-0.000701639	-0.000701639	183
0.117	0.00151646	0.00151646	0.00151646	0.00151646	158
0.118	0.00227089	0.00227089	0.00227089	0.00227089	158
0.119	0.00123684	0.00123684	0.00123684	0.00123684	152
0.12	0.00163662	0.00163662	0.00163662	0.00163662	142
0.121	0.00596418	0.00596418	0.00596418	0.00596418	134
0.122	0.00294694	0.00294694	0.00294694	0.00294694	147
0.123	0.00176604	0.00176604	0.00176604	0.00176604	159
0.124	0.000797059	0.000797059	0.000797059	0.000797059	136
0.125	-0.000707965	-0.000707965	-0.000707965	-0.000707965	113
0.126	0.000484746	0.000484746	0.000484746	0.000484746	118
0.127	-0.000528926	-0.000528926	-0.000528926	-0.000528926	121
0.128	0.00126234	0.00126234	0.00126234	0.00126234	154
0.129	0.00222657	0.00222657	0.00222657	0.00222657	143
0.13	0.00226441	0.00226441	0.00226441	0.00226441	177
0.131	-0.000557333	-0.000557333	-0.000557333	-0.000557333	150
0.132	-4.28571e-05	-4.28571e-05	-4.28571e-05	-4.28571e-05	140
0.133	0.00316176	0.00316176	0.00316176	0.00316176	136
0.134	0.004704	0.004704	0.004704	0.004704	125
0.135	0.00206441	0.00206441	0.00206441	0.00206441	118
0.136	-0.00105	-0.00105	-0.00105	-0.00105	120
0.137	0.00108908	0.00108908	0.00108908	0.00108908	119
0.138	-0.000940625	-0.000940625	-0.000940625	-0.000940625	128
0.139	-0.002325	-0.002325	-0.002325	-0.002325	128
0.14	0.00359208	0.00359208	0.00359208	0.00359208	101
0.141	0.00042	0.00042	0.00042	0.00042	140
0.142	-5.30973e-05	-5.30973e-05	-5.30973e-05	-5.30973e-05	113
0.143	0.000225641	0.000225641	0.000225641	0.000225641	117
0.144	0.000192248	0.000192248	0.000192248	0.000192248	129
0.145	0.000957983	0.000957983	0.000957983	0.000957983	119
0.146	-0.00148829	-0.00148829	-0.00148829	-0.00148829	111
0.147	0.00141558	0.00141558	0.00141558	0.00141558	154
0.148	0.00330219	0.00330219	0.00330219	0.00330219	137
0.149	0.000742342	0.000742342	0.000742342	0.000742342	111
0.15	0.00107481	0.00107481	0.00107481	0.00107481	131
0.151	3.60656e-05	3.60656e-05	3.60656e-05	3.60656e-05	122
0.152	0.00127591	0.00127591	0.00127591	0.00127591	137
0.153	-0.00171631	-0.00171631	-0.00171631	-0.00171631	141
0.154	0.000359055	0.000359055	0.000359055	0.000359055	127
0.155	0.0006432	0.0006432	0.0006432	0.0006432	125
0.156	0.000350877	0.000350877	0.000350877	0.000350877	114
0.157	-0.00254915	-0.00254915	-0.00254915	-0.00254915	118
0.158	0.00233143	0.00233143	0.00233143	0.00233143	140
0.159	0.00108475	0.00108475	0.00108475	0.00108475	118
0.16	0.00218125	0.00218125	0.00218125	0.00218125	128
0.161	-0.000664662	-0.000664662	-0.000664662	-0.000664662	133
0.162	0.00111008	0.00111008	0.00111008	0.00111008	129
0.163	-0.000756923	-0.000756923	-0.000756923	-0.000756923	130
0.164	8e-05	8e-05	8e-05	8e-05	125
0.165	0.000573228	0.000573228	0.000573228	0.000573228	127
0.166	0.0016586	0.0016586	0.0016586	0.0016586	157
0.167	0.00226277	0.00226277	0.00226277	0.00226277	137
0.168	0.00087947	0.00087947	0.00087947	0.00087947	151
0.169	0.00261161	0.00261161	0.00261161	0.00261161	155
0.17	0.00375172	0.00375172	0.00375172	0.00375172	145
0.171	0.0038	0.0038	0.0038	0.0038	160
0.172	0.00274921	0.00274921	0.00274921	0.00274921	126
0.173	-0.000255882	-0.000255882	-0.000255882	-0.000255882	136
0.174	0.00148414	0.00148414	0.00148414	0.00148414	145
0.175	0.00157	0.00157	0.00157	0.00157	120
0.176	0.00428852	0.00428852	0.00428852	0.00428852	122
0.177	0.000403077	0.000403077	0.000403077	0.000403077	130
0.178	0.00237484	0.00237484	0.00237484	0.00237484	159
0.179	0.00243465	0.00243465	0.00243465	0.00243465	127
0.18	0.00474545	0.00474545	0.00474545	0.00474545	154
0.181	0.0020915	0.0020915	0.0020915	0.0020915	153
0.182	0.00285763	0.00285763	0.00285763	0.00285763	118
0.183	0.00251189	0.00251189	0.00251189	0.00251189	143
0.184	0.00123714	0.00123714	0.00123714	0.00123714	140
0.185	0.000148571	0.000148571	0.000148571	0.000148571	140
0.186	-0.000584173	-0.000584173	-0.000584173	-0.000584173	139
0.187	-0.00172893	-0.00172893	-0.00172893	-0.00172893	121
0.188	0.000900763	0.000900763	0.000900763	0.000900763	131
0.189	-0.00187119	-0.00187119	-0.00187119	-0.00187119	118
0.19	-0.0005824	-0.0005824	-0.0005824	-0.0005824	125
0.191	0.000467227	0.000467227	0.000467227	0.000467227	119
0.192	-0.0014876	-0.0014876	-0.0014876	-0.0014876	121
0.193	0.0009	0.0009	0.0009	0.0009	112
0.194	-0.000334752	-0.000334752	-0.000334752	-0.000334752	141
0.195	0.000336842	0.000336842	0.000336842	0.000336842	114
0.196	-0.00101786	-0.00101786	-0.00101786	-0.00101786	112
0.197	0.000823529	0.000823529	0.000823529	0.000823529	119
0.198	-0.00166822	-0.00166822	-0.00166822	-0.00166822	129
0.199	0.00119355	0.00119355	0.00119355	0.00119355	124
0.2	-0.00227573	-0.00227573	-0.00227573	-0.00227573	103
0.201	-0.00169134	-0.00169134	-0.00169134	-0.00169134	127
0.202	-0.000815625	-0.000815625	-0.000815625	-0.000815625	128
0.203	-0.0016902	-0.0016902	-0.0016902	-0.0016902	102
0.204	-0.00399687	-0.00399687	-0.00399687	-0.00399687	128
0.205	-0.000909091	-0.000909091	-0.000909091	-0.000909091	132
0.206	-0.00310898	-0.00310898	-0.00310898	-0.00310898	167
0.207	-0.0028252	-0.0028252	-0.0028252	-0.0028252	127
0.208	-0.00245846	-0.00245846	-0.00245846	-0.00245846	130
0.209	-0.00420662	-0.00420662	-0.00420662	-0.00420662	151
0.21	-0.004208	-0.004208	-0.004208	-0.004208	125
0.211	-3.90977e-05	-3.90977e-05	-3.90977e-05	-3.90977e-05	133
0.212	0.000547748	0.000547748	0.000547748	0.000547748	111
0.213	-0.0014304	-0.0014304	-0.0014304	-0.0014304	125
0.214	-0.00159143	-0.00159143	-0.00159143	-0.00159143	140
0.215	-0.00137748	-0.00137748	-0.00137748	-0.00137748	151
0.216	0.00103385	0.00103385	0.00103385	0.00103385	130
0.217	-0.00290625	-0.00290625	-0.00290625	-0.00290625	128
0.218	0.000145946	0.000145946	0.000145946	0.000145946	148
0.219	-0.00122892	-0.00122892	-0.00122892	-0.00122892	166
0.22	-0.00178599	-0.00178599	-0.00178599	-0.00178599	157
0.221	0.00160611	0.00160611	0.00160611	0.00160611	131
0.222	0.00125079	0.00125079	0.00125079	0.00125079	126
0.223	-0.00133	-0.00133	-0.00133	-0.00133	120
0.224	-0.000332075	-0.000332075	-0.000332075	-0.000332075	106
0.225	4.19355e-05	4.19355e-05	4.19355e-05	4.19355e-05	124
0.226	0.00221374	0.00221374	0.00221374	0.00221374	131
0.227	-0.000433962	-0.000433962	-0.000433962	-0.000433962	106
0.228	-0.00147402	-0.00147402	-0.00147402	-0.00147402	127
0.229	0.00104	0.00104	0.00104	0.00104	145
0.23	0.000811594	0.000811594	0.000811594	0.000811594	138
0.231	0.00260563	0.00260563	0.00260563	0.00260563	142
0.232	0.0024	0.0024	0.0024	0.0024	146
0.233	0.00261146	0.00261146	0.00261146	0.00261146	157
0.234	0.000360839	0.000360839	0.000360839	0.000360839	143
0.235	-0.00157465	-0.00157465	-0.00157465	-0.00157465	142
0.236	0.00230621	0.00230621	0.00230621	0.00230621	145
0.237	-0.00193684	-0.00193684	-0.00193684	-0.00193684	114
0.238	-0.000844	-0.000844	-0.000844	-0.000844	100
0.239	0.00389353	0.00389353	0.00389353	0.00389353	139
0.24	0.00427324	0.00427324	0.00427324	0.00427324	142
0.241	0.00751385	0.00751385	0.00751385	0.00751385	130
0.242	0.000776812	0.000776812	0.000776812	0.000776812	138
0.243	0.00465865	0.00465865	0.00465865	0.00465865	133
0.244	0.00150169	0.00150169	0.00150169	0.00150169	118
0.245	-0.00154154	-0.00154154	-0.00154154	-0.00154154	130
0.246	9.69697e-05	9.69697e-05	9.69697e-05	9.69697e-05	132
0.247	0.000768794	0.000768794	0.000768794	0.000768794	141
0.248	-0.000656881	-0.000656881	-0.000656881	-0.000656881	109
0.249	0.0015746	0.0015746	0.0015746	0.0015746	126
0.25	0.00449333	0.00449333	0.00449333	0.00449333	120
0.251	0.00203273	0.00203273	0.00203273	0.00203273	110
0.252	0.00128182	0.00128182	0.00128182	0.00128182	132
0.253	0.00166	0.00166	0.00166	0.00166	120
0.254	0.00389173	0.00389173	0.00389173	0.00389173	133
0.255	0.00191845	0.00191845	0.00191845	0.00191845	103
0.256	0.00167586	0.00167586	0.00167586	0.00167586	116
0.257	0.00122645	0.00122645	0.00122645	0.00122645	121
0.258	0.00213617	0.00213617	0.00213617	0.00213617	141
0.259	0.000822378	0.000822378	0.000822378	0.000822378	143
0.26	0.00273214	0.00273214	0.00273214	0.00273214	112
0.261	0.0005152	0.0005152	0.0005152	0.0005152	125
0.262	0.00109358	0.00109358	0.00109358	0.00109358	109
0.263	0.00176923	0.00176923	0.00176923	0.00176923	104
0.264	0.0050898	0.0050898	0.0050898	0.0050898	98
0.265	0.0017069	0.0017069	0.0017069	0.0017069	116
0.266	0.00105225	0.00105225	0.00105225	0.00105225	111
0.267	0.00255868	0.00255868	0.00255868	0.00255868	121
0.268	0.0013632	0.0013632	0.0013632	0.0013632	125
0.269	-0.000335714	-0.000335714	-0.000335714	-0.000335714	112
0.27	-0.00121416	-0.00121416	-0.00121416	-0.00121416	113
0.271	0.00187353	0.00187353	0.00187353	0.00187353	136
0.272	0.00216	0.00216	0.00216	0.00216	120
0.273	0.00307273	0.00307273	0.00307273	0.00307273	132
0.274	0.00400976	0.00400976	0.00400976	0.00400976	123
0.275	0.00102258	0.00102258	0.00102258	0.00102258	124
0.276	0.00181639	0.00181639	0.00181639	0.00181639	122
0.277	0.00045913	0.00045913	0.00045913	0.00045913	115
0.278	0.000325203	0.000325203	0.000325203	0.000325203	123
0.279	0.000207634	0.000207634	0.000207634	0.000207634	131
0.28	0.0046336	0.0046336	0.0046336	0.0046336	125
0.281	-0.00135495	-0.00135495	-0.00135495	-0.00135495	111
0.282	0.00116033	0.00116033	0.00116033	0.00116033	121
0.283	0.000572358	0.000572358	0.000572358	0.000572358	123
0.284	8.30918e-19	8.30918e-19	8.30918e-19	8.30918e-19	119
0.285	0.0015968	0.0015968	0.0015968	0.0015968	125
0.286	0.00183667	0.00183667	0.00183667	0.00183667	120
0.287	0.000681356	0.000681356	0.000681356	0.000681356	118
0.288	0.00050084	0.00050084	0.00050084	0.00050084	119
0.289	0.0014624	0.0014624	0.0014624	0.0014624	125
0.29	0.00386087	0.00386087	0.00386087	0.00386087	115
0.291	0.0008	0.0008	0.0008	0.0008	116
0.292	0.000190769	0.000190769	0.000190769	0.000190769	130
0.293	0.00167671	0.00167671	0.00167671	0.00167671	146
0.294	-0.00114109	-0.00114109	-0.00114109	-0.00114109	129
0.295	-0.00222462	-0.00222462	-0.00222462	-0.00222462	130
0.296	-0.00112061	-0.00112061	-0.00112061	-0.00112061	131
0.297	0.00132129	0.00132129	0.00132129	0.00132129	155
0.298	-0.000741026	-0.000741026	-0.000741026	-0.000741026	156
0.299	-0.000151724	-0.000151724	-0.000151724	-0.000151724	145
0.3	0.000816216	0.000816216	0.000816216	0.000816216	148
0.301	-0.00101786	-0.00101786	-0.00101786	-0.00101786	112
0.302	-0.000642963	-0.000642963	-0.000642963	-0.000642963	135
0.303	0.000541732	0.000541732	0.000541732	0.000541732	127
0.304	-0.00125	-0.00125	-0.00125	-0.00125	120
0.305	-0.000716832	-0.000716832	-0.000716832	-0.000716832	101
0.306	-0.000167857	-0.000167857	-0.000167857	-0.000167857	112
0.307	-0.00160696	-0.00160696	-0.00160696	-0.00160696	115
0.308	-0.00225546	-0.00225546	-0.00225546	-0.00225546	119
0.309	-0.00103529	-0.00103529	-0.00103529	-0.00103529	119
0.31	0.00142857	0.00142857	0.00142857	0.00142857	133
0.311	0.00195039	0.00195039	0.00195039	0.00195039	129
0.312	0.00164094	0.00164094	0.00164094	0.00164094	127
0.313	-0.00181913	-0.00181913	-0.00181913	-0.00181913	115
0.314	-0.00283916	-0.00283916	-0.00283916	-0.00283916	143
0.315	-0.0020806	-0.0020806	-0.0020806	-0.0020806	134
0.316	-0.00175172	-0.00175172	-0.00175172	-0.00175172	145
0.317	-0.00274711	-0.00274711	-0.00274711	-0.00274711	121
0.318	-0.00316615	-0.00316615	-0.00316615	-0.00316615	130
0.319	-0.000359712	-0.000359712	-0.000359712	-0.000359712	139
0.32	0.000367883	0.000367883	0.000367883	0.000367883	137
0.321	-0.000296667	-0.000296667	-0.000296667	-0.000296667	120
0.322	-0.00052766	-0.00052766	-0.00052766	-0.00052766	94
0.323	-0.00150991	-0.00150991	-0.00150991	-0.00150991	111
0.324	-0.00238678	-0.00238678	-0.00238678	-0.00238678	121
0.325	-0.00297966	-0.00297966	-0.00297966	-0.00297966	118
0.326	-0.00108527	-0.00108527	-0.00108527	-0.00108527	129
0.327	-0.00219083	-0.00219083	-0.00219083	-0.00219083	109
0.328	-0.000694915	-0.000694915	-0.000694915	-0.000694915	118
0.329	-0.00206122	-0.00206122	-0.00206122	-0.00206122	98
0.33	-0.00091875	-0.00091875	-0.00091875	-0.00091875	128
0.331	-0.00222301	-0.00222301	-0.00222301	-0.00222301	113
0.332	-0.00144615	-0.00144615	-0.00144615	-0.00144615	117
0.333	-0.000704587	-0.000704587	-0.000704587	-0.000704587	109
0.334	0.00132581	0.00132581	0.00132581	0.00132581	124
0.335	0.000830769	0.000830769	0.000830769	0.000830769	130
0.336	-0.00044878	-0.00044878	-0.00044878	-0.00044878	123
0.337	0.00103562	0.00103562	0.00103562	0.00103562	146
0.338	-0.00216634	-0.00216634	-0.00216634	-0.00216634	101
0.339	0.00172187	0.00172187	0.00172187	0.00172187	128
0.34	-0.00105862	-0.00105862	-0.00105862	-0.00105862	116
0.341	-4.58015e-05	-4.58015e-05	-4.58015e-05	-4.58015e-05	131
0.342	-0.00155758	-0.00155758	-0.00155758	-0.00155758	132
0.343	0.000263014	0.000263014	0.000263014	0.000263014	146
0.344	0.000305882	0.000305882	0.000305882	0.000305882	153
0.345	-0.00258286	-0.00258286	-0.00258286	-0.00258286	140
0.346	0.000625714	0.000625714	0.000625714	0.000625714	140
0.347	0.00185397	0.00185397	0.00185397	0.00185397	126
0.348	0.000752778	0.000752778	0.000752778	0.000752778	144
0.349	0.00238248	0.00238248	0.00238248	0.00238248	137
0.35	0.00263607	0.00263607	0.00263607	0.00263607	122
0.351	0.000449655	0.000449655	0.000449655	0.000449655	145
0.352	-0.00129118	-0.00129118	-0.00129118	-0.00129118	136
0.353	0.00267869	0.00267869	0.00267869	0.00267869	122
0.354	-3.27869e-05	-3.27869e-05	-3.27869e-05	-3.27869e-05	122
0.355	-0.0031438	-0.0031438	-0.0031438	-0.0031438	121
0.356	-0.00246545	-0.00246545	-0.00246545	-0.00246545	110
0.357	-0.00105714	-0.00105714	-0.00105714	-0.00105714	140
0.358	-0.00233714	-0.00233714	-0.00233714	-0.00233714	140
0.359	-0.002608	-0.002608	-0.002608	-0.002608	125
0.36	-0.00219826	-0.00219826	-0.00219826	-0.00219826	115
0.361	-0.000775	-0.000775	-0.000775	-0.000775	112
0.362	-0.00147917	-0.00147917	-0.00147917	-0.00147917	96
0.363	0.00105902	0.00105902	0.00105902	0.00105902	122
0.364	-0.000253913	-0.000253913	-0.000253913	-0.000253913	115
0.365	-0.00103762	-0.00103762	-0.00103762	-0.00103762	101
0.366	-0.00117838	-0.00117838	-0.00117838	-0.00117838	111
0.367	0.0009375	0.0009375	0.0009375	0.0009375	128
0.368	-0.00394646	-0.00394646	-0.00394646	-0.00394646	127
0.369	-0.000775758	-0.000775758	-0.000775758	-0.000775758	132
0.37	0.00152727	0.00152727	0.00152727	0.00152727	110
0.371	0.000362712	0.000362712	0.000362712	0.000362712	118
0.372	-0.000598582	-0.000598582	-0.000598582	-0.000598582	141
0.373	-0.00102759	-0.00102759	-0.00102759	-0.00102759	116
0.374	-6.18182e-05	-6.18182e-05	-6.18182e-05	-6.18182e-05	110
0.375	0.000564	0.000564	0.000564	0.000564	100
0.376	-0.000448	-0.000448	-0.000448	-0.000448	100
0.377	-0.000424242	-0.000424242	-0.000424242	-0.000424242	99
0.378	-0.00134206	-0.00134206	-0.00134206	-0.00134206	107
0.379	-0.00160331	-0.00160331	-0.00160331	-0.00160331	121
0.38	0.000847761	0.000847761	0.000847761	0.000847761	134
0.381	0.000768504	0.000768504	0.000768504	0.000768504	127
0.382	0.000748485	0.000748485	0.000748485	0.000748485	132
0.383	-0.000925	-0.000925	-0.000925	-0.000925	144
0.384	-0.00178551	-0.00178551	-0.00178551	-0.00178551	138
0.385	-0.00160284	-0.00160284	-0.00160284	-0.00160284	141
0.386	-0.00261714	-0.00261714	-0.00261714	-0.00261714	140
0.387	-0.00117315	-0.00117315	-0.00117315	-0.00117315	149
0.388	-0.000391429	-0.000391429	-0.000391429	-0.000391429	140
0.389	-0.00393165	-0.00393165	-0.00393165	-0.00393165	158
0.39	-0.000307143	-0.000307143	-0.000307143	-0.000307143	168
0.391	-0.00156508	-0.00156508	-0.00156508	-0.00156508	126
0.392	-0.0017082	-0.0017082	-0.0017082	-0.0017082	122
0.393	-0.00246269	-0.00246269	-0.00246269	-0.00246269	134
0.394	-0.000304348	-0.000304348	-0.000304348	-0.000304348	138
0.395	-0.00346667	-0.00346667	-0.00346667	-0.00346667	108
0.396	-0.00308438	-0.00308438	-0.00308438	-0.00308438	128
0.397	-0.000345455	-0.000345455	-0.000345455	-0.000345455	132
0.398	-0.000561983	-0.000561983	-0.000561983	-0.000561983	121
0.399	-0.000640816	-0.000640816	-0.000640816	-0.000640816	98
0.4	0.0017157	0.0017157	0.0017157	0.0017157	121
0.401	-0.00208739	-0.00208739	-0.00208739	-0.00208739	119
0.402	-0.000460714	-0.000460714	-0.000460714	-0.000460714	112
0.403	-0.0024127	-0.0024127	-0.0024127	-0.0024127	126
0.404	-0.000499145	-0.000499145	-0.000499145	-0.000499145	117
0.405	0.000261538	0.000261538	0.000261538	0.000261538	130
0.406	0.000731915	0.000731915	0.000731915	0.000731915	141
0.407	-2.79794e-20	-2.79794e-20	-2.79794e-20	-2.79794e-20	124
0.408	0.00012	0.00012	0.00012	0.00012	150
0.409	0.0012	0.0012	0.0012	0.0012	127
0.41	-0.00188	-0.00188	-0.00188	-0.00188	130
0.411	-0.00156748	-0.00156748	-0.00156748	-0.00156748	123
0.412	0.00064065	0.00064065	0.00064065	0.00064065	123
0.413	4.78632e-05	4.78632e-05	4.78632e-05	4.78632e-05	117
0.414	0.00195238	0.00195238	0.00195238	0.00195238	126
0.415	-0.00056129	-0.00056129	-0.00056129	-0.00056129	124
0.416	0.00259603	0.00259603	0.00259603	0.00259603	151
0.417	-0.00146	-0.00146	-0.00146	-0.00146	160
0.418	0.00218947	0.00218947	0.00218947	0.00218947	152
0.419	-0.00103158	-0.00103158	-0.00103158	-0.00103158	114
0.42	0.000980645	0.000980645	0.000980645	0.000980645	124
0.421	0.00211636	0.00211636	0.00211636	0.00211636	110
0.422	0.00263692	0.00263692	0.00263692	0.00263692	130
0.423	-0.000768504	-0.000768504	-0.000768504	-0.000768504	127
0.424	-0.00133846	-0.00133846	-0.00133846	-0.00133846	130
0.425	0.000274194	0.000274194	0.000274194	0.000274194	124
0.426	-0.00116271	-0.00116271	-0.00116271	-0.00116271	118
0.427	-0.00333793	-0.00333793	-0.00333793	-0.00333793	116
0.428	-0.000289764	-0.000289764	-0.000289764	-0.000289764	127
0.429	-0.00266061	-0.00266061	-0.00266061	-0.00266061	132
0.43	-0.00101898	-0.00101898	-0.00101898	-0.00101898	137
0.431	-0.0001312	-0.0001312	-0.0001312	-0.0001312	125
0.432	0.00124275	0.00124275	0.00124275	0.00124275	131
0.433	-0.000826415	-0.000826415	-0.000826415	-0.000826415	106
0.434	-0.00132427	-0.00132427	-0.00132427	-0.00132427	103
0.435	0.00376491	0.00376491	0.00376491	0.00376491	114
0.436	0.000492063	0.000492063	0.000492063	0.000492063	126
0.437	0.000927731	0.000927731	0.000927731	0.000927731	119
0.438	0.000880537	0.000880537	0.000880537	0.000880537	149
0.439	5.80153e-05	5.80153e-05	5.80153e-05	5.80153e-05	131
0.44	-0.000757377	-0.000757377	-0.000757377	-0.000757377	122
0.441	0.00178333	0.00178333	0.00178333	0.00178333	144
0.442	0.000605505	0.000605505	0.000605505	0.000605505	109
0.443	0.00170196	0.00170196	0.00170196	0.00170196	102
0.444	0.000298113	0.000298113	0.000298113	0.000298113	106
0.445	0.00132929	0.00132929	0.00132929	0.00132929	99
0.446	0.00160851	0.00160851	0.00160851	0.00160851	94
0.447	0.0012459	0.0012459	0.0012459	0.0012459	122
0.448	0.00150357	0.00150357	0.00150357	0.00150357	112
0.449	-1.40351e-05	-1.40351e-05	-1.40351e-05	-1.40351e-05	114
0.45	-0.00329174	-0.00329174	-0.00329174	-0.00329174	109
0.451	-0.000263063	-0.000263063	-0.000263063	-0.000263063	111
0.452	-0.00117049	-0.00117049	-0.00117049	-0.00117049	122
0.453	-0.000479339	-0.000479339	-0.000479339	-0.000479339	121
0.454	0.00111268	0.00111268	0.00111268	0.00111268	142
0.455	0.00131171	0.00131171	0.00131171	0.00131171	111
0.456	6.18182e-05	6.18182e-05	6.18182e-05	6.18182e-05	110
0.457	-0.00108099	-0.00108099	-0.00108099	-0.00108099	121
0.458	-0.00244	-0.00244	-0.00244	-0.00244	110
0.459	-0.00180917	-0.00180917	-0.00180917	-0.00180917	109
0.46	-0.00107642	-0.00107642	-0.00107642	-0.00107642	123
0.461	-0.000810619	-0.000810619	-0.000810619	-0.000810619	113
0.462	-0.000823529	-0.000823529	-0.000823529	-0.000823529	136
0.463	0.00143692	0.00143692	0.00143692	0.00143692	130
0.464	-0.00156336	-0.00156336	-0.00156336	-0.00156336	131
0.465	0.00132267	0.00132267	0.00132267	0.00132267	150
0.466	0.00157091	0.00157091	0.00157091	0.00157091	110
0.467	-0.00179029	-0.00179029	-0.00179029	-0.00179029	103
0.468	0.000532258	0.000532258	0.000532258	0.000532258	124
0.469	-0.000117293	-0.000117293	-0.000117293	-0.000117293	133
0.47	-0.00080381	-0.00080381	-0.00080381	-0.00080381	105
0.471	-0.00165714	-0.00165714	-0.00165714	-0.00165714	98
0.472	0.00137288	0.00137288	0.00137288	0.00137288	118
0.473	-0.00158431	-0.00158431	-0.00158431	-0.00158431	102
0.474	0.000644211	0.000644211	0.000644211	0.000644211	95
0.475	0.00143548	0.00143548	0.00143548	0.00143548	124
0.476	0.00282222	0.00282222	0.00282222	0.00282222	126
0.477	0.000231933	0.000231933	0.000231933	0.000231933	119
0.478	-0.00163051	-0.00163051	-0.00163051	-0.00163051	118
0.479	-0.00362443	-0.00362443	-0.00362443	-0.00362443	131
0.48	0.000473759	0.000473759	0.000473759	0.000473759	141
0.481	-0.000613953	-0.000613953	-0.000613953	-0.000613953	129
0.482	0.00115789	0.00115789	0.00115789	0.00115789	152
0.483	0.0041873	0.0041873	0.0041873	0.0041873	126
0.484	0.00324615	0.00324615	0.00324615	0.00324615	130
0.485	0.00222973	0.00222973	0.00222973	0.00222973	148
0.486	-0.000196273	-0.000196273	-0.000196273	-0.000196273	161
0.487	0.00242424	0.00242424	0.00242424	0.00242424	132
0.488	0.00302013	0.00302013	0.00302013	0.00302013	149
0.489	0.00162435	0.00162435	0.00162435	0.00162435	115
0.49	0.00143939	0.00143939	0.00143939	0.00143939	132
0.491	9.18519e-05	9.18519e-05	9.18519e-05	9.18519e-05	135
0.492	-0.00222517	-0.00222517	-0.00222517	-0.00222517	151
0.493	-0.000585965	-0.000585965	-0.000585965	-0.000585965	114
0.494	0.00150427	0.00150427	0.00150427	0.00150427	117
0.495	0.000922772	0.000922772	0.000922772	0.000922772	101
0.496	-0.000629565	-0.000629565	-0.000629565	-0.000629565	115
0.497	-0.000607407	-0.000607407	-0.000607407	-0.000607407	108
0.498	-0.00076	-0.00076	-0.00076	-0.00076	110
0.499	0.00112566	0.00112566	0.00112566	0.00112566	113
0.5	0.00127671	0.00127671	0.00127671	0.00127671	146
0.501	-0.000225	-0.000225	-0.000225	-0.000225	128
0.502	0.000483333	0.000483333	0.000483333	0.000483333	120
0.503	0.000511111	0.000511111	0.000511111	0.000511111	126
0.504	0.000471875	0.000471875	0.000471875	0.000471875	128
0.505	-0.00329643	-0.00329643	-0.00329643	-0.00329643	112
0.506	-0.0004	-0.0004	-0.0004	-0.0004	107
0.507	0.00146792	0.00146792	0.00146792	0.00146792	106
0.508	0.000138614	0.000138614	0.000138614	0.000138614	101
0.509	-0.000180645	-0.000180645	-0.000180645	-0.000180645	124
0.51	0.000556522	0.000556522	0.000556522	0.000556522	138
0.511	-0.000273973	-0.000273973	-0.000273973	-0.000273973	146
0.512	-0.00260364	-0.00260364	-0.00260364	-0.00260364	110
0.513	-0.00158655	-0.00158655	-0.00158655	-0.00158655	119
0.514	-0.0029287	-0.0029287	-0.0029287	-0.0029287	115
0.515	-0.00251613	-0.00251613	-0.00251613	-0.00251613	124
0.516	0.00153504	0.00153504	0.00153504	0.00153504	117
0.517	0.000349206	0.000349206	0.000349206	0.000349206	126
0.518	0.000372414	0.000372414	0.000372414	0.000372414	116
0.519	-0.000689933	-0.000689933	-0.000689933	-0.000689933	149
0.52	-3.76812e-05	-3.76812e-05	-3.76812e-05	-3.76812e-05	138
0.521	-0.00141846	-0.00141846	-0.00141846	-0.00141846	130
0.522	0.0017125	0.0017125	0.0017125	0.0017125	128
0.523	-0.00134063	-0.00134063	-0.00134063	-0.00134063	128
0.524	0.00118333	0.00118333	0.00118333	0.00118333	144
0.525	-0.000837143	-0.000837143	-0.000837143	-0.000837143	140
0.526	-0.00277117	-0.00277117	-0.00277117	-0.00277117	111
0.527	-0.000882143	-0.000882143	-0.000882143	-0.000882143	112
0.528	-0.0019776	-0.0019776	-0.0019776	-0.0019776	125
0.529	-0.00147692	-0.00147692	-0.00147692	-0.00147692	104
0.53	-0.000658407	-0.000658407	-0.000658407	-0.000658407	113
0.531	0.000570874	0.000570874	0.000570874	0.000570874	103
0.532	-0.000951111	-0.000951111	-0.000951111	-0.000951111	90
0.533	-0.00136907	-0.00136907	-0.00136907	-0.00136907	97
0.534	0.00191456	0.00191456	0.00191456	0.00191456	103
0.535	0.00155248	0.00155248	0.00155248	0.00155248	101
0.536	-0.000828	-0.000828	-0.000828	-0.000828	100
0.537	-2e-05	-2e-05	-2e-05	-2e-05	100
0.538	0.000382301	0.000382301	0.000382301	0.000382301	113
0.539	-0.000183607	-0.000183607	-0.000183607	-0.000183607	122
0.54	0.000922314	0.000922314	0.000922314	0.000922314	121
0.541	0.000431746	0.000431746	0.000431746	0.000431746	126
0.542	0.001308	0.001308	0.001308	0.001308	100
0.543	-0.00186055	-0.00186055	-0.00186055	-0.00186055	109
0.544	-0.00119158	-0.00119158	-0.00119158	-0.00119158	95
0.545	0.000368966	0.000368966	0.000368966	0.000368966	116
0.546	0.00108364	0.00108364	0.00108364	0.00108364	110
0.547	-0.00160734	-0.00160734	-0.00160734	-0.00160734	109
0.548	0.00064	0.00064	0.00064	0.00064	120
0.549	0.000154386	0.000154386	0.000154386	0.000154386	114
0.55	0.000410526	0.000410526	0.000410526	0.000410526	114
0.551	0.000190826	0.000190826	0.000190826	0.000190826	109
0.552	0.00198065	0.00198065	0.00198065	0.00198065	124
0.553	-0.00343636	-0.00343636	-0.00343636	-0.00343636	132
0.554	-0.00121322	-0.00121322	-0.00121322	-0.00121322	121
0.555	-0.00202991	-0.00202991	-0.00202991	-0.00202991	107
0.556	-0.00215	-0.00215	-0.00215	-0.00215	112
0.557	-0.00239636	-0.00239636	-0.00239636	-0.00239636	110
0.558	-0.00165357	-0.00165357	-0.00165357	-0.00165357	112
0.559	-0.00144151	-0.00144151	-0.00144151	-0.00144151	106
0.56	0.0016	0.0016	0.0016	0.0016	108
0.561	0.00329369	0.00329369	0.00329369	0.00329369	111
0.562	0.00309533	0.00309533	0.00309533	0.00309533	107
0.563	0.0019584	0.0019584	0.0019584	0.0019584	125
0.564	0.00163034	0.00163034	0.00163034	0.00163034	145
0.565	0.00117183	0.00117183	0.00117183	0.00117183	142
0.566	0.00139856	0.00139856	0.00139856	0.00139856	139
0.567	-0.000408759	-0.000408759	-0.000408759	-0.000408759	137
0.568	-0.00231373	-0.00231373	-0.00231373	-0.00231373	102
0.569	-0.00148519	-0.00148519	-0.00148519	-0.00148519	108
0.57	0.000692437	0.000692437	0.000692437	0.000692437	119
0.571	0.00109275	0.00109275	0.00109275	0.00109275	138
0.572	0.000945714	0.000945714	0.000945714	0.000945714	140
0.573	0.000120301	0.000120301	0.000120301	0.000120301	133
0.574	-0.0008192	-0.0008192	-0.0008192	-0.0008192	125
0.575	0.00128919	0.00128919	0.00128919	0.00128919	148
0.576	0.00122406	0.00122406	0.00122406	0.00122406	133
0.577	-0.00155946	-0.00155946	-0.00155946	-0.00155946	148
0.578	-0.00259856	-0.00259856	-0.00259856	-0.00259856	139
0.579	-0.000966423	-0.000966423	-0.000966423	-0.000966423	137
0.58	0.00232	0.00232	0.00232	0.00232	125
0.581	0.000257364	0.000257364	0.000257364	0.000257364	129
0.582	0.00103415	0.00103415	0.00103415	0.00103415	123
0.583	0.00218333	0.00218333	0.00218333	0.00218333	120
0.584	0.00135118	0.00135118	0.00135118	0.00135118	127
0.585	0.000834951	0.000834951	0.000834951	0.000834951	103
0.586	0.00318198	0.00318198	0.00318198	0.00318198	111
0.587	0.00345739	0.00345739	0.00345739	0.00345739	115
0.588	0.000753846	0.000753846	0.000753846	0.000753846	130
0.589	0.00207407	0.00207407	0.00207407	0.00207407	108
0.59	-0.00120351	-0.00120351	-0.00120351	-0.00120351	114
0.591	-0.0016973	-0.0016973	-0.0016973	-0.0016973	111
0.592	6.29921e-06	6.29921e-06	6.29921e-06	6.29921e-06	127
0.593	-3.89381e-05	-3.89381e-05	-3.89381e-05	-3.89381e-05	113
0.594	-0.00104407	-0.00104407	-0.00104407	-0.00104407	118
0.595	-0.00164724	-0.00164724	-0.00164724	-0.00164724	127
0.596	-0.000204651	-0.000204651	-0.000204651	-0.000204651	129
0.597	-0.000644068	-0.000644068	-0.000644068	-0.000644068	118
0.598	0.000245902	0.000245902	0.000245902	0.000245902	122
0.599	-0.00145321	-0.00145321	-0.00145321	-0.00145321	109
0.6	-0.00115041	-0.00115041	-0.00115041	-0.00115041	121
0.601	-0.000476667	-0.000476667	-0.000476667	-0.000476667	120
0.602	-0.00204031	-0.00204031	-0.00204031	-0.00204031	129
0.603	-0.000780328	-0.000780328	-0.000780328	-0.000780328	122
0.604	-0.00293867	-0.00293867	-0.00293867	-0.00293867	150
0.605	-0.000119149	-0.000119149	-0.000119149	-0.000119149	141
0.606	-0.000445455	-0.000445455	-0.000445455	-0.000445455	132
0.607	0.000610909	0.000610909	0.000610909	0.000610909	110
0.608	-0.00120696	-0.00120696	-0.00120696	-0.00120696	115
0.609	0.00207154	0.00207154	0.00207154	0.00207154	123
0.61	-0.00227368	-0.00227368	-0.00227368	-0.00227368	114
0.611	-0.000519298	-0.000519298	-0.000519298	-0.000519298	114
0.612	0.000211966	0.000211966	0.000211966	0.000211966	117
0.613	0.00154	0.00154	0.00154	0.00154	120
0.614	-0.00087451	-0.00087451	-0.00087451	-0.00087451	102
0.615	-0.00322991	-0.00322991	-0.00322991	-0.00322991	107
0.616	-0.00108286	-0.00108286	-0.00108286	-0.00108286	140
0.617	0.000358904	0.000358904	0.000358904	0.000358904	146
0.618	-0.00122286	-0.00122286	-0.00122286	-0.00122286	140
0.619	0.00116522	0.00116522	0.00116522	0.00116522	161
0.62	0.000878912	0.000878912	0.000878912	0.000878912	147
0.621	-0.000482443	-0.000482443	-0.000482443	-0.000482443	131
0.622	0.00203333	0.00203333	0.00203333	0.00203333	144
0.623	0.000829412	0.000829412	0.000829412	0.000829412	136
0.624	-0.00103226	-0.00103226	-0.00103226	-0.00103226	155
0.625	0.000556098	0.000556098	0.000556098	0.000556098	123
0.626	-0.00072	-0.00072	-0.00072	-0.00072	135
0.627	-0.00224252	-0.00224252	-0.00224252	-0.00224252	127
0.628	-8.88889e-05	-8.88889e-05	-8.88889e-05	-8.88889e-05	117
0.629	-0.0024	-0.0024	-0.0024	-0.0024	98
0.63	-0.00209346	-0.00209346	-0.00209346	-0.00209346	107
0.631	0.0024037	0.0024037	0.0024037	0.0024037	108
0.632	0.00039661	0.00039661	0.00039661	0.00039661	118
0.633	-0.00059322	-0.00059322	-0.00059322	-0.00059322	118
0.634	-0.00102901	-0.00102901	-0.00102901	-0.00102901	131
0.635	0.000875	0.000875	0.000875	0.000875	128
0.636	5.54455e-05	5.54455e-05	5.54455e-05	5.54455e-05	101
0.637	0.000195652	0.000195652	0.000195652	0.000195652	92
0.638	-0.000489655	-0.000489655	-0.000489655	-0.000489655	116
0.639	-0.000608264	-0.000608264	-0.000608264	-0.000608264	121
0.64	0.000391837	0.000391837	0.000391837	0.000391837	98
0.641	-0.00114963	-0.00114963	-0.00114963	-0.00114963	135
0.642	-0.00117538	-0.00117538	-0.00117538	-0.00117538	130
0.643	-0.00130847	-0.00130847	-0.00130847	-0.00130847	118
0.644	0.000266667	0.000266667	0.000266667	0.000266667	132
0.645	0.00026087	0.00026087	0.00026087	0.00026087	115
0.646	-0.00222857	-0.00222857	-0.00222857	-0.00222857	105
0.647	-0.000447525	-0.000447525	-0.000447525	-0.000447525	101
0.648	-0.000193443	-0.000193443	-0.000193443	-0.000193443	122
0.649	2.22222e-05	2.22222e-05	2.22222e-05	2.22222e-05	108
0.65	0.0014958	0.0014958	0.0014958	0.0014958	119
0.651	0.0021626	0.0021626	0.0021626	0.0021626	123
0.652	0.00170265	0.00170265	0.00170265	0.00170265	113
0.653	0.000953571	0.000953571	0.000953571	0.000953571	112
0.654	3.4188e-05	3.4188e-05	3.4188e-05	3.4188e-05	117
0.655	0.00190551	0.00190551	0.00190551	0.00190551	127
0.656	-0.00251095	-0.00251095	-0.00251095	-0.00251095	137
0.657	-0.00229	-0.00229	-0.00229	-0.00229	120
0.658	0.000672727	0.000672727	0.000672727	0.000672727	132
0.659	-0.000894118	-0.000894118	-0.000894118	-0.000894118	136
0.66	-0.00146441	-0.00146441	-0.00146441	-0.00146441	118
0.661	-0.00298333	-0.00298333	-0.00298333	-0.00298333	120
0.662	-0.00200702	-0.00200702	-0.00200702	-0.00200702	114
0.663	-0.00102187	-0.00102187	-0.00102187	-0.00102187	128
0.664	-0.000531959	-0.000531959	-0.000531959	-0.000531959	97
0.665	-0.000631111	-0.000631111	-0.000631111	-0.000631111	90
0.666	4e-05	4e-05	4e-05	4e-05	100
0.667	0.0024	0.0024	0.0024	0.0024	98
0.668	-0.0008	-0.0008	-0.0008	-0.0008	121
0.669	-0.00158214	-0.00158214	-0.00158214	-0.00158214	112
0.67	0.0013	0.0013	0.0013	0.0013	128
0.671	0.000233898	0.000233898	0.000233898	0.000233898	118
0.672	-0.000598817	-0.000598817	-0.000598817	-0.000598817	169
0.673	-0.00122857	-0.00122857	-0.00122857	-0.00122857	140
0.674	0.000525373	0.000525373	0.000525373	0.000525373	134
0.675	0.00130189	0.00130189	0.00130189	0.00130189	106
0.676	0.00181677	0.00181677	0.00181677	0.00181677	155
0.677	0.000412308	0.000412308	0.000412308	0.000412308	130
0.678	0.00223248	0.00223248	0.00223248	0.00223248	117
0.679	0.00167467	0.00167467	0.00167467	0.00167467	150
0.68	0.00285854	0.00285854	0.00285854	0.00285854	123
0.681	0.000153333	0.000153333	0.000153333	0.000153333	120
0.682	0.00167519	0.00167519	0.00167519	0.00167519	133
0.683	-0.000165289	-0.000165289	-0.000165289	-0.000165289	121
0.684	0.00228624	0.00228624	0.00228624	0.00228624	109
0.685	0.00126102	0.00126102	0.00126102	0.00126102	118
0.686	0.000973643	0.000973643	0.000973643	0.000973643	129
0.687	-0.000921348	-0.000921348	-0.000921348	-0.000921348	89
0.688	0.00175	0.00175	0.00175	0.00175	128
0.689	0.00398938	0.00398938	0.00398938	0.00398938	113
0.69	0.00259077	0.00259077	0.00259077	0.00259077	130
0.691	0.0052386	0.0052386	0.0052386	0.0052386	114
0.692	-0.000336283	-0.000336283	-0.000336283	-0.000336283	113
0.693	0.00287119	0.00287119	0.00287119	0.00287119	118
0.694	-0.00104071	-0.00104071	-0.00104071	-0.00104071	113
0.695	-0.000476596	-0.000476596	-0.000476596	-0.000476596	94
0.696	0.000223853	0.000223853	0.000223853	0.000223853	109
0.697	-0.00268041	-0.00268041	-0.00268041	-0.00268041	97
0.698	0.00126522	0.00126522	0.00126522	0.00126522	92
0.699	0.00173458	0.00173458	0.00173458	0.00173458	107
0.7	0.0028252	0.0028252	0.0028252	0.0028252	127
0.701	0.000953846	0.000953846	0.000953846	0.000953846	117
0.702	0.000996667	0.000996667	0.000996667	0.000996667	120
0.703	-0.00111525	-0.00111525	-0.00111525	-0.00111525	118
0.704	0.000617054	0.000617054	0.000617054	0.000617054	129
0.705	0.000499291	0.000499291	0.000499291	0.000499291	141
0.706	0.000189091	0.000189091	0.000189091	0.000189091	110
0.707	-0.000555172	-0.000555172	-0.000555172	-0.000555172	116
0.708	0.00127018	0.00127018	0.00127018	0.00127018	114
0.709	-6.20155e-06	-6.20155e-06	-6.20155e-06	-6.20155e-06	129
0.71	-0.00106565	-0.00106565	-0.00106565	-0.00106565	131
0.711	0.00213929	0.00213929	0.00213929	0.00213929	112
0.712	0.000375	0.000375	0.000375	0.000375	128
0.713	-0.00232479	-0.00232479	-0.00232479	-0.00232479	117
0.714	0.0023084	0.0023084	0.0023084	0.0023084	131
0.715	0.00184643	0.00184643	0.00184643	0.00184643	112
0.716	-2.75862e-05	-2.75862e-05	-2.75862e-05	-2.75862e-05	116
0.717	0.00256	0.00256	0.00256	0.00256	95
0.718	-0.00107368	-0.00107368	-0.00107368	-0.00107368	95
0.719	0.00236174	0.00236174	0.00236174	0.00236174	115
0.72	-0.000847525	-0.000847525	-0.000847525	-0.000847525	101
0.721	0.00125161	0.00125161	0.00125161	0.00125161	93
0.722	-0.0026432	-0.0026432	-0.0026432	-0.0026432	125
0.723	0.000216949	0.000216949	0.000216949	0.000216949	118
0.724	-0.000613139	-0.000613139	-0.000613139	-0.000613139	137
0.725	-0.00255701	-0.00255701	-0.00255701	-0.00255701	107
0.726	0.000796875	0.000796875	0.000796875	0.000796875	128
0.727	-0.00164174	-0.00164174	-0.00164174	-0.00164174	115
0.728	-0.00374085	-0.00374085	-0.00374085	-0.00374085	142
0.729	-0.00404037	-0.00404037	-0.00404037	-0.00404037	109
0.73	-0.00193178	-0.00193178	-0.00193178	-0.00193178	129
0.731	-0.00179469	-0.00179469	-0.00179469	-0.00179469	113
0.732	0.00142642	0.00142642	0.00142642	0.00142642	106
0.733	0.00123729	0.00123729	0.00123729	0.00123729	118
0.734	0.00181493	0.00181493	0.00181493	0.00181493	134
0.735	0.00149921	0.00149921	0.00149921	0.00149921	127
0.736	-0.00050687	-0.00050687	-0.00050687	-0.00050687	131
0.737	-0.00198387	-0.00198387	-0.00198387	-0.00198387	124
0.738	-0.00101679	-0.00101679	-0.00101679	-0.00101679	131
0.739	-0.00294483	-0.00294483	-0.00294483	-0.00294483	116
0.74	-0.000890625	-0.000890625	-0.000890625	-0.000890625	128
0.741	-0.00115667	-0.00115667	-0.00115667	-0.00115667	120
0.742	-0.00053617	-0.00053617	-0.00053617	-0.00053617	94
0.743	0.00125185	0.00125185	0.00125185	0.00125185	108
0.744	-0.00170937	-0.00170937	-0.00170937	-0.00170937	128
0.745	-0.000268966	-0.000268966	-0.000268966	-0.000268966	116
0.746	-0.00144274	-0.00144274	-0.00144274	-0.00144274	117
0.747	0.0003424	0.0003424	0.0003424	0.0003424	125
0.748	0.00148908	0.00148908	0.00148908	0.00148908	119
0.749	0.000614815	0.000614815	0.000614815	0.000614815	108
0.75	0.000962602	0.000962602	0.000962602	0.000962602	123
0.751	-0.00176216	-0.00176216	-0.00176216	-0.00176216	111
0.752	-0.00144333	-0.00144333	-0.00144333	-0.00144333	120
0.753	-0.000770861	-0.000770861	-0.000770861	-0.000770861	151
0.754	0.000264662	0.000264662	0.000264662	0.000264662	133
0.755	-0.0014016	-0.0014016	-0.0014016	-0.0014016	125
0.756	-0.000601481	-0.000601481	-0.000601481	-0.000601481	135
0.757	-0.0022931	-0.0022931	-0.0022931	-0.0022931	116
0.758	-0.00317168	-0.00317168	-0.00317168	-0.00317168	113
0.759	-0.00273333	-0.00273333	-0.00273333	-0.00273333	126
0.76	-0.000114286	-0.000114286	-0.000114286	-0.000114286	98
0.761	-0.000350515	-0.000350515	-0.000350515	-0.000350515	97
0.762	-0.00232072	-0.00232072	-0.00232072	-0.00232072	111
0.763	-0.000444828	-0.000444828	-0.000444828	-0.000444828	116
0.764	-5.97015e-05	-5.97015e-05	-5.97015e-05	-5.97015e-05	134
0.765	-0.000650435	-0.000650435	-0.000650435	-0.000650435	115
0.766	-0.00148687	-0.00148687	-0.00148687	-0.00148687	99
0.767	-0.00326792	-0.00326792	-0.00326792	-0.00326792	106
0.768	-0.000541935	-0.000541935	-0.000541935	-0.000541935	124
0.769	-0.00134312	-0.00134312	-0.00134312	-0.00134312	109
0.77	-0.00209466	-0.00209466	-0.00209466	-0.00209466	131
0.771	-0.00181071	-0.00181071	-0.00181071	-0.00181071	112
0.772	-0.00481143	-0.00481143	-0.00481143	-0.00481143	105
0.773	-0.00177377	-0.00177377	-0.00177377	-0.00177377	122
0.774	-0.00138431	-0.00138431	-0.00138431	-0.00138431	102
0.775	-0.00148468	-0.00148468	-0.00148468	-0.00148468	111
0.776	-0.00257374	-0.00257374	-0.00257374	-0.00257374	99
0.777	0.000446429	0.000446429	0.000446429	0.000446429	112
0.778	1.41593e-05	1.41593e-05	1.41593e-05	1.41593e-05	113
0.779	-0.00195398	-0.00195398	-0.00195398	-0.00195398	113
0.78	0.002712	0.002712	0.002712	0.002712	100
0.781	0.000141935	0.000141935	0.000141935	0.000141935	93
0.782	-0.000830435	-0.000830435	-0.000830435	-0.000830435	92
0.783	-0.000198347	-0.000198347	-0.000198347	-0.000198347	121
0.784	0.000626415	0.000626415	0.000626415	0.000626415	106
0.785	0.00117594	0.00117594	0.00117594	0.00117594	133
0.786	-0.00101217	-0.00101217	-0.00101217	-0.00101217	115
0.787	0.000688889	0.000688889	0.000688889	0.000688889	126
0.788	-0.00100531	-0.00100531	-0.00100531	-0.00100531	113
0.789	-0.00281356	-0.00281356	-0.00281356	-0.00281356	118
0.79	-0.00214	-0.00214	-0.00214	-0.00214	120
0.791	-0.000730709	-0.000730709	-0.000730709	-0.000730709	127
0.792	-0.00113028	-0.00113028	-0.00113028	-0.00113028	109
0.793	-0.00292824	-0.00292824	-0.00292824	-0.00292824	131
0.794	-0.00173245	-0.00173245	-0.00173245	-0.00173245	151
0.795	0.00146667	0.00146667	0.00146667	0.00146667	144
0.796	-0.0008128	-0.0008128	-0.0008128	-0.0008128	125
0.797	0.000951938	0.000951938	0.000951938	0.000951938	129
0.798	-0.000421978	-0.000421978	-0.000421978	-0.000421978	91
0.799	-0.000592308	-0.000592308	-0.000592308	-0.000592308	104
0.8	-0.000842857	-0.000842857	-0.000842857	-0.000842857	112
0.801	-0.000771171	-0.000771171	-0.000771171	-0.000771171	111
0.802	-0.000588889	-0.000588889	-0.000588889	-0.000588889	108
0.803	0.000175	0.000175	0.000175	0.000175	112
0.804	-0.000740157	-0.000740157	-0.000740157	-0.000740157	127
0.805	-0.00126095	-0.00126095	-0.00126095	-0.00126095	105
0.806	-0.00310866	-0.00310866	-0.00310866	-0.00310866	127
0.807	-0.00215088	-0.00215088	-0.00215088	-0.00215088	114
0.808	-0.00161468	-0.00161468	-0.00161468	-0.00161468	109
0.809	-0.00112381	-0.00112381	-0.00112381	-0.00112381	126
0.81	-0.00313761	-0.00313761	-0.00313761	-0.00313761	109
0.811	-0.000222556	-0.000222556	-0.000222556	-0.000222556	133
0.812	-0.0012416	-0.0012416	-0.0012416	-0.0012416	125
0.813	0.000117647	0.000117647	0.000117647	0.000117647	119
0.814	0.002025	0.002025	0.002025	0.002025	96
0.815	0.000856	0.000856	0.000856	0.000856	100
0.816	1.53846e-05	1.53846e-05	1.53846e-05	1.53846e-05	104
0.817	0.00262626	0.00262626	0.00262626	0.00262626	99
0.818	0.00263063	0.00263063	0.00263063	0.00263063	111
0.819	-0.000122034	-0.000122034	-0.000122034	-0.000122034	118
0.82	0.0016	0.0016	0.0016	0.0016	117
0.821	0.00161237	0.00161237	0.00161237	0.00161237	97
0.822	0.000562637	0.000562637	0.000562637	0.000562637	91
0.823	-0.0004928	-0.0004928	-0.0004928	-0.0004928	125
0.824	2.66667e-05	2.66667e-05	2.66667e-05	2.66667e-05	120
0.825	-0.000552846	-0.000552846	-0.000552846	-0.000552846	123
0.826	-0.001052	-0.001052	-0.001052	-0.001052	100
0.827	0.000625455	0.000625455	0.000625455	0.000625455	110
0.828	0.00168224	0.00168224	0.00168224	0.00168224	107
0.829	-0.00206923	-0.00206923	-0.00206923	-0.00206923	104
0.83	-0.000543243	-0.000543243	-0.000543243	-0.000543243	148
0.831	6.83761e-05	6.83761e-05	6.83761e-05	6.83761e-05	117
0.832	-0.00160325	-0.00160325	-0.00160325	-0.00160325	123
0.833	-0.000411511	-0.000411511	-0.000411511	-0.000411511	139
0.834	-0.00302609	-0.00302609	-0.00302609	-0.00302609	115
0.835	0.000252778	0.000252778	0.000252778	0.000252778	144
0.836	-0.000271642	-0.000271642	-0.000271642	-0.000271642	134
0.837	0.000766038	0.000766038	0.000766038	0.000766038	106
0.838	0.00184615	0.00184615	0.00184615	0.00184615	117
0.839	-0.0007584	-0.0007584	-0.0007584	-0.0007584	125
0.84	0.000135714	0.000135714	0.000135714	0.000135714	112
0.841	-7.01754e-06	-7.01754e-06	-7.01754e-06	-7.01754e-06	114
0.842	-0.00133115	-0.00133115	-0.00133115	-0.00133115	122
0.843	-0.00171259	-0.00171259	-0.00171259	-0.00171259	135
0.844	-0.0012177	-0.0012177	-0.0012177	-0.0012177	113
0.845	-0.00193878	-0.00193878	-0.00193878	-0.00193878	98
0.846	-0.00143158	-0.00143158	-0.00143158	-0.00143158	114
0.847	0.000519588	0.000519588	0.000519588	0.000519588	97
0.848	-0.00239608	-0.00239608	-0.00239608	-0.00239608	102
0.849	0.00189197	0.00189197	0.00189197	0.00189197	137
0.85	0.000417857	0.000417857	0.000417857	0.000417857	112
0.851	-0.0007744	-0.0007744	-0.0007744	-0.0007744	125
0.852	-0.00149153	-0.00149153	-0.00149153	-0.00149153	118
0.853	-0.00109189	-0.00109189	-0.00109189	-0.00109189	111
0.854	-0.00136822	-0.00136822	-0.00136822	-0.00136822	107
0.855	-0.00117647	-0.00117647	-0.00117647	-0.00117647	119
0.856	0.000234146	0.000234146	0.000234146	0.000234146	123
0.857	-0.000508197	-0.000508197	-0.000508197	-0.000508197	122
0.858	-0.00186306	-0.00186306	-0.00186306	-0.00186306	111
0.859	-0.0017614	-0.0017614	-0.0017614	-0.0017614	114
0.86	0.0019098	0.0019098	0.0019098	0.0019098	102
0.861	0.00307826	0.00307826	0.00307826	0.00307826	115
0.862	-0.00147826	-0.00147826	-0.00147826	-0.00147826	92
0.863	0.000576471	0.000576471	0.000576471	0.000576471	136
0.864	0.000189247	0.000189247	0.000189247	0.000189247	93
0.865	0.000737778	0.000737778	0.000737778	0.000737778	90
0.866	0.000486207	0.000486207	0.000486207	0.000486207	116
0.867	0.000970833	0.000970833	0.000970833	0.000970833	96
0.868	0.00140889	0.00140889	0.00140889	0.00140889	90
0.869	-0.000316667	-0.000316667	-0.000316667	-0.000316667	120
0.87	-0.000269027	-0.000269027	-0.000269027	-0.000269027	113
0.871	0.00219835	0.00219835	0.00219835	0.00219835	121
0.872	0.000806504	0.000806504	0.000806504	0.000806504	123
0.873	0.000696429	0.000696429	0.000696429	0.000696429	112
0.874	0.000409677	0.000409677	0.000409677	0.000409677	124
0.875	0.000214876	0.000214876	0.000214876	0.000214876	121
0.876	0.000266667	0.000266667	0.000266667	0.000266667	126
0.877	-0.000679646	-0.000679646	-0.000679646	-0.000679646	113
0.878	0.000140458	0.000140458	0.000140458	0.000140458	131
0.879	0.000620339	0.000620339	0.000620339	0.000620339	118
0.88	-0.00204706	-0.00204706	-0.00204706	-0.00204706	119
0.881	0.000585124	0.000585124	0.000585124	0.000585124	121
0.882	0.00142143	0.00142143	0.00142143	0.00142143	112
0.883	-0.00265124	-0.00265124	-0.00265124	-0.00265124	121
0.884	-0.00106992	-0.00106992	-0.00106992	-0.00106992	123
0.885	-0.00177778	-0.00177778	-0.00177778	-0.00177778	126
0.886	-0.00344118	-0.00344118	-0.00344118	-0.00344118	136
0.887	-0.00148174	-0.00148174	-0.00148174	-0.00148174	115
0.888	-0.0018902	-0.0018902	-0.0018902	-0.0018902	102
0.889	-0.0015215	-0.0015215	-0.0015215	-0.0015215	107
0.89	-0.000333333	-0.000333333	-0.000333333	-0.000333333	114
0.891	-0.000883019	-0.000883019	-0.000883019	-0.000883019	106
0.892	-0.00221695	-0.00221695	-0.00221695	-0.00221695	118
0.893	-0.00229565	-0.00229565	-0.00229565	-0.00229565	115
0.894	-0.000960976	-0.000960976	-0.000960976	-0.000960976	82
0.895	-0.00178018	-0.00178018	-0.00178018	-0.00178018	111
0.896	-8.64865e-05	-8.64865e-05	-8.64865e-05	-8.64865e-05	111
0.897	0.000453933	0.000453933	0.000453933	0.000453933	89
0.898	-0.00100377	-0.00100377	-0.00100377	-0.00100377	106
0.899	0.00054433	0.00054433	0.00054433	0.00054433	97
0.9	1.45455e-05	1.45455e-05	1.45455e-05	1.45455e-05	110
0.901	-0.00103934	-0.00103934	-0.00103934	-0.00103934	122
0.902	0.00184186	0.00184186	0.00184186	0.00184186	129
0.903	0.00049434	0.00049434	0.00049434	0.00049434	106
0.904	0.000841379	0.000841379	0.000841379	0.000841379	116
0.905	-0.00189618	-0.00189618	-0.00189618	-0.00189618	131
0.906	-0.00302519	-0.00302519	-0.00302519	-0.00302519	135
0.907	-0.0021194	-0.0021194	-0.0021194	-0.0021194	134
0.908	-0.000552846	-0.000552846	-0.000552846	-0.000552846	123
0.909	-0.00235102	-0.00235102	-0.00235102	-0.00235102	98
0.91	0.000353741	0.000353741	0.000353741	0.000353741	147
0.911	0.00104161	0.00104161	0.00104161	0.00104161	149
0.912	-0.0015194	-0.0015194	-0.0015194	-0.0015194	134
0.913	-0.00168571	-0.00168571	-0.00168571	-0.00168571	126
0.914	0.000198496	0.000198496	0.000198496	0.000198496	133
0.915	-0.00172698	-0.00172698	-0.00172698	-0.00172698	126
0.916	7.71429e-05	7.71429e-05	7.71429e-05	7.71429e-05	140
0.917	-0.000931092	-0.000931092	-0.000931092	-0.000931092	119
0.918	0.00106538	0.00106538	0.00106538	0.00106538	104
0.919	-0.00284476	-0.00284476	-0.00284476	-0.00284476	143
0.92	-0.000686842	-0.000686842	-0.000686842	-0.000686842	152
0.921	-0.0028	-0.0028	-0.0028	-0.0028	121
0.922	-0.00178491	-0.00178491	-0.00178491	-0.00178491	106
0.923	-0.001625	-0.001625	-0.001625	-0.001625	128
0.924	-0.00136	-0.00136	-0.00136	-0.00136	135
0.925	-0.000671533	-0.000671533	-0.000671533	-0.000671533	137
0.926	-0.00060198	-0.00060198	-0.00060198	-0.00060198	101
0.927	-0.000530769	-0.000530769	-0.000530769	-0.000530769	104
0.928	-0.00424538	-0.00424538	-0.00424538	-0.00424538	119
0.929	0.000163636	0.000163636	0.000163636	0.000163636	110
0.93	-0.00214159	-0.00214159	-0.00214159	-0.00214159	113
0.931	-0.00143363	-0.00143363	-0.00143363	-0.00143363	113
0.932	-0.00298318	-0.00298318	-0.00298318	-0.00298318	107
0.933	-0.000831034	-0.000831034	-0.000831034	-0.000831034	116
0.934	0.000130081	0.000130081	0.000130081	0.000130081	123
0.935	0.000681633	0.000681633	0.000681633	0.000681633	98
0.936	0.000231429	0.000231429	0.000231429	0.000231429	140
0.937	0.00105806	0.00105806	0.00105806	0.00105806	124
0.938	0.000555932	0.000555932	0.000555932	0.000555932	118
0.939	-0.00181961	-0.00181961	-0.00181961	-0.00181961	102
0.94	0.00248936	0.00248936	0.00248936	0.00248936	94
0.941	0.00114286	0.00114286	0.00114286	0.00114286	105
0.942	0.00101923	0.00101923	0.00101923	0.00101923	104
0.943	0.00154958	0.00154958	0.00154958	0.00154958	119
0.944	0.000812903	0.000812903	0.000812903	0.000812903	124
0.945	-0.000663063	-0.000663063	-0.000663063	-0.000663063	111
0.946	0.000702703	0.000702703	0.000702703	0.000702703	111
0.947	-0.00129043	-0.00129043	-0.00129043	-0.00129043	115
0.948	-0.00106182	-0.00106182	-0.00106182	-0.00106182	110
0.949	0.001	0.001	0.001	0.001	116
0.95	-0.00120645	-0.00120645	-0.00120645	-0.00120645	124
0.951	-9.15254e-05	-9.15254e-05	-9.15254e-05	-9.15254e-05	118
0.952	-0.00278938	-0.00278938	-0.00278938	-0.00278938	113
0.953	0.000233333	0.000233333	0.000233333	0.000233333	132
0.954	-0.000511765	-0.000511765	-0.000511765	-0.000511765	136
0.955	0.00109116	0.00109116	0.00109116	0.00109116	147
0.956	-0.000829412	-0.000829412	-0.000829412	-0.000829412	136
0.957	-0.00260938	-0.00260938	-0.00260938	-0.00260938	128
0.958	-0.000775652	-0.000775652	-0.000775652	-0.000775652	115
0.959	-0.000555725	-0.000555725	-0.000555725	-0.000555725	131
0.96	-0.00120282	-0.00120282	-0.00120282	-0.00120282	142
0.961	-0.000263087	-0.000263087	-0.000263087	-0.000263087	149
0.962	-0.00132662	-0.00132662	-0.00132662	-0.00132662	139
0.963	-0.000890226	-0.000890226	-0.000890226	-0.000890226	133
0.964	2.38806e-05	2.38806e-05	2.38806e-05	2.38806e-05	134
0.965	-0.00274783	-0.00274783	-0.00274783	-0.00274783	115
0.966	-0.00186667	-0.00186667	-0.00186667	-0.00186667	96
0.967	0.0006432	0.0006432	0.0006432	0.0006432	125
0.968	0.000222222	0.000222222	0.000222222	0.000222222	126
0.969	-0.00333636	-0.00333636	-0.00333636	-0.00333636	132
0.97	-4.55285e-05	-4.55285e-05	-4.55285e-05	-4.55285e-05	123
0.971	-0.00124483	-0.00124483	-0.00124483	-0.00124483	116
0.972	-0.00144286	-0.00144286	-0.00144286	-0.00144286	112
0.973	3.47826e-05	3.47826e-05	3.47826e-05	3.47826e-05	138
0.974	-0.00346016	-0.00346016	-0.00346016	-0.00346016	123
0.975	-0.00031453	-0.00031453	-0.00031453	-0.00031453	117
0.976	-0.00314667	-0.00314667	-0.00314667	-0.00314667	120
0.977	0.000151724	0.000151724	0.000151724	0.000151724	116
0.978	-0.00151111	-0.00151111	-0.00151111	-0.00151111	99
0.979	0.000779832	0.000779832	0.000779832	0.000779832	119
0.98	-0.001248	-0.001248	-0.001248	-0.001248	125
0.981	5.04505e-05	5.04505e-05	5.04505e-05	5.04505e-05	111
0.982	-0.00444828	-0.00444828	-0.00444828	-0.00444828	116
0.983	-0.00194386	-0.00194386	-0.00194386	-0.00194386	114
0.984	-0.00149787	-0.00149787	-0.00149787	-0.00149787	141
0.985	-0.00330164	-0.00330164	-0.00330164	-0.00330164	122
0.986	-0.00198639	-0.00198639	-0.00198639	-0.00198639	147
0.987	-0.000163758	-0.000163758	-0.000163758	-0.000163758	149
0.988	0.00105373	0.00105373	0.00105373	0.00105373	134
0.989	0.000919403	0.000919403	0.000919403	0.000919403	134
0.99	0.000836641	0.000836641	0.000836641	0.000836641	131
0.991	-0.000882119	-0.000882119	-0.000882119	-0.000882119	151
0.992	-0.00176063	-0.00176063	-0.00176063	-0.00176063	127
0.993	0.000493913	0.000493913	0.000493913	0.000493913	115
0.994	-0.00171739	-0.00171739	-0.00171739	-0.00171739	92
0.995	-0.000438938	-0.000438938	-0.000438938	-0.000438938	113
0.996	0.00219115	0.00219115	0.00219115	0.00219115	113
0.997	0.0013082	0.0013082	0.0013082	0.0013082	122
0.998	7.01754e-06	7.01754e-06	7.01754e-06	7.01754e-06	114
0.999	-0.000950877	-0.000950877	-0.000950877	-0.000950877	114
1	-0.00120952	-0.00120952	-0.00120952	-0.00120952	126
