0.001	0.0865569	0.0865569	0.0865569	0.0865569	1262
0.002	0.0832646	0.0832646	0.0832646	0.0832646	873
0.003	0.0774229	0.0774229	0.0774229	0.0774229	689
0.004	0.0679634	0.0679634	0.0679634	0.0679634	513
0.005	0.06424	0.06424	0.06424	0.06424	435
0.006	0.0526032	0.0526032	0.0526032	0.0526032	372
0.007	0.0483195	0.0483195	0.0483195	0.0483195	318
0.008	0.047184	0.047184	0.047184	0.047184	300
0.009	0.0436464	0.0436464	0.0436464	0.0436464	293
0.01	0.0408047	0.0408047	0.0408047	0.0408047	255
0.011	0.03	0.03	0.03	0.03	211
0.012	0.0251834	0.0251834	0.0251834	0.0251834	217
0.013	0.0370275	0.0370275	0.0370275	0.0370275	204
0.014	0.0223358	0.0223358	0.0223358	0.0223358	193
0.015	0.0322206	0.0322206	0.0322206	0.0322206	194
0.016	0.0295407	0.0295407	0.0295407	0.0295407	189
0.017	0.0236115	0.0236115	0.0236115	0.0236115	174
0.018	0.0229574	0.0229574	0.0229574	0.0229574	155
0.019	0.020106	0.020106	0.020106	0.020106	151
0.02	0.0142235	0.0142235	0.0142235	0.0142235	179
0.021	0.01356	0.01356	0.01356	0.01356	170
0.022	0.0121684	0.0121684	0.0121684	0.0121684	171
0.023	0.0109674	0.0109674	0.0109674	0.0109674	172
0.024	0.0110644	0.0110644	0.0110644	0.0110644	177
0.025	0.00968	0.00968	0.00968	0.00968	150
0.026	0.0105017	0.0105017	0.0105017	0.0105017	173
0.027	0.0061	0.0061	0.0061	0.0061	152
0.028	0.00575443	0.00575443	0.00575443	0.00575443	158
0.029	0.00905135	0.00905135	0.00905135	0.00905135	148
0.03	0.00779613	0.00779613	0.00779613	0.00779613	155
0.031	0.00682716	0.00682716	0.00682716	0.00682716	162
0.032	0.00644675	0.00644675	0.00644675	0.00644675	154
0.033	0.00576376	0.00576376	0.00576376	0.00576376	149
0.034	0.00786944	0.00786944	0.00786944	0.00786944	144
0.035	0.00405714	0.00405714	0.00405714	0.00405714	154
0.036	0.00666759	0.00666759	0.00666759	0.00666759	145
0.037	0.0119904	0.0119904	0.0119904	0.0119904	167
0.038	0.0108971	0.0108971	0.0108971	0.0108971	136
0.039	0.00813095	0.00813095	0.00813095	0.00813095	168
0.04	0.00793846	0.00793846	0.00793846	0.00793846	143
0.041	0.00854689	0.00854689	0.00854689	0.00854689	177
0.042	0.00722993	0.00722993	0.00722993	0.00722993	147
0.043	0.00731339	0.00731339	0.00731339	0.00731339	127
0.044	0.0108103	0.0108103	0.0108103	0.0108103	155
0.045	0.0107308	0.0107308	0.0107308	0.0107308	185
0.046	0.00738261	0.00738261	0.00738261	0.00738261	138
0.047	0.00786164	0.00786164	0.00786164	0.00786164	159
0.048	0.00429838	0.00429838	0.00429838	0.00429838	185
0.049	0.00829315	0.00829315	0.00829315	0.00829315	146
0.05	0.00259085	0.00259085	0.00259085	0.00259085	153
0.051	0.00337853	0.00337853	0.00337853	0.00337853	177
0.052	0.000591304	0.000591304	0.000591304	0.000591304	138
0.053	0.00479739	0.00479739	0.00479739	0.00479739	153
0.054	0.00356763	0.00356763	0.00356763	0.00356763	173
0.055	0.00427305	0.00427305	0.00427305	0.00427305	167
0.056	0.00252346	0.00252346	0.00252346	0.00252346	162
0.057	-0.000134161	-0.000134161	-0.000134161	-0.000134161	161
0.058	0.00403743	0.00403743	0.00403743	0.00403743	171
0.059	0.00585588	0.00585588	0.00585588	0.00585588	136
0.06	0.00433459	0.00433459	0.00433459	0.00433459	159
0.061	0.00161951	0.00161951	0.00161951	0.00161951	164
0.062	0.00285399	0.00285399	0.00285399	0.00285399	163
0.063	0.000621118	0.000621118	0.000621118	0.000621118	161
0.064	0.00350256	0.00350256	0.00350256	0.00350256	156
0.065	-0.000754717	-0.000754717	-0.000754717	-0.000754717	159
0.066	0.00388712	0.00388712	0.00388712	0.00388712	163
0.067	0.00175642	0.00175642	0.00175642	0.00175642	179
0.068	0.00439756	0.00439756	0.00439756	0.00439756	164
0.069	-4.49704e-05	-4.49704e-05	-4.49704e-05	-4.49704e-05	169
0.07	0.00341489	0.00341489	0.00341489	0.00341489	188
0.071	0.00166667	0.00166667	0.00166667	0.00166667	186
0.072	0.0012961	0.0012961	0.0012961	0.0012961	154
0.073	0.00455506	0.00455506	0.00455506	0.00455506	178
0.074	0.00511543	0.00511543	0.00511543	0.00511543	175
0.075	0.00607436	0.00607436	0.00607436	0.00607436	156
0.076	0.00271345	0.00271345	0.00271345	0.00271345	171
0.077	0.00378634	0.00378634	0.00378634	0.00378634	161
0.078	0.00104258	0.00104258	0.00104258	0.00104258	155
0.079	0.000245455	0.000245455	0.000245455	0.000245455	176
0.08	0.000713131	0.000713131	0.000713131	0.000713131	198
0.081	0.00210687	0.00210687	0.00210687	0.00210687	131
0.082	0.00136644	0.00136644	0.00136644	0.00136644	149
0.083	0.00180621	0.00180621	0.00180621	0.00180621	161
0.084	0.00482953	0.00482953	0.00482953	0.00482953	149
0.085	0.00128462	0.00128462	0.00128462	0.00128462	156
0.086	0.00126265	0.00126265	0.00126265	0.00126265	166
0.087	0.000340741	0.000340741	0.000340741	0.000340741	189
0.088	0.000784181	0.000784181	0.000784181	0.000784181	177
0.089	0.000417073	0.000417073	0.000417073	0.000417073	164
0.09	-0.00089697	-0.00089697	-0.00089697	-0.00089697	165
0.091	0.0021039	0.0021039	0.0021039	0.0021039	154
0.092	0.000687248	0.000687248	0.000687248	0.000687248	149
0.093	-0.00102824	-0.00102824	-0.00102824	-0.00102824	170
0.094	0.00228421	0.00228421	0.00228421	0.00228421	152
0.095	0.000853968	0.000853968	0.000853968	0.000853968	126
0.096	-0.000334328	-0.000334328	-0.000334328	-0.000334328	134
0.097	0.00250833	0.00250833	0.00250833	0.00250833	144
0.098	0.000931677	0.000931677	0.000931677	0.000931677	161
0.099	0.00390127	0.00390127	0.00390127	0.00390127	158
0.1	-0.00216398	-0.00216398	-0.00216398	-0.00216398	161
0.101	0.000907692	0.000907692	0.000907692	0.000907692	156
0.102	-0.000349045	-0.000349045	-0.000349045	-0.000349045	157
0.103	-0.00241151	-0.00241151	-0.00241151	-0.00241151	139
0.104	-0.000705732	-0.000705732	-0.000705732	-0.000705732	157
0.105	-0.000578344	-0.000578344	-0.000578344	-0.000578344	157
0.106	0.0026015	0.0026015	0.0026015	0.0026015	133
0.107	0.00150857	0.00150857	0.00150857	0.00150857	140
0.108	0.0013554	0.0013554	0.0013554	0.0013554	139
0.109	0.0021376	0.0021376	0.0021376	0.0021376	125
0.11	0.00166111	0.00166111	0.00166111	0.00166111	144
0.111	0.000478261	0.000478261	0.000478261	0.000478261	138
0.112	0.00226933	0.00226933	0.00226933	0.00226933	150
0.113	0.000969863	0.000969863	0.000969863	0.000969863	146
0.114	0.00300629	0.00300629	0.00300629	0.00300629	159
0.115	0.00284651	0.00284651	0.00284651	0.00284651	172
0.116	0.00149787	0.00149787	0.00149787	0.00149787	141
0.117	-0.000148718	-0.000148718	-0.000148718	-0.000148718	156
0.118	0.0007425	0.0007425	0.0007425	0.0007425	160
0.119	0.00279006	0.00279006	0.00279006	0.00279006	161
0.12	-0.000562353	-0.000562353	-0.000562353	-0.000562353	170
0.121	0.0018529	0.0018529	0.0018529	0.0018529	155
0.122	0.00312516	0.00312516	0.00312516	0.00312516	155
0.123	0.00147305	0.00147305	0.00147305	0.00147305	167
0.124	0.00326434	0.00326434	0.00326434	0.00326434	143
0.125	0.00130704	0.00130704	0.00130704	0.00130704	142
0.126	-0.000239416	-0.000239416	-0.000239416	-0.000239416	137
0.127	0.00373421	0.00373421	0.00373421	0.00373421	152
0.128	0.00340414	0.00340414	0.00340414	0.00340414	145
0.129	0.00283436	0.00283436	0.00283436	0.00283436	163
0.13	0.00111944	0.00111944	0.00111944	0.00111944	144
0.131	0.0025575	0.0025575	0.0025575	0.0025575	160
0.132	0.000435294	0.000435294	0.000435294	0.000435294	170
0.133	0.00155459	0.00155459	0.00155459	0.00155459	185
0.134	0.000969935	0.000969935	0.000969935	0.000969935	153
0.135	0.000269444	0.000269444	0.000269444	0.000269444	144
0.136	2.31214e-06	2.31214e-06	2.31214e-06	2.31214e-06	173
0.137	-0.00109943	-0.00109943	-0.00109943	-0.00109943	175
0.138	-0.000553247	-0.000553247	-0.000553247	-0.000553247	154
0.139	-0.000535948	-0.000535948	-0.000535948	-0.000535948	153
0.14	0.00247607	0.00247607	0.00247607	0.00247607	163
0.141	-0.00206842	-0.00206842	-0.00206842	-0.00206842	152
0.142	-0.00162368	-0.00162368	-0.00162368	-0.00162368	152
0.143	6.97987e-05	6.97987e-05	6.97987e-05	6.97987e-05	149
0.144	0.00176796	0.00176796	0.00176796	0.00176796	181
0.145	0.00137516	0.00137516	0.00137516	0.00137516	153
0.146	0.00393846	0.00393846	0.00393846	0.00393846	130
0.147	0.0017075	0.0017075	0.0017075	0.0017075	160
0.148	0.000190769	0.000190769	0.000190769	0.000190769	130
0.149	-0.00141295	-0.00141295	-0.00141295	-0.00141295	139
0.15	0.000177181	0.000177181	0.000177181	0.000177181	149
0.151	0.000465789	0.000465789	0.000465789	0.000465789	152
0.152	0.000254971	0.000254971	0.000254971	0.000254971	171
0.153	-0.00137143	-0.00137143	-0.00137143	-0.00137143	147
0.154	-0.000390476	-0.000390476	-0.000390476	-0.000390476	126
0.155	0.00178	0.00178	0.00178	0.00178	120
0.156	-0.000753247	-0.000753247	-0.000753247	-0.000753247	154
0.157	0.000131148	0.000131148	0.000131148	0.000131148	122
0.158	-0.000633898	-0.000633898	-0.000633898	-0.000633898	118
0.159	0.00124444	0.00124444	0.00124444	0.00124444	126
0.16	-0.00015873	-0.00015873	-0.00015873	-0.00015873	126
0.161	-0.000546032	-0.000546032	-0.000546032	-0.000546032	126
0.162	-0.000598473	-0.000598473	-0.000598473	-0.000598473	131
0.163	-0.00118815	-0.00118815	-0.00118815	-0.00118815	135
0.164	-0.000187919	-0.000187919	-0.000187919	-0.000187919	149
0.165	0.00137103	0.00137103	0.00137103	0.00137103	145
0.166	0.000458741	0.000458741	0.000458741	0.000458741	143
0.167	0.000741333	0.000741333	0.000741333	0.000741333	150
0.168	-0.000525967	-0.000525967	-0.000525967	-0.000525967	181
0.169	0.00118209	0.00118209	0.00118209	0.00118209	134
0.17	0.00147143	0.00147143	0.00147143	0.00147143	140
0.171	0.00335765	0.00335765	0.00335765	0.00335765	170
0.172	0.00170488	0.00170488	0.00170488	0.00170488	164
0.173	-0.000185621	-0.000185621	-0.000185621	-0.000185621	153
0.174	0.00562484	0.00562484	0.00562484	0.00562484	161
0.175	0.00154667	0.00154667	0.00154667	0.00154667	165
0.176	0.00222968	0.00222968	0.00222968	0.00222968	155
0.177	0.00469935	0.00469935	0.00469935	0.00469935	155
0.178	0.000366667	0.000366667	0.000366667	0.000366667	132
0.179	0.00254305	0.00254305	0.00254305	0.00254305	151
0.18	0.00120258	0.00120258	0.00120258	0.00120258	155
0.181	0.000258333	0.000258333	0.000258333	0.000258333	144
0.182	0.00117313	0.00117313	0.00117313	0.00117313	134
0.183	-0.0019	-0.0019	-0.0019	-0.0019	136
0.184	0.00156706	0.00156706	0.00156706	0.00156706	170
0.185	0.00153631	0.00153631	0.00153631	0.00153631	157
0.186	-0.00171343	-0.00171343	-0.00171343	-0.00171343	134
0.187	0.00280795	0.00280795	0.00280795	0.00280795	151
0.188	-0.000428986	-0.000428986	-0.000428986	-0.000428986	138
0.189	0.000299338	0.000299338	0.000299338	0.000299338	151
0.19	-3.97163e-05	-3.97163e-05	-3.97163e-05	-3.97163e-05	141
0.191	-0.00139866	-0.00139866	-0.00139866	-0.00139866	149
0.192	-0.00128608	-0.00128608	-0.00128608	-0.00128608	158
0.193	-0.00148718	-0.00148718	-0.00148718	-0.00148718	156
0.194	-0.000596532	-0.000596532	-0.000596532	-0.000596532	173
0.195	-0.000557377	-0.000557377	-0.000557377	-0.000557377	183
0.196	0.000551163	0.000551163	0.000551163	0.000551163	172
0.197	-0.000762791	-0.000762791	-0.000762791	-0.000762791	172
0.198	-0.000525	-0.000525	-0.000525	-0.000525	176
0.199	-0.000302381	-0.000302381	-0.000302381	-0.000302381	168
0.2	-0.000955396	-0.000955396	-0.000955396	-0.000955396	139
0.201	0.00221104	0.00221104	0.00221104	0.00221104	163
0.202	-0.0012225	-0.0012225	-0.0012225	-0.0012225	160
0.203	-0.00166061	-0.00166061	-0.00166061	-0.00166061	165
0.204	-0.00199024	-0.00199024	-0.00199024	-0.00199024	164
0.205	0.000245614	0.000245614	0.000245614	0.000245614	171
0.206	-0.000688889	-0.000688889	-0.000688889	-0.000688889	162
0.207	-0.00085641	-0.00085641	-0.00085641	-0.00085641	156
0.208	0.00208485	0.00208485	0.00208485	0.00208485	165
0.209	2.96296e-05	2.96296e-05	2.96296e-05	2.96296e-05	135
0.21	-0.00268323	-0.00268323	-0.00268323	-0.00268323	161
0.211	0.000353247	0.000353247	0.000353247	0.000353247	154
0.212	-0.00127939	-0.00127939	-0.00127939	-0.00127939	131
0.213	0.000297931	0.000297931	0.000297931	0.000297931	145
0.214	-0.00153083	-0.00153083	-0.00153083	-0.00153083	133
0.215	-0.00115683	-0.00115683	-0.00115683	-0.00115683	139
0.216	0.000813986	0.000813986	0.000813986	0.000813986	143
0.217	-0.0013503	-0.0013503	-0.0013503	-0.0013503	165
0.218	-0.00177371	-0.00177371	-0.00177371	-0.00177371	175
0.219	-0.000787421	-0.000787421	-0.000787421	-0.000787421	159
0.22	0.000131507	0.000131507	0.000131507	0.000131507	146
0.221	0.000760526	0.000760526	0.000760526	0.000760526	152
0.222	0.000172455	0.000172455	0.000172455	0.000172455	167
0.223	0.00150986	0.00150986	0.00150986	0.00150986	142
0.224	-0.000291892	-0.000291892	-0.000291892	-0.000291892	148
0.225	0.00110149	0.00110149	0.00110149	0.00110149	134
0.226	0.00201931	0.00201931	0.00201931	0.00201931	145
0.227	-0.00111407	-0.00111407	-0.00111407	-0.00111407	135
0.228	-0.000433735	-0.000433735	-0.000433735	-0.000433735	166
0.229	0.00246494	0.00246494	0.00246494	0.00246494	154
0.23	0.00196279	0.00196279	0.00196279	0.00196279	172
0.231	0.000310559	0.000310559	0.000310559	0.000310559	161
0.232	-0.000477419	-0.000477419	-0.000477419	-0.000477419	155
0.233	0.00427974	0.00427974	0.00427974	0.00427974	153
0.234	0.00479708	0.00479708	0.00479708	0.00479708	137
0.235	-0.00060678	-0.00060678	-0.00060678	-0.00060678	118
0.236	0.00191831	0.00191831	0.00191831	0.00191831	142
0.237	-0.000284967	-0.000284967	-0.000284967	-0.000284967	153
0.238	0.000744737	0.000744737	0.000744737	0.000744737	152
0.239	-0.000718841	-0.000718841	-0.000718841	-0.000718841	138
0.24	-0.000241322	-0.000241322	-0.000241322	-0.000241322	121
0.241	0.000288112	0.000288112	0.000288112	0.000288112	143
0.242	0.00269669	0.00269669	0.00269669	0.00269669	151
0.243	0.000691971	0.000691971	0.000691971	0.000691971	137
0.244	0.000314706	0.000314706	0.000314706	0.000314706	136
0.245	0.000740541	0.000740541	0.000740541	0.000740541	148
0.246	0.000867176	0.000867176	0.000867176	0.000867176	131
0.247	-0.000918033	-0.000918033	-0.000918033	-0.000918033	122
0.248	0.000510067	0.000510067	0.000510067	0.000510067	149
0.249	0.00276716	0.00276716	0.00276716	0.00276716	134
0.25	-0.000751515	-0.000751515	-0.000751515	-0.000751515	132
0.251	0.000329771	0.000329771	0.000329771	0.000329771	131
0.252	-0.00158889	-0.00158889	-0.00158889	-0.00158889	144
0.253	-0.000214815	-0.000214815	-0.000214815	-0.000214815	162
0.254	-0.000632911	-0.000632911	-0.000632911	-0.000632911	158
0.255	-0.00154474	-0.00154474	-0.00154474	-0.00154474	152
0.256	-0.000736111	-0.000736111	-0.000736111	-0.000736111	144
0.257	-0.000571014	-0.000571014	-0.000571014	-0.000571014	138
0.258	0.0017211	0.0017211	0.0017211	0.0017211	109
0.259	0.000656	0.000656	0.000656	0.000656	125
0.26	0.00116899	0.00116899	0.00116899	0.00116899	129
0.261	0.00119633	0.00119633	0.00119633	0.00119633	109
0.262	0.00117025	0.00117025	0.00117025	0.00117025	121
0.263	0.00229333	0.00229333	0.00229333	0.00229333	120
0.264	-1.53846e-05	-1.53846e-05	-1.53846e-05	-1.53846e-05	104
0.265	0.00196148	0.00196148	0.00196148	0.00196148	135
0.266	-0.000663768	-0.000663768	-0.000663768	-0.000663768	138
0.267	0.0011913	0.0011913	0.0011913	0.0011913	138
0.268	0.0012568	0.0012568	0.0012568	0.0012568	169
0.269	-0.00085974	-0.00085974	-0.00085974	-0.00085974	154
0.27	0.00298788	0.00298788	0.00298788	0.00298788	132
0.271	0.00156857	0.00156857	0.00156857	0.00156857	140
0.272	0.00225366	0.00225366	0.00225366	0.00225366	123
0.273	-0.00167273	-0.00167273	-0.00167273	-0.00167273	132
0.274	0.00338769	0.00338769	0.00338769	0.00338769	130
0.275	0.00467114	0.00467114	0.00467114	0.00467114	149
0.276	0.0014042	0.0014042	0.0014042	0.0014042	143
0.277	0.00410513	0.00410513	0.00410513	0.00410513	156
0.278	0.00380941	0.00380941	0.00380941	0.00380941	170
0.279	0.00541955	0.00541955	0.00541955	0.00541955	133
0.28	0.000354472	0.000354472	0.000354472	0.000354472	123
0.281	0.00110886	0.00110886	0.00110886	0.00110886	158
0.282	0.00420146	0.00420146	0.00420146	0.00420146	137
0.283	0.00233333	0.00233333	0.00233333	0.00233333	132
0.284	0.00332698	0.00332698	0.00332698	0.00332698	126
0.285	0.00223333	0.00223333	0.00223333	0.00223333	144
0.286	0.00435556	0.00435556	0.00435556	0.00435556	126
0.287	0.00268649	0.00268649	0.00268649	0.00268649	148
0.288	0.00261656	0.00261656	0.00261656	0.00261656	157
0.289	0.000823684	0.000823684	0.000823684	0.000823684	152
0.29	0.00396232	0.00396232	0.00396232	0.00396232	138
0.291	0.00111608	0.00111608	0.00111608	0.00111608	143
0.292	0.00261944	0.00261944	0.00261944	0.00261944	144
0.293	-0.00048227	-0.00048227	-0.00048227	-0.00048227	141
0.294	-0.000427027	-0.000427027	-0.000427027	-0.000427027	148
0.295	0.00245797	0.00245797	0.00245797	0.00245797	138
0.296	0.00172	0.00172	0.00172	0.00172	140
0.297	0.000265789	0.000265789	0.000265789	0.000265789	152
0.298	0.000950318	0.000950318	0.000950318	0.000950318	157
0.299	-0.000681579	-0.000681579	-0.000681579	-0.000681579	152
0.3	0.000356818	0.000356818	0.000356818	0.000356818	176
0.301	-0.00213882	-0.00213882	-0.00213882	-0.00213882	170
0.302	-0.000225641	-0.000225641	-0.000225641	-0.000225641	156
0.303	-0.000609639	-0.000609639	-0.000609639	-0.000609639	166
0.304	-0.00203636	-0.00203636	-0.00203636	-0.00203636	165
0.305	-0.00111011	-0.00111011	-0.00111011	-0.00111011	178
0.306	0.00174964	0.00174964	0.00174964	0.00174964	139
0.307	0.000156923	0.000156923	0.000156923	0.000156923	130
0.308	-0.000566929	-0.000566929	-0.000566929	-0.000566929	127
0.309	-0.000553846	-0.000553846	-0.000553846	-0.000553846	117
0.31	-0.00222182	-0.00222182	-0.00222182	-0.00222182	110
0.311	-0.00245455	-0.00245455	-0.00245455	-0.00245455	110
0.312	-0.000248101	-0.000248101	-0.000248101	-0.000248101	158
0.313	-0.000390164	-0.000390164	-0.000390164	-0.000390164	122
0.314	0.000725373	0.000725373	0.000725373	0.000725373	134
0.315	-0.0010209	-0.0010209	-0.0010209	-0.0010209	134
0.316	0.000319463	0.000319463	0.000319463	0.000319463	149
0.317	-4.96732e-05	-4.96732e-05	-4.96732e-05	-4.96732e-05	153
0.318	0.00234014	0.00234014	0.00234014	0.00234014	147
0.319	0.00128944	0.00128944	0.00128944	0.00128944	161
0.32	-5.12821e-06	-5.12821e-06	-5.12821e-06	-5.12821e-06	156
0.321	-0.00189367	-0.00189367	-0.00189367	-0.00189367	158
0.322	0.00139871	0.00139871	0.00139871	0.00139871	155
0.323	-0.000611111	-0.000611111	-0.000611111	-0.000611111	144
0.324	0.000244248	0.000244248	0.000244248	0.000244248	113
0.325	-0.00156418	-0.00156418	-0.00156418	-0.00156418	134
0.326	0.00208496	0.00208496	0.00208496	0.00208496	113
0.327	0.00123667	0.00123667	0.00123667	0.00123667	120
0.328	-0.00248552	-0.00248552	-0.00248552	-0.00248552	145
0.329	-0.000339823	-0.000339823	-0.000339823	-0.000339823	113
0.33	-0.00114444	-0.00114444	-0.00114444	-0.00114444	144
0.331	-0.00318049	-0.00318049	-0.00318049	-0.00318049	123
0.332	-0.00102556	-0.00102556	-0.00102556	-0.00102556	133
0.333	-0.00250803	-0.00250803	-0.00250803	-0.00250803	137
0.334	-0.00136058	-0.00136058	-0.00136058	-0.00136058	137
0.335	-0.000223881	-0.000223881	-0.000223881	-0.000223881	134
0.336	-0.000308861	-0.000308861	-0.000308861	-0.000308861	158
0.337	0.00244058	0.00244058	0.00244058	0.00244058	138
0.338	0.00236748	0.00236748	0.00236748	0.00236748	123
0.339	0.00621714	0.00621714	0.00621714	0.00621714	140
0.34	0.00230538	0.00230538	0.00230538	0.00230538	186
0.341	0.00225319	0.00225319	0.00225319	0.00225319	188
0.342	0.00223172	0.00223172	0.00223172	0.00223172	145
0.343	-0.00139152	-0.00139152	-0.00139152	-0.00139152	165
0.344	-0.000813986	-0.000813986	-0.000813986	-0.000813986	143
0.345	0.00179237	0.00179237	0.00179237	0.00179237	131
0.346	0.00536389	0.00536389	0.00536389	0.00536389	144
0.347	-0.0013641	-0.0013641	-0.0013641	-0.0013641	156
0.348	0.00120497	0.00120497	0.00120497	0.00120497	161
0.349	-9.6124e-05	-9.6124e-05	-9.6124e-05	-9.6124e-05	129
0.35	0.00160816	0.00160816	0.00160816	0.00160816	147
0.351	0.00106909	0.00106909	0.00106909	0.00106909	110
0.352	-0.000744715	-0.000744715	-0.000744715	-0.000744715	123
0.353	0.0009536	0.0009536	0.0009536	0.0009536	125
0.354	0.000670968	0.000670968	0.000670968	0.000670968	124
0.355	0.00210149	0.00210149	0.00210149	0.00210149	134
0.356	-0.000493151	-0.000493151	-0.000493151	-0.000493151	146
0.357	-0.00240301	-0.00240301	-0.00240301	-0.00240301	133
0.358	-0.000310078	-0.000310078	-0.000310078	-0.000310078	129
0.359	0.00173525	0.00173525	0.00173525	0.00173525	139
0.36	0.000790062	0.000790062	0.000790062	0.000790062	161
0.361	0.00138554	0.00138554	0.00138554	0.00138554	166
0.362	-0.000128358	-0.000128358	-0.000128358	-0.000128358	134
0.363	-0.00121198	-0.00121198	-0.00121198	-0.00121198	167
0.364	0.00043787	0.00043787	0.00043787	0.00043787	169
0.365	0.000175676	0.000175676	0.000175676	0.000175676	148
0.366	0.00292713	0.00292713	0.00292713	0.00292713	129
0.367	0.00106939	0.00106939	0.00106939	0.00106939	147
0.368	-0.000505128	-0.000505128	-0.000505128	-0.000505128	156
0.369	0.00232756	0.00232756	0.00232756	0.00232756	127
0.37	0.00216894	0.00216894	0.00216894	0.00216894	161
0.371	0.00484932	0.00484932	0.00484932	0.00484932	146
0.372	0.00143158	0.00143158	0.00143158	0.00143158	133
0.373	0.00120755	0.00120755	0.00120755	0.00120755	159
0.374	0.00125079	0.00125079	0.00125079	0.00125079	126
0.375	0.000535897	0.000535897	0.000535897	0.000535897	156
0.376	0.00171169	0.00171169	0.00171169	0.00171169	154
0.377	0.00140488	0.00140488	0.00140488	0.00140488	123
0.378	-9.47368e-05	-9.47368e-05	-9.47368e-05	-9.47368e-05	114
0.379	-0.0014789	-0.0014789	-0.0014789	-0.0014789	109
0.38	0.00127484	0.00127484	0.00127484	0.00127484	155
0.381	0.00273506	0.00273506	0.00273506	0.00273506	154
0.382	-0.000631847	-0.000631847	-0.000631847	-0.000631847	157
0.383	0.0012812	0.0012812	0.0012812	0.0012812	133
0.384	0.000904698	0.000904698	0.000904698	0.000904698	149
0.385	0.000838462	0.000838462	0.000838462	0.000838462	156
0.386	-0.00168819	-0.00168819	-0.00168819	-0.00168819	127
0.387	-0.000746099	-0.000746099	-0.000746099	-0.000746099	141
0.388	-0.00183946	-0.00183946	-0.00183946	-0.00183946	147
0.389	-0.000716547	-0.000716547	-0.000716547	-0.000716547	139
0.39	0.00200661	0.00200661	0.00200661	0.00200661	121
0.391	-9.18519e-05	-9.18519e-05	-9.18519e-05	-9.18519e-05	135
0.392	-0.000869799	-0.000869799	-0.000869799	-0.000869799	149
0.393	0.000726761	0.000726761	0.000726761	0.000726761	142
0.394	-0.00210612	-0.00210612	-0.00210612	-0.00210612	147
0.395	-0.00122017	-0.00122017	-0.00122017	-0.00122017	119
0.396	-0.00189714	-0.00189714	-0.00189714	-0.00189714	140
0.397	-0.0011619	-0.0011619	-0.0011619	-0.0011619	147
0.398	-0.0018336	-0.0018336	-0.0018336	-0.0018336	125
0.399	0.000661417	0.000661417	0.000661417	0.000661417	127
0.4	-0.000751773	-0.000751773	-0.000751773	-0.000751773	141
0.401	-0.00180256	-0.00180256	-0.00180256	-0.00180256	156
0.402	-0.00223077	-0.00223077	-0.00223077	-0.00223077	156
0.403	-0.000384713	-0.000384713	-0.000384713	-0.000384713	157
0.404	-0.000707937	-0.000707937	-0.000707937	-0.000707937	126
0.405	-0.000868148	-0.000868148	-0.000868148	-0.000868148	135
0.406	4.50704e-05	4.50704e-05	4.50704e-05	4.50704e-05	142
0.407	0.0032	0.0032	0.0032	0.0032	135
0.408	0.00130861	0.00130861	0.00130861	0.00130861	151
0.409	0.00154702	0.00154702	0.00154702	0.00154702	151
0.41	0.00174069	0.00174069	0.00174069	0.00174069	145
0.411	-0.000103125	-0.000103125	-0.000103125	-0.000103125	128
0.412	-0.00054359	-0.00054359	-0.00054359	-0.00054359	156
0.413	-0.000196648	-0.000196648	-0.000196648	-0.000196648	179
0.414	-0.00065034	-0.00065034	-0.00065034	-0.00065034	147
0.415	0.00137032	0.00137032	0.00137032	0.00137032	155
0.416	0.000546512	0.000546512	0.000546512	0.000546512	172
0.417	0.000208284	0.000208284	0.000208284	0.000208284	169
0.418	-0.0009	-0.0009	-0.0009	-0.0009	156
0.419	-4.90798e-05	-4.90798e-05	-4.90798e-05	-4.90798e-05	163
0.42	0.000802273	0.000802273	0.000802273	0.000802273	176
0.421	0.00126747	0.00126747	0.00126747	0.00126747	166
0.422	0.00132565	0.00132565	0.00132565	0.00132565	191
0.423	-0.000163636	-0.000163636	-0.000163636	-0.000163636	154
0.424	0.000310791	0.000310791	0.000310791	0.000310791	139
0.425	-0.00282105	-0.00282105	-0.00282105	-0.00282105	133
0.426	0.00018125	0.00018125	0.00018125	0.00018125	128
0.427	-0.00197209	-0.00197209	-0.00197209	-0.00197209	129
0.428	0.000255782	0.000255782	0.000255782	0.000255782	147
0.429	0.000198621	0.000198621	0.000198621	0.000198621	145
0.43	0.00137518	0.00137518	0.00137518	0.00137518	137
0.431	-0.000898361	-0.000898361	-0.000898361	-0.000898361	122
0.432	-0.0024475	-0.0024475	-0.0024475	-0.0024475	160
0.433	-0.0029303	-0.0029303	-0.0029303	-0.0029303	132
0.434	0.00129587	0.00129587	0.00129587	0.00129587	121
0.435	-0.00196336	-0.00196336	-0.00196336	-0.00196336	131
0.436	-0.0024	-0.0024	-0.0024	-0.0024	139
0.437	-0.0004	-0.0004	-0.0004	-0.0004	121
0.438	0.00140901	0.00140901	0.00140901	0.00140901	111
0.439	0.0012087	0.0012087	0.0012087	0.0012087	138
0.44	-0.000363333	-0.000363333	-0.000363333	-0.000363333	120
0.441	0.0007232	0.0007232	0.0007232	0.0007232	125
0.442	-0.00135856	-0.00135856	-0.00135856	-0.00135856	111
0.443	0.00159701	0.00159701	0.00159701	0.00159701	134
0.444	-5.23077e-05	-5.23077e-05	-5.23077e-05	-5.23077e-05	130
0.445	-0.000876667	-0.000876667	-0.000876667	-0.000876667	120
0.446	0.00122393	0.00122393	0.00122393	0.00122393	117
0.447	-0.000136752	-0.000136752	-0.000136752	-0.000136752	117
0.448	0.00231193	0.00231193	0.00231193	0.00231193	109
0.449	-0.00028	-0.00028	-0.00028	-0.00028	140
0.45	-0.00127397	-0.00127397	-0.00127397	-0.00127397	146
0.451	-0.000494309	-0.000494309	-0.000494309	-0.000494309	123
0.452	-0.000663415	-0.000663415	-0.000663415	-0.000663415	123
0.453	-0.000528571	-0.000528571	-0.000528571	-0.000528571	140
0.454	-0.0014425	-0.0014425	-0.0014425	-0.0014425	160
0.455	-0.00188176	-0.00188176	-0.00188176	-0.00188176	159
0.456	-0.000954248	-0.000954248	-0.000954248	-0.000954248	153
0.457	0.00260915	0.00260915	0.00260915	0.00260915	153
0.458	-9.80132e-05	-9.80132e-05	-9.80132e-05	-9.80132e-05	151
0.459	-0.00112911	-0.00112911	-0.00112911	-0.00112911	158
0.46	-0.000310256	-0.000310256	-0.000310256	-0.000310256	156
0.461	0.000804848	0.000804848	0.000804848	0.000804848	165
0.462	-0.00157534	-0.00157534	-0.00157534	-0.00157534	146
0.463	0.00113129	0.00113129	0.00113129	0.00113129	163
0.464	0.0031013	0.0031013	0.0031013	0.0031013	154
0.465	0.00258839	0.00258839	0.00258839	0.00258839	155
0.466	-0.00184762	-0.00184762	-0.00184762	-0.00184762	126
0.467	0.000665772	0.000665772	0.000665772	0.000665772	149
0.468	-0.00216765	-0.00216765	-0.00216765	-0.00216765	136
0.469	-0.000443077	-0.000443077	-0.000443077	-0.000443077	130
0.47	-0.000686179	-0.000686179	-0.000686179	-0.000686179	123
0.471	0.00126957	0.00126957	0.00126957	0.00126957	115
0.472	0.000645669	0.000645669	0.000645669	0.000645669	127
0.473	0.00324151	0.00324151	0.00324151	0.00324151	106
0.474	0.00212121	0.00212121	0.00212121	0.00212121	132
0.475	0.00274016	0.00274016	0.00274016	0.00274016	127
0.476	-1.36752e-05	-1.36752e-05	-1.36752e-05	-1.36752e-05	117
0.477	0.00207246	0.00207246	0.00207246	0.00207246	138
0.478	0.00272113	0.00272113	0.00272113	0.00272113	142
0.479	-0.000520548	-0.000520548	-0.000520548	-0.000520548	146
0.48	0.000187692	0.000187692	0.000187692	0.000187692	130
0.481	-0.000769231	-0.000769231	-0.000769231	-0.000769231	143
0.482	0.0011964	0.0011964	0.0011964	0.0011964	111
0.483	-0.000606818	-0.000606818	-0.000606818	-0.000606818	176
0.484	0.000826316	0.000826316	0.000826316	0.000826316	152
0.485	-0.00123611	-0.00123611	-0.00123611	-0.00123611	144
0.486	-0.000746667	-0.000746667	-0.000746667	-0.000746667	120
0.487	-0.0018557	-0.0018557	-0.0018557	-0.0018557	158
0.488	-0.00160274	-0.00160274	-0.00160274	-0.00160274	146
0.489	0.000110811	0.000110811	0.000110811	0.000110811	148
0.49	-0.00117962	-0.00117962	-0.00117962	-0.00117962	157
0.491	-0.000533333	-0.000533333	-0.000533333	-0.000533333	162
0.492	-0.00165033	-0.00165033	-0.00165033	-0.00165033	151
0.493	-0.00134328	-0.00134328	-0.00134328	-0.00134328	134
0.494	-0.00160982	-0.00160982	-0.00160982	-0.00160982	163
0.495	0.00275882	0.00275882	0.00275882	0.00275882	136
0.496	-0.0036425	-0.0036425	-0.0036425	-0.0036425	160
0.497	-0.0020438	-0.0020438	-0.0020438	-0.0020438	137
0.498	-0.00135603	-0.00135603	-0.00135603	-0.00135603	141
0.499	-0.000644275	-0.000644275	-0.000644275	-0.000644275	131
0.5	-0.000318033	-0.000318033	-0.000318033	-0.000318033	122
0.501	0.00231692	0.00231692	0.00231692	0.00231692	130
0.502	0.000457143	0.000457143	0.000457143	0.000457143	126
0.503	-0.000730159	-0.000730159	-0.000730159	-0.000730159	126
0.504	0.000895122	0.000895122	0.000895122	0.000895122	164
0.505	6.07143e-05	6.07143e-05	6.07143e-05	6.07143e-05	112
0.506	9.6e-05	9.6e-05	9.6e-05	9.6e-05	125
0.507	0.0013986	0.0013986	0.0013986	0.0013986	143
0.508	0.00154795	0.00154795	0.00154795	0.00154795	146
0.509	0.00166614	0.00166614	0.00166614	0.00166614	127
0.51	0.00241655	0.00241655	0.00241655	0.00241655	145
0.511	-0.000367164	-0.000367164	-0.000367164	-0.000367164	134
0.512	-0.000652941	-0.000652941	-0.000652941	-0.000652941	136
0.513	-0.000821212	-0.000821212	-0.000821212	-0.000821212	132
0.514	0.00314904	0.00314904	0.00314904	0.00314904	157
0.515	0.00197183	0.00197183	0.00197183	0.00197183	142
0.516	-0.00115854	-0.00115854	-0.00115854	-0.00115854	164
0.517	-0.000436879	-0.000436879	-0.000436879	-0.000436879	141
0.518	-0.00106395	-0.00106395	-0.00106395	-0.00106395	147
0.519	-0.000271642	-0.000271642	-0.000271642	-0.000271642	134
0.52	0.00240588	0.00240588	0.00240588	0.00240588	136
0.521	0.00115616	0.00115616	0.00115616	0.00115616	146
0.522	0.0036	0.0036	0.0036	0.0036	117
0.523	-0.000770588	-0.000770588	-0.000770588	-0.000770588	136
0.524	0.00347273	0.00347273	0.00347273	0.00347273	176
0.525	0.000326797	0.000326797	0.000326797	0.000326797	153
0.526	4.28571e-05	4.28571e-05	4.28571e-05	4.28571e-05	140
0.527	0.000238849	0.000238849	0.000238849	0.000238849	139
0.528	0.00153243	0.00153243	0.00153243	0.00153243	148
0.529	0.00134088	0.00134088	0.00134088	0.00134088	159
0.53	0.000717419	0.000717419	0.000717419	0.000717419	155
0.531	5.59441e-05	5.59441e-05	5.59441e-05	5.59441e-05	143
0.532	0.000535099	0.000535099	0.000535099	0.000535099	151
0.533	0.00187945	0.00187945	0.00187945	0.00187945	146
0.534	0.000956522	0.000956522	0.000956522	0.000956522	161
0.535	0.00277632	0.00277632	0.00277632	0.00277632	152
0.536	0.00228065	0.00228065	0.00228065	0.00228065	124
0.537	0.000885106	0.000885106	0.000885106	0.000885106	141
0.538	0.00441307	0.00441307	0.00441307	0.00441307	153
0.539	0.00225736	0.00225736	0.00225736	0.00225736	129
0.54	0.00012028	0.00012028	0.00012028	0.00012028	143
0.541	0.00196207	0.00196207	0.00196207	0.00196207	116
0.542	-0.00171163	-0.00171163	-0.00171163	-0.00171163	129
0.543	0.00172727	0.00172727	0.00172727	0.00172727	132
0.544	-0.00114474	-0.00114474	-0.00114474	-0.00114474	152
0.545	-0.00143206	-0.00143206	-0.00143206	-0.00143206	131
0.546	-0.00133529	-0.00133529	-0.00133529	-0.00133529	136
0.547	-0.0004	-0.0004	-0.0004	-0.0004	139
0.548	-0.000132432	-0.000132432	-0.000132432	-0.000132432	148
0.549	0.00294154	0.00294154	0.00294154	0.00294154	130
0.55	0.000306667	0.000306667	0.000306667	0.000306667	120
0.551	0.00179355	0.00179355	0.00179355	0.00179355	124
0.552	0.0027616	0.0027616	0.0027616	0.0027616	125
0.553	0.004	0.004	0.004	0.004	116
0.554	-0.000579104	-0.000579104	-0.000579104	-0.000579104	134
0.555	0.00285035	0.00285035	0.00285035	0.00285035	143
0.556	0.00101679	0.00101679	0.00101679	0.00101679	131
0.557	0.000342857	0.000342857	0.000342857	0.000342857	133
0.558	0.00292812	0.00292812	0.00292812	0.00292812	128
0.559	-0.000434646	-0.000434646	-0.000434646	-0.000434646	127
0.56	0.0013984	0.0013984	0.0013984	0.0013984	125
0.561	0.00190957	0.00190957	0.00190957	0.00190957	115
0.562	0.00150604	0.00150604	0.00150604	0.00150604	149
0.563	0.00334865	0.00334865	0.00334865	0.00334865	148
0.564	0.000684615	0.000684615	0.000684615	0.000684615	156
0.565	0.00159728	0.00159728	0.00159728	0.00159728	147
0.566	0.000990361	0.000990361	0.000990361	0.000990361	166
0.567	0.000813699	0.000813699	0.000813699	0.000813699	146
0.568	0.00129778	0.00129778	0.00129778	0.00129778	135
0.569	-0.00126053	-0.00126053	-0.00126053	-0.00126053	152
0.57	0.000846715	0.000846715	0.000846715	0.000846715	137
0.571	0.00037931	0.00037931	0.00037931	0.00037931	116
0.572	-7.27273e-05	-7.27273e-05	-7.27273e-05	-7.27273e-05	121
0.573	0.00301587	0.00301587	0.00301587	0.00301587	126
0.574	0.002192	0.002192	0.002192	0.002192	125
0.575	0.00272973	0.00272973	0.00272973	0.00272973	148
0.576	0.000280597	0.000280597	0.000280597	0.000280597	134
0.577	0.000605479	0.000605479	0.000605479	0.000605479	146
0.578	0.00258599	0.00258599	0.00258599	0.00258599	157
0.579	0.00078806	0.00078806	0.00078806	0.00078806	134
0.58	0.00427914	0.00427914	0.00427914	0.00427914	139
0.581	0.00432615	0.00432615	0.00432615	0.00432615	130
0.582	0.002016	0.002016	0.002016	0.002016	150
0.583	0.0032384	0.0032384	0.0032384	0.0032384	125
0.584	-0.000221538	-0.000221538	-0.000221538	-0.000221538	130
0.585	0.000691429	0.000691429	0.000691429	0.000691429	140
0.586	0.00210175	0.00210175	0.00210175	0.00210175	114
0.587	-0.00048	-0.00048	-0.00048	-0.00048	135
0.588	-0.00143944	-0.00143944	-0.00143944	-0.00143944	142
0.589	0.00064186	0.00064186	0.00064186	0.00064186	129
0.59	0.00122238	0.00122238	0.00122238	0.00122238	143
0.591	0.00034386	0.00034386	0.00034386	0.00034386	114
0.592	0.0037863	0.0037863	0.0037863	0.0037863	146
0.593	-8.64865e-05	-8.64865e-05	-8.64865e-05	-8.64865e-05	148
0.594	0.00244	0.00244	0.00244	0.00244	140
0.595	0.00302517	0.00302517	0.00302517	0.00302517	151
0.596	-0.000388811	-0.000388811	-0.000388811	-0.000388811	143
0.597	-0.00140719	-0.00140719	-0.00140719	-0.00140719	139
0.598	0.00012766	0.00012766	0.00012766	0.00012766	141
0.599	0.00174815	0.00174815	0.00174815	0.00174815	162
0.6	-0.000732308	-0.000732308	-0.000732308	-0.000732308	130
0.601	0.0021575	0.0021575	0.0021575	0.0021575	160
0.602	0.00273907	0.00273907	0.00273907	0.00273907	151
0.603	0.00059562	0.00059562	0.00059562	0.00059562	137
0.604	0.0008192	0.0008192	0.0008192	0.0008192	125
0.605	0.00234684	0.00234684	0.00234684	0.00234684	158
0.606	0.00105263	0.00105263	0.00105263	0.00105263	133
0.607	-0.00115942	-0.00115942	-0.00115942	-0.00115942	138
0.608	0.0007	0.0007	0.0007	0.0007	128
0.609	-0.00138904	-0.00138904	-0.00138904	-0.00138904	146
0.61	0.000139007	0.000139007	0.000139007	0.000139007	141
0.611	-0.00325882	-0.00325882	-0.00325882	-0.00325882	136
0.612	0.00310252	0.00310252	0.00310252	0.00310252	119
0.613	0.00207304	0.00207304	0.00207304	0.00207304	115
0.614	0.00210488	0.00210488	0.00210488	0.00210488	164
0.615	0.000541463	0.000541463	0.000541463	0.000541463	164
0.616	0.000380556	0.000380556	0.000380556	0.000380556	144
0.617	-0.000442553	-0.000442553	-0.000442553	-0.000442553	141
0.618	-0.00159636	-0.00159636	-0.00159636	-0.00159636	110
0.619	-0.000554667	-0.000554667	-0.000554667	-0.000554667	150
0.62	0.000538129	0.000538129	0.000538129	0.000538129	139
0.621	-0.00121622	-0.00121622	-0.00121622	-0.00121622	148
0.622	1.32597e-05	1.32597e-05	1.32597e-05	1.32597e-05	181
0.623	0.000360248	0.000360248	0.000360248	0.000360248	161
0.624	0.00235422	0.00235422	0.00235422	0.00235422	166
0.625	0.00202892	0.00202892	0.00202892	0.00202892	166
0.626	0.00192754	0.00192754	0.00192754	0.00192754	138
0.627	1.3986e-05	1.3986e-05	1.3986e-05	1.3986e-05	143
0.628	0.00261867	0.00261867	0.00261867	0.00261867	150
0.629	0.00107595	0.00107595	0.00107595	0.00107595	158
0.63	0.000906494	0.000906494	0.000906494	0.000906494	154
0.631	0.00244935	0.00244935	0.00244935	0.00244935	154
0.632	0.0033363	0.0033363	0.0033363	0.0033363	135
0.633	0.00387516	0.00387516	0.00387516	0.00387516	157
0.634	0.00164885	0.00164885	0.00164885	0.00164885	131
0.635	0.00100719	0.00100719	0.00100719	0.00100719	139
0.636	0.00139346	0.00139346	0.00139346	0.00139346	153
0.637	0.000218919	0.000218919	0.000218919	0.000218919	148
0.638	0.00102138	0.00102138	0.00102138	0.00102138	159
0.639	-0.000715232	-0.000715232	-0.000715232	-0.000715232	151
0.64	0.000290503	0.000290503	0.000290503	0.000290503	179
0.641	-6.38037e-05	-6.38037e-05	-6.38037e-05	-6.38037e-05	163
0.642	-0.00179021	-0.00179021	-0.00179021	-0.00179021	143
0.643	0.00066383	0.00066383	0.00066383	0.00066383	141
0.644	0.00012349	0.00012349	0.00012349	0.00012349	149
0.645	-8.97959e-05	-8.97959e-05	-8.97959e-05	-8.97959e-05	147
0.646	0.00053986	0.00053986	0.00053986	0.00053986	143
0.647	-0.000896386	-0.000896386	-0.000896386	-0.000896386	166
0.648	0.000832877	0.000832877	0.000832877	0.000832877	146
0.649	0.000514783	0.000514783	0.000514783	0.000514783	115
0.65	0.00247719	0.00247719	0.00247719	0.00247719	114
0.651	-0.00195489	-0.00195489	-0.00195489	-0.00195489	133
0.652	0.000679412	0.000679412	0.000679412	0.000679412	136
0.653	-0.0006496	-0.0006496	-0.0006496	-0.0006496	125
0.654	-0.00166133	-0.00166133	-0.00166133	-0.00166133	150
0.655	0.00331871	0.00331871	0.00331871	0.00331871	155
0.656	0.00143262	0.00143262	0.00143262	0.00143262	141
0.657	0.00191293	0.00191293	0.00191293	0.00191293	147
0.658	-0.00127152	-0.00127152	-0.00127152	-0.00127152	151
0.659	0.000278481	0.000278481	0.000278481	0.000278481	158
0.66	0.000608219	0.000608219	0.000608219	0.000608219	146
0.661	0.00233741	0.00233741	0.00233741	0.00233741	147
0.662	0.0015669	0.0015669	0.0015669	0.0015669	145
0.663	0.00355128	0.00355128	0.00355128	0.00355128	156
0.664	0.00358195	0.00358195	0.00358195	0.00358195	133
0.665	0.00154161	0.00154161	0.00154161	0.00154161	137
0.666	-0.003525	-0.003525	-0.003525	-0.003525	144
0.667	-0.000190604	-0.000190604	-0.000190604	-0.000190604	149
0.668	-0.0037873	-0.0037873	-0.0037873	-0.0037873	126
0.669	-0.00169078	-0.00169078	-0.00169078	-0.00169078	141
0.67	-0.000295775	-0.000295775	-0.000295775	-0.000295775	142
0.671	-0.00137622	-0.00137622	-0.00137622	-0.00137622	143
0.672	0.000490323	0.000490323	0.000490323	0.000490323	124
0.673	0.00201043	0.00201043	0.00201043	0.00201043	115
0.674	-0.000892562	-0.000892562	-0.000892562	-0.000892562	121
0.675	0.000684298	0.000684298	0.000684298	0.000684298	121
0.676	-0.000120548	-0.000120548	-0.000120548	-0.000120548	146
0.677	-5.49618e-05	-5.49618e-05	-5.49618e-05	-5.49618e-05	131
0.678	0.00300274	0.00300274	0.00300274	0.00300274	146
0.679	0.000188387	0.000188387	0.000188387	0.000188387	155
0.68	-5.48387e-05	-5.48387e-05	-5.48387e-05	-5.48387e-05	124
0.681	-0.000918681	-0.000918681	-0.000918681	-0.000918681	182
0.682	-0.00294752	-0.00294752	-0.00294752	-0.00294752	141
0.683	-0.000388889	-0.000388889	-0.000388889	-0.000388889	180
0.684	0.000526582	0.000526582	0.000526582	0.000526582	158
0.685	0.000189474	0.000189474	0.000189474	0.000189474	171
0.686	-0.00134157	-0.00134157	-0.00134157	-0.00134157	178
0.687	0.00143437	0.00143437	0.00143437	0.00143437	128
0.688	0.00109934	0.00109934	0.00109934	0.00109934	151
0.689	-0.00116581	-0.00116581	-0.00116581	-0.00116581	117
0.69	-0.000205556	-0.000205556	-0.000205556	-0.000205556	144
0.691	0.000180952	0.000180952	0.000180952	0.000180952	126
0.692	-8.75912e-06	-8.75912e-06	-8.75912e-06	-8.75912e-06	137
0.693	0.00042406	0.00042406	0.00042406	0.00042406	133
0.694	-0.00109565	-0.00109565	-0.00109565	-0.00109565	138
0.695	-0.00286582	-0.00286582	-0.00286582	-0.00286582	158
0.696	0.000138028	0.000138028	0.000138028	0.000138028	142
0.697	-0.002936	-0.002936	-0.002936	-0.002936	150
0.698	-0.000687117	-0.000687117	-0.000687117	-0.000687117	163
0.699	0.00116712	0.00116712	0.00116712	0.00116712	146
0.7	-0.00198693	-0.00198693	-0.00198693	-0.00198693	153
0.701	-0.00136056	-0.00136056	-0.00136056	-0.00136056	142
0.702	-0.00272571	-0.00272571	-0.00272571	-0.00272571	140
0.703	-0.00207714	-0.00207714	-0.00207714	-0.00207714	140
0.704	-0.00217255	-0.00217255	-0.00217255	-0.00217255	153
0.705	0.00115245	0.00115245	0.00115245	0.00115245	143
0.706	-0.00124755	-0.00124755	-0.00124755	-0.00124755	143
0.707	0.00226835	0.00226835	0.00226835	0.00226835	158
0.708	0.000635461	0.000635461	0.000635461	0.000635461	141
0.709	-0.00108333	-0.00108333	-0.00108333	-0.00108333	144
0.71	0.000432117	0.000432117	0.000432117	0.000432117	137
0.711	-0.00136689	-0.00136689	-0.00136689	-0.00136689	151
0.712	-0.0020126	-0.0020126	-0.0020126	-0.0020126	127
0.713	-0.00229375	-0.00229375	-0.00229375	-0.00229375	128
0.714	-0.000166038	-0.000166038	-0.000166038	-0.000166038	106
0.715	0.00295043	0.00295043	0.00295043	0.00295043	117
0.716	-0.00115385	-0.00115385	-0.00115385	-0.00115385	130
0.717	0.00178301	0.00178301	0.00178301	0.00178301	153
0.718	0.00102734	0.00102734	0.00102734	0.00102734	139
0.719	0.000767742	0.000767742	0.000767742	0.000767742	124
0.72	0.00063125	0.00063125	0.00063125	0.00063125	128
0.721	0.000563107	0.000563107	0.000563107	0.000563107	103
0.722	-0.00349508	-0.00349508	-0.00349508	-0.00349508	122
0.723	-0.000213699	-0.000213699	-0.000213699	-0.000213699	146
0.724	0.000887719	0.000887719	0.000887719	0.000887719	114
0.725	-0.00138931	-0.00138931	-0.00138931	-0.00138931	131
0.726	0.00135433	0.00135433	0.00135433	0.00135433	127
0.727	0.0027904	0.0027904	0.0027904	0.0027904	125
0.728	-0.000223129	-0.000223129	-0.000223129	-0.000223129	147
0.729	-0.000592	-0.000592	-0.000592	-0.000592	125
0.73	0.00209784	0.00209784	0.00209784	0.00209784	139
0.731	0.000675676	0.000675676	0.000675676	0.000675676	148
0.732	0.00201342	0.00201342	0.00201342	0.00201342	149
0.733	0.00443947	0.00443947	0.00443947	0.00443947	152
0.734	0.0006528	0.0006528	0.0006528	0.0006528	125
0.735	0.00171242	0.00171242	0.00171242	0.00171242	153
0.736	0.000536434	0.000536434	0.000536434	0.000536434	129
0.737	-0.000514286	-0.000514286	-0.000514286	-0.000514286	140
0.738	-5.10067e-05	-5.10067e-05	-5.10067e-05	-5.10067e-05	149
0.739	-0.00171707	-0.00171707	-0.00171707	-0.00171707	123
0.74	-0.00115969	-0.00115969	-0.00115969	-0.00115969	129
0.741	-0.00134069	-0.00134069	-0.00134069	-0.00134069	145
0.742	-0.00333458	-0.00333458	-0.00333458	-0.00333458	107
0.743	-0.000241026	-0.000241026	-0.000241026	-0.000241026	156
0.744	0.00161111	0.00161111	0.00161111	0.00161111	144
0.745	-0.000478947	-0.000478947	-0.000478947	-0.000478947	152
0.746	-0.000339496	-0.000339496	-0.000339496	-0.000339496	119
0.747	0.00232658	0.00232658	0.00232658	0.00232658	158
0.748	0.00087947	0.00087947	0.00087947	0.00087947	151
0.749	0.00171631	0.00171631	0.00171631	0.00171631	141
0.75	-6.08e-05	-6.08e-05	-6.08e-05	-6.08e-05	125
0.751	0.0012126	0.0012126	0.0012126	0.0012126	127
0.752	0.00120506	0.00120506	0.00120506	0.00120506	158
0.753	0.000978512	0.000978512	0.000978512	0.000978512	121
0.754	0.00217867	0.00217867	0.00217867	0.00217867	150
0.755	0.00191795	0.00191795	0.00191795	0.00191795	156
0.756	0.00013986	0.00013986	0.00013986	0.00013986	143
0.757	-0.000247853	-0.000247853	-0.000247853	-0.000247853	163
0.758	0.000425	0.000425	0.000425	0.000425	112
0.759	-0.00210164	-0.00210164	-0.00210164	-0.00210164	122
0.76	-0.000563478	-0.000563478	-0.000563478	-0.000563478	115
0.761	-0.00309153	-0.00309153	-0.00309153	-0.00309153	118
0.762	-0.000666667	-0.000666667	-0.000666667	-0.000666667	135
0.763	-0.00157037	-0.00157037	-0.00157037	-0.00157037	135
0.764	0.000117647	0.000117647	0.000117647	0.000117647	136
0.765	-7.35294e-05	-7.35294e-05	-7.35294e-05	-7.35294e-05	136
0.766	-0.00385161	-0.00385161	-0.00385161	-0.00385161	124
0.767	0.000266667	0.000266667	0.000266667	0.000266667	123
0.768	-0.0034042	-0.0034042	-0.0034042	-0.0034042	143
0.769	-0.00218108	-0.00218108	-0.00218108	-0.00218108	148
0.77	-0.00312836	-0.00312836	-0.00312836	-0.00312836	134
0.771	-0.00304865	-0.00304865	-0.00304865	-0.00304865	148
0.772	-0.00302857	-0.00302857	-0.00302857	-0.00302857	147
0.773	0.000858599	0.000858599	0.000858599	0.000858599	157
0.774	3.40426e-05	3.40426e-05	3.40426e-05	3.40426e-05	141
0.775	0.000628125	0.000628125	0.000628125	0.000628125	128
0.776	-0.00134925	-0.00134925	-0.00134925	-0.00134925	134
0.777	-0.00505344	-0.00505344	-0.00505344	-0.00505344	131
0.778	-0.00317607	-0.00317607	-0.00317607	-0.00317607	117
0.779	-0.00167521	-0.00167521	-0.00167521	-0.00167521	117
0.78	-0.00125385	-0.00125385	-0.00125385	-0.00125385	104
0.781	-0.00191475	-0.00191475	-0.00191475	-0.00191475	122
0.782	0.0007	0.0007	0.0007	0.0007	124
0.783	0.000386364	0.000386364	0.000386364	0.000386364	176
0.784	0.00145526	0.00145526	0.00145526	0.00145526	152
0.785	-0.00161299	-0.00161299	-0.00161299	-0.00161299	154
0.786	0.00108919	0.00108919	0.00108919	0.00108919	148
0.787	0.00118983	0.00118983	0.00118983	0.00118983	118
0.788	-0.000542424	-0.000542424	-0.000542424	-0.000542424	132
0.789	0.000394118	0.000394118	0.000394118	0.000394118	136
0.79	-0.000944966	-0.000944966	-0.000944966	-0.000944966	149
0.791	0.0027125	0.0027125	0.0027125	0.0027125	128
0.792	0.00173043	0.00173043	0.00173043	0.00173043	138
0.793	0.00173174	0.00173174	0.00173174	0.00173174	167
0.794	0.00122933	0.00122933	0.00122933	0.00122933	150
0.795	0.000311811	0.000311811	0.000311811	0.000311811	127
0.796	-0.00185166	-0.00185166	-0.00185166	-0.00185166	151
0.797	-5.7554e-05	-5.7554e-05	-5.7554e-05	-5.7554e-05	139
0.798	0.00245195	0.00245195	0.00245195	0.00245195	154
0.799	0.000836879	0.000836879	0.000836879	0.000836879	141
0.8	9.6e-05	9.6e-05	9.6e-05	9.6e-05	125
0.801	-0.00132131	-0.00132131	-0.00132131	-0.00132131	122
0.802	9.07801e-05	9.07801e-05	9.07801e-05	9.07801e-05	141
0.803	0.000534228	0.000534228	0.000534228	0.000534228	149
0.804	-0.000434286	-0.000434286	-0.000434286	-0.000434286	140
0.805	-0.00190977	-0.00190977	-0.00190977	-0.00190977	133
0.806	0.000458394	0.000458394	0.000458394	0.000458394	137
0.807	4.83221e-05	4.83221e-05	4.83221e-05	4.83221e-05	149
0.808	-0.00280822	-0.00280822	-0.00280822	-0.00280822	146
0.809	3.30275e-05	3.30275e-05	3.30275e-05	3.30275e-05	109
0.81	-0.00132683	-0.00132683	-0.00132683	-0.00132683	123
0.811	-0.000763399	-0.000763399	-0.000763399	-0.000763399	153
0.812	0.00464348	0.00464348	0.00464348	0.00464348	138
0.813	0.00145075	0.00145075	0.00145075	0.00145075	134
0.814	0.00111592	0.00111592	0.00111592	0.00111592	157
0.815	0.00160611	0.00160611	0.00160611	0.00160611	131
0.816	0.003565	0.003565	0.003565	0.003565	160
0.817	0.00446269	0.00446269	0.00446269	0.00446269	134
0.818	0.000866207	0.000866207	0.000866207	0.000866207	145
0.819	0.00284027	0.00284027	0.00284027	0.00284027	149
0.82	0.00257697	0.00257697	0.00257697	0.00257697	165
0.821	-0.00031811	-0.00031811	-0.00031811	-0.00031811	127
0.822	-0.000113939	-0.000113939	-0.000113939	-0.000113939	165
0.823	-0.00238411	-0.00238411	-0.00238411	-0.00238411	151
0.824	-0.00163768	-0.00163768	-0.00163768	-0.00163768	138
0.825	-0.00152821	-0.00152821	-0.00152821	-0.00152821	156
0.826	-0.000813873	-0.000813873	-0.000813873	-0.000813873	173
0.827	-0.000661728	-0.000661728	-0.000661728	-0.000661728	162
0.828	-0.000402649	-0.000402649	-0.000402649	-0.000402649	151
0.829	-0.00165588	-0.00165588	-0.00165588	-0.00165588	136
0.83	9.6124e-05	9.6124e-05	9.6124e-05	9.6124e-05	129
0.831	0.00109067	0.00109067	0.00109067	0.00109067	150
0.832	-0.000686364	-0.000686364	-0.000686364	-0.000686364	176
0.833	9.58084e-06	9.58084e-06	9.58084e-06	9.58084e-06	167
0.834	-0.000318987	-0.000318987	-0.000318987	-0.000318987	158
0.835	-0.00168101	-0.00168101	-0.00168101	-0.00168101	158
0.836	-0.00271803	-0.00271803	-0.00271803	-0.00271803	122
0.837	-0.00272099	-0.00272099	-0.00272099	-0.00272099	162
0.838	-0.000530909	-0.000530909	-0.000530909	-0.000530909	110
0.839	0.00141639	0.00141639	0.00141639	0.00141639	122
0.84	0.00310229	0.00310229	0.00310229	0.00310229	131
0.841	0.00238658	0.00238658	0.00238658	0.00238658	149
0.842	0.000664615	0.000664615	0.000664615	0.000664615	130
0.843	0.00154684	0.00154684	0.00154684	0.00154684	158
0.844	0.000267391	0.000267391	0.000267391	0.000267391	184
0.845	6.4e-06	6.4e-06	6.4e-06	6.4e-06	125
0.846	0.00113333	0.00113333	0.00113333	0.00113333	126
0.847	0.00143684	0.00143684	0.00143684	0.00143684	152
0.848	0.00351858	0.00351858	0.00351858	0.00351858	113
0.849	0.000383721	0.000383721	0.000383721	0.000383721	172
0.85	0.00187974	0.00187974	0.00187974	0.00187974	153
0.851	0.000418321	0.000418321	0.000418321	0.000418321	131
0.852	5.27132e-05	5.27132e-05	5.27132e-05	5.27132e-05	129
0.853	-0.000656338	-0.000656338	-0.000656338	-0.000656338	142
0.854	0.00121639	0.00121639	0.00121639	0.00121639	122
0.855	0.000663291	0.000663291	0.000663291	0.000663291	158
0.856	0.000884746	0.000884746	0.000884746	0.000884746	118
0.857	0.00180548	0.00180548	0.00180548	0.00180548	146
0.858	-0.00141277	-0.00141277	-0.00141277	-0.00141277	141
0.859	-0.0005856	-0.0005856	-0.0005856	-0.0005856	125
0.86	-0.00161538	-0.00161538	-0.00161538	-0.00161538	130
0.861	0.000998582	0.000998582	0.000998582	0.000998582	141
0.862	0.00244444	0.00244444	0.00244444	0.00244444	180
0.863	0.00424444	0.00424444	0.00424444	0.00424444	144
0.864	0.00101282	0.00101282	0.00101282	0.00101282	156
0.865	0.000997468	0.000997468	0.000997468	0.000997468	158
0.866	0.00222331	0.00222331	0.00222331	0.00222331	163
0.867	0.00451605	0.00451605	0.00451605	0.00451605	162
0.868	0.0020437	0.0020437	0.0020437	0.0020437	119
0.869	0.00373072	0.00373072	0.00373072	0.00373072	153
0.87	0.00222895	0.00222895	0.00222895	0.00222895	152
0.871	0.00119048	0.00119048	0.00119048	0.00119048	126
0.872	0.0039084	0.0039084	0.0039084	0.0039084	131
0.873	0.00331373	0.00331373	0.00331373	0.00331373	102
0.874	0.00152353	0.00152353	0.00152353	0.00152353	136
0.875	-0.000145455	-0.000145455	-0.000145455	-0.000145455	121
0.876	0.00238904	0.00238904	0.00238904	0.00238904	146
0.877	0.000319403	0.000319403	0.000319403	0.000319403	134
0.878	0.00199304	0.00199304	0.00199304	0.00199304	115
0.879	0.00565565	0.00565565	0.00565565	0.00565565	115
0.88	0.00479231	0.00479231	0.00479231	0.00479231	156
0.881	0.00413143	0.00413143	0.00413143	0.00413143	140
0.882	0.00512105	0.00512105	0.00512105	0.00512105	152
0.883	0.00131057	0.00131057	0.00131057	0.00131057	123
0.884	0.00385517	0.00385517	0.00385517	0.00385517	116
0.885	0.00145985	0.00145985	0.00145985	0.00145985	137
0.886	0.001536	0.001536	0.001536	0.001536	125
0.887	0.000622609	0.000622609	0.000622609	0.000622609	115
0.888	0.00232698	0.00232698	0.00232698	0.00232698	126
0.889	-0.00037265	-0.00037265	-0.00037265	-0.00037265	117
0.89	0.000286726	0.000286726	0.000286726	0.000286726	113
0.891	0.00327423	0.00327423	0.00327423	0.00327423	97
0.892	0.00229606	0.00229606	0.00229606	0.00229606	127
0.893	-7.1028e-05	-7.1028e-05	-7.1028e-05	-7.1028e-05	107
0.894	4.91228e-05	4.91228e-05	4.91228e-05	4.91228e-05	114
0.895	0.00195152	0.00195152	0.00195152	0.00195152	132
0.896	0.00264528	0.00264528	0.00264528	0.00264528	106
0.897	0.000175701	0.000175701	0.000175701	0.000175701	107
0.898	-0.000261538	-0.000261538	-0.000261538	-0.000261538	104
0.899	0.0018144	0.0018144	0.0018144	0.0018144	125
0.9	0.00108661	0.00108661	0.00108661	0.00108661	127
0.901	0.0019661	0.0019661	0.0019661	0.0019661	118
0.902	-0.00142385	-0.00142385	-0.00142385	-0.00142385	109
0.903	0.000177143	0.000177143	0.000177143	0.000177143	140
0.904	0.00119118	0.00119118	0.00119118	0.00119118	136
0.905	0.0021443	0.0021443	0.0021443	0.0021443	158
0.906	0.00129938	0.00129938	0.00129938	0.00129938	161
0.907	0.00255342	0.00255342	0.00255342	0.00255342	146
0.908	0.00262047	0.00262047	0.00262047	0.00262047	127
0.909	-0.000946032	-0.000946032	-0.000946032	-0.000946032	126
0.91	0.00125594	0.00125594	0.00125594	0.00125594	143
0.911	-0.000776296	-0.000776296	-0.000776296	-0.000776296	135
0.912	-0.0012	-0.0012	-0.0012	-0.0012	139
0.913	-0.000926582	-0.000926582	-0.000926582	-0.000926582	158
0.914	-0.000677551	-0.000677551	-0.000677551	-0.000677551	147
0.915	-0.00125079	-0.00125079	-0.00125079	-0.00125079	126
0.916	-0.00114667	-0.00114667	-0.00114667	-0.00114667	150
0.917	0.00075461	0.00075461	0.00075461	0.00075461	141
0.918	0.000976378	0.000976378	0.000976378	0.000976378	127
0.919	0.000116418	0.000116418	0.000116418	0.000116418	134
0.92	0.00172358	0.00172358	0.00172358	0.00172358	123
0.921	-0.00036875	-0.00036875	-0.00036875	-0.00036875	128
0.922	-0.0014695	-0.0014695	-0.0014695	-0.0014695	141
0.923	-0.000655856	-0.000655856	-0.000655856	-0.000655856	111
0.924	0.000476923	0.000476923	0.000476923	0.000476923	130
0.925	-0.00221053	-0.00221053	-0.00221053	-0.00221053	152
0.926	-0.00167647	-0.00167647	-0.00167647	-0.00167647	136
0.927	-0.00245846	-0.00245846	-0.00245846	-0.00245846	130
0.928	-0.000374522	-0.000374522	-0.000374522	-0.000374522	157
0.929	-4.62585e-05	-4.62585e-05	-4.62585e-05	-4.62585e-05	147
0.93	-0.00178102	-0.00178102	-0.00178102	-0.00178102	137
0.931	0.000121951	0.000121951	0.000121951	0.000121951	164
0.932	-0.000595556	-0.000595556	-0.000595556	-0.000595556	135
0.933	-0.000408511	-0.000408511	-0.000408511	-0.000408511	141
0.934	5.89147e-05	5.89147e-05	5.89147e-05	5.89147e-05	129
0.935	0.00221395	0.00221395	0.00221395	0.00221395	129
0.936	-0.000271345	-0.000271345	-0.000271345	-0.000271345	171
0.937	0.000843182	0.000843182	0.000843182	0.000843182	176
0.938	0.000764964	0.000764964	0.000764964	0.000764964	137
0.939	0.00114453	0.00114453	0.00114453	0.00114453	137
0.94	-0.000265625	-0.000265625	-0.000265625	-0.000265625	128
0.941	0.0029184	0.0029184	0.0029184	0.0029184	125
0.942	-0.000797222	-0.000797222	-0.000797222	-0.000797222	144
0.943	-0.00134897	-0.00134897	-0.00134897	-0.00134897	145
0.944	0.000361538	0.000361538	0.000361538	0.000361538	104
0.945	-0.0012	-0.0012	-0.0012	-0.0012	138
0.946	-0.000331148	-0.000331148	-0.000331148	-0.000331148	122
0.947	-2.94118e-05	-2.94118e-05	-2.94118e-05	-2.94118e-05	136
0.948	0.000305405	0.000305405	0.000305405	0.000305405	148
0.949	0.0022871	0.0022871	0.0022871	0.0022871	124
0.95	-0.000672848	-0.000672848	-0.000672848	-0.000672848	151
0.951	-0.0012355	-0.0012355	-0.0012355	-0.0012355	169
0.952	9.66443e-05	9.66443e-05	9.66443e-05	9.66443e-05	149
0.953	0.000452893	0.000452893	0.000452893	0.000452893	121
0.954	-0.00085	-0.00085	-0.00085	-0.00085	168
0.955	-0.00146667	-0.00146667	-0.00146667	-0.00146667	144
0.956	-9.6124e-05	-9.6124e-05	-9.6124e-05	-9.6124e-05	129
0.957	-0.00297518	-0.00297518	-0.00297518	-0.00297518	137
0.958	-0.00105612	-0.00105612	-0.00105612	-0.00105612	139
0.959	-0.00112849	-0.00112849	-0.00112849	-0.00112849	179
0.96	-0.00245647	-0.00245647	-0.00245647	-0.00245647	170
0.961	0.000242857	0.000242857	0.000242857	0.000242857	168
0.962	-0.000869136	-0.000869136	-0.000869136	-0.000869136	162
0.963	-0.00145	-0.00145	-0.00145	-0.00145	144
0.964	0.000839437	0.000839437	0.000839437	0.000839437	142
0.965	0.00423885	0.00423885	0.00423885	0.00423885	139
0.966	-0.000175887	-0.000175887	-0.000175887	-0.000175887	141
0.967	-0.00150698	-0.00150698	-0.00150698	-0.00150698	129
0.968	-0.00201983	-0.00201983	-0.00201983	-0.00201983	121
0.969	-0.00144968	-0.00144968	-0.00144968	-0.00144968	157
0.97	0.00084507	0.00084507	0.00084507	0.00084507	142
0.971	0.00303636	0.00303636	0.00303636	0.00303636	132
0.972	0.000230137	0.000230137	0.000230137	0.000230137	146
0.973	-0.000264748	-0.000264748	-0.000264748	-0.000264748	139
0.974	-0.00207042	-0.00207042	-0.00207042	-0.00207042	142
0.975	0.00214388	0.00214388	0.00214388	0.00214388	139
0.976	0.00194406	0.00194406	0.00194406	0.00194406	143
0.977	-0.000601242	-0.000601242	-0.000601242	-0.000601242	161
0.978	0.00107737	0.00107737	0.00107737	0.00107737	137
0.979	-0.000544	-0.000544	-0.000544	-0.000544	125
0.98	0.00101443	0.00101443	0.00101443	0.00101443	97
0.981	-0.000854676	-0.000854676	-0.000854676	-0.000854676	139
0.982	-1.15942e-05	-1.15942e-05	-1.15942e-05	-1.15942e-05	138
0.983	-0.00144923	-0.00144923	-0.00144923	-0.00144923	130
0.984	0.00126383	0.00126383	0.00126383	0.00126383	94
0.985	-0.00277455	-0.00277455	-0.00277455	-0.00277455	110
0.986	-0.000941732	-0.000941732	-0.000941732	-0.000941732	127
0.987	-0.00151278	-0.00151278	-0.00151278	-0.00151278	133
0.988	-0.000133333	-0.000133333	-0.000133333	-0.000133333	126
0.989	0.00174309	0.00174309	0.00174309	0.00174309	123
0.99	0.000119444	0.000119444	0.000119444	0.000119444	144
0.991	4.54545e-05	4.54545e-05	4.54545e-05	4.54545e-05	132
0.992	0.000550769	0.000550769	0.000550769	0.000550769	130
0.993	0.000355556	0.000355556	0.000355556	0.000355556	144
0.994	-8.69565e-06	-8.69565e-06	-8.69565e-06	-8.69565e-06	138
0.995	-0.000990164	-0.000990164	-0.000990164	-0.000990164	122
0.996	0.000336232	0.000336232	0.000336232	0.000336232	138
0.997	8.67133e-05	8.67133e-05	8.67133e-05	8.67133e-05	143
0.998	-0.00072	-0.00072	-0.00072	-0.00072	140
0.999	-0.00132836	-0.00132836	-0.00132836	-0.00132836	134
1	-0.000405714	-0.000405714	-0.000405714	-0.000405714	140
