0.001	0.0609028	0.0609028	0.0609028	0.0609028	3393
0.002	0.0564737	0.0564737	0.0564737	0.0564737	2845
0.003	0.0525643	0.0525643	0.0525643	0.0525643	2442
0.004	0.0498903	0.0498903	0.0498903	0.0498903	2363
0.005	0.0455807	0.0455807	0.0455807	0.0455807	2056
0.006	0.044271	0.044271	0.044271	0.044271	1994
0.007	0.0425912	0.0425912	0.0425912	0.0425912	1856
0.008	0.0401734	0.0401734	0.0401734	0.0401734	1776
0.009	0.0404552	0.0404552	0.0404552	0.0404552	1781
0.01	0.0387434	0.0387434	0.0387434	0.0387434	1647
0.011	0.0375575	0.0375575	0.0375575	0.0375575	1628
0.012	0.0348377	0.0348377	0.0348377	0.0348377	1580
0.013	0.0352196	0.0352196	0.0352196	0.0352196	1551
0.014	0.0346062	0.0346062	0.0346062	0.0346062	1527
0.015	0.0366575	0.0366575	0.0366575	0.0366575	1485
0.016	0.0351487	0.0351487	0.0351487	0.0351487	1505
0.017	0.0348401	0.0348401	0.0348401	0.0348401	1405
0.018	0.0297633	0.0297633	0.0297633	0.0297633	1374
0.019	0.0317502	0.0317502	0.0317502	0.0317502	1443
0.02	0.0295043	0.0295043	0.0295043	0.0295043	1434
0.021	0.0295643	0.0295643	0.0295643	0.0295643	1410
0.022	0.0298385	0.0298385	0.0298385	0.0298385	1417
0.023	0.0305224	0.0305224	0.0305224	0.0305224	1444
0.024	0.0300481	0.0300481	0.0300481	0.0300481	1348
0.025	0.0293949	0.0293949	0.0293949	0.0293949	1365
0.026	0.0299942	0.0299942	0.0299942	0.0299942	1371
0.027	0.0290708	0.0290708	0.0290708	0.0290708	1307
0.028	0.0275821	0.0275821	0.0275821	0.0275821	1273
0.029	0.0291623	0.0291623	0.0291623	0.0291623	1370
0.03	0.0289031	0.0289031	0.0289031	0.0289031	1303
0.031	0.028103	0.028103	0.028103	0.028103	1293
0.032	0.0282324	0.0282324	0.0282324	0.0282324	1430
0.033	0.0275595	0.0275595	0.0275595	0.0275595	1460
0.034	0.0322518	0.0322518	0.0322518	0.0322518	1314
0.035	0.0319337	0.0319337	0.0319337	0.0319337	1351
0.036	0.0279776	0.0279776	0.0279776	0.0279776	1358
0.037	0.0284067	0.0284067	0.0284067	0.0284067	1312
0.038	0.0308657	0.0308657	0.0308657	0.0308657	1254
0.039	0.0275657	0.0275657	0.0275657	0.0275657	1352
0.04	0.0289116	0.0289116	0.0289116	0.0289116	1280
0.041	0.0285581	0.0285581	0.0285581	0.0285581	1255
0.042	0.0267441	0.0267441	0.0267441	0.0267441	1231
0.043	0.02677	0.02677	0.02677	0.02677	1295
0.044	0.0279165	0.0279165	0.0279165	0.0279165	1289
0.045	0.0277267	0.0277267	0.0277267	0.0277267	1285
0.046	0.0264926	0.0264926	0.0264926	0.0264926	1270
0.047	0.0239222	0.0239222	0.0239222	0.0239222	1239
0.048	0.0244318	0.0244318	0.0244318	0.0244318	1245
0.049	0.0264814	0.0264814	0.0264814	0.0264814	1219
0.05	0.026491	0.026491	0.026491	0.026491	1235
0.051	0.0256327	0.0256327	0.0256327	0.0256327	1259
0.052	0.0240115	0.0240115	0.0240115	0.0240115	1178
0.053	0.025633	0.025633	0.025633	0.025633	1236
0.054	0.0225209	0.0225209	0.0225209	0.0225209	1204
0.055	0.0235656	0.0235656	0.0235656	0.0235656	1152
0.056	0.0243131	0.0243131	0.0243131	0.0243131	1188
0.057	0.0235214	0.0235214	0.0235214	0.0235214	1216
0.058	0.0244289	0.0244289	0.0244289	0.0244289	1190
0.059	0.0212196	0.0212196	0.0212196	0.0212196	1206
0.06	0.0250493	0.0250493	0.0250493	0.0250493	1229
0.061	0.0218964	0.0218964	0.0218964	0.0218964	1189
0.062	0.0221136	0.0221136	0.0221136	0.0221136	1204
0.063	0.0233325	0.0233325	0.0233325	0.0233325	1280
0.064	0.020796	0.020796	0.020796	0.020796	1193
0.065	0.0202169	0.0202169	0.0202169	0.0202169	1182
0.066	0.0197801	0.0197801	0.0197801	0.0197801	1255
0.067	0.0228402	0.0228402	0.0228402	0.0228402	1254
0.068	0.0226639	0.0226639	0.0226639	0.0226639	1199
0.069	0.0210408	0.0210408	0.0210408	0.0210408	1241
0.07	0.0220339	0.0220339	0.0220339	0.0220339	1205
0.071	0.0199145	0.0199145	0.0199145	0.0199145	1197
0.072	0.0213554	0.0213554	0.0213554	0.0213554	1161
0.073	0.0211888	0.0211888	0.0211888	0.0211888	1181
0.074	0.0228714	0.0228714	0.0228714	0.0228714	1177
0.075	0.0206791	0.0206791	0.0206791	0.0206791	1178
0.076	0.0221564	0.0221564	0.0221564	0.0221564	1128
0.077	0.0240676	0.0240676	0.0240676	0.0240676	1159
0.078	0.0219007	0.0219007	0.0219007	0.0219007	1152
0.079	0.0207906	0.0207906	0.0207906	0.0207906	1147
0.08	0.0203507	0.0203507	0.0203507	0.0203507	1144
0.081	0.020532	0.020532	0.020532	0.020532	1188
0.082	0.0211791	0.0211791	0.0211791	0.0211791	1187
0.083	0.0196885	0.0196885	0.0196885	0.0196885	1248
0.084	0.0207524	0.0207524	0.0207524	0.0207524	1176
0.085	0.0208054	0.0208054	0.0208054	0.0208054	1194
0.086	0.0220082	0.0220082	0.0220082	0.0220082	1217
0.087	0.023112	0.023112	0.023112	0.023112	1200
0.088	0.0189867	0.0189867	0.0189867	0.0189867	1142
0.089	0.0206596	0.0206596	0.0206596	0.0206596	1191
0.09	0.0228394	0.0228394	0.0228394	0.0228394	1189
0.091	0.0213058	0.0213058	0.0213058	0.0213058	1161
0.092	0.0210464	0.0210464	0.0210464	0.0210464	1190
0.093	0.0222675	0.0222675	0.0222675	0.0222675	1217
0.094	0.0190218	0.0190218	0.0190218	0.0190218	1138
0.095	0.0193867	0.0193867	0.0193867	0.0193867	1172
0.096	0.0207754	0.0207754	0.0207754	0.0207754	1189
0.097	0.0215729	0.0215729	0.0215729	0.0215729	1226
0.098	0.0180626	0.0180626	0.0180626	0.0180626	1227
0.099	0.0205052	0.0205052	0.0205052	0.0205052	1148
0.1	0.0186443	0.0186443	0.0186443	0.0186443	1179
0.101	0.0217458	0.0217458	0.0217458	0.0217458	1125
0.102	0.0193697	0.0193697	0.0193697	0.0193697	1110
0.103	0.0197112	0.0197112	0.0197112	0.0197112	1291
0.104	0.0195836	0.0195836	0.0195836	0.0195836	1194
0.105	0.0183536	0.0183536	0.0183536	0.0183536	1206
0.106	0.0207242	0.0207242	0.0207242	0.0207242	1256
0.107	0.0181848	0.0181848	0.0181848	0.0181848	1171
0.108	0.0200849	0.0200849	0.0200849	0.0200849	1196
0.109	0.0201644	0.0201644	0.0201644	0.0201644	1185
0.11	0.0207779	0.0207779	0.0207779	0.0207779	1195
0.111	0.0178558	0.0178558	0.0178558	0.0178558	1187
0.112	0.019662	0.019662	0.019662	0.019662	1246
0.113	0.019994	0.019994	0.019994	0.019994	1191
0.114	0.0183569	0.0183569	0.0183569	0.0183569	1189
0.115	0.0197112	0.0197112	0.0197112	0.0197112	1047
0.116	0.0183886	0.0183886	0.0183886	0.0183886	1119
0.117	0.0189004	0.0189004	0.0189004	0.0189004	1112
0.118	0.0197199	0.0197199	0.0197199	0.0197199	1111
0.119	0.0170268	0.0170268	0.0170268	0.0170268	1166
0.12	0.0166457	0.0166457	0.0166457	0.0166457	1060
0.121	0.0165596	0.0165596	0.0165596	0.0165596	1118
0.122	0.0184458	0.0184458	0.0184458	0.0184458	1057
0.123	0.0171052	0.0171052	0.0171052	0.0171052	1093
0.124	0.0172622	0.0172622	0.0172622	0.0172622	1113
0.125	0.0170391	0.0170391	0.0170391	0.0170391	1116
0.126	0.0179584	0.0179584	0.0179584	0.0179584	1125
0.127	0.0177662	0.0177662	0.0177662	0.0177662	1078
0.128	0.0156372	0.0156372	0.0156372	0.0156372	1162
0.129	0.0170856	0.0170856	0.0170856	0.0170856	1098
0.13	0.0179422	0.0179422	0.0179422	0.0179422	1065
0.131	0.0163224	0.0163224	0.0163224	0.0163224	1118
0.132	0.0171538	0.0171538	0.0171538	0.0171538	1143
0.133	0.0171398	0.0171398	0.0171398	0.0171398	1136
0.134	0.0166209	0.0166209	0.0166209	0.0166209	1110
0.135	0.0154574	0.0154574	0.0154574	0.0154574	1161
0.136	0.0148055	0.0148055	0.0148055	0.0148055	1162
0.137	0.0161139	0.0161139	0.0161139	0.0161139	1180
0.138	0.0157297	0.0157297	0.0157297	0.0157297	1076
0.139	0.0147504	0.0147504	0.0147504	0.0147504	1104
0.14	0.0153177	0.0153177	0.0153177	0.0153177	1189
0.141	0.0150449	0.0150449	0.0150449	0.0150449	1109
0.142	0.0148774	0.0148774	0.0148774	0.0148774	1090
0.143	0.016426	0.016426	0.016426	0.016426	1092
0.144	0.0152089	0.0152089	0.0152089	0.0152089	1118
0.145	0.0155155	0.0155155	0.0155155	0.0155155	1117
0.146	0.0144	0.0144	0.0144	0.0144	1238
0.147	0.015747	0.015747	0.015747	0.015747	1135
0.148	0.0146709	0.0146709	0.0146709	0.0146709	1100
0.149	0.0145891	0.0145891	0.0145891	0.0145891	1138
0.15	0.0144747	0.0144747	0.0144747	0.0144747	1194
0.151	0.0135964	0.0135964	0.0135964	0.0135964	1215
0.152	0.0142242	0.0142242	0.0142242	0.0142242	1133
0.153	0.0150735	0.0150735	0.0150735	0.0150735	1192
0.154	0.0146881	0.0146881	0.0146881	0.0146881	1219
0.155	0.0143661	0.0143661	0.0143661	0.0143661	1134
0.156	0.0156862	0.0156862	0.0156862	0.0156862	1127
0.157	0.0146559	0.0146559	0.0146559	0.0146559	1069
0.158	0.0141516	0.0141516	0.0141516	0.0141516	1092
0.159	0.014184	0.014184	0.014184	0.014184	1141
0.16	0.0147221	0.0147221	0.0147221	0.0147221	1191
0.161	0.0140568	0.0140568	0.0140568	0.0140568	1133
0.162	0.0146191	0.0146191	0.0146191	0.0146191	1141
0.163	0.0148136	0.0148136	0.0148136	0.0148136	1086
0.164	0.0150526	0.0150526	0.0150526	0.0150526	1118
0.165	0.0152248	0.0152248	0.0152248	0.0152248	1097
0.166	0.0129916	0.0129916	0.0129916	0.0129916	1090
0.167	0.0139347	0.0139347	0.0139347	0.0139347	1102
0.168	0.0137036	0.0137036	0.0137036	0.0137036	1124
0.169	0.0141342	0.0141342	0.0141342	0.0141342	1109
0.17	0.0144402	0.0144402	0.0144402	0.0144402	1133
0.171	0.0134041	0.0134041	0.0134041	0.0134041	1109
0.172	0.0127083	0.0127083	0.0127083	0.0127083	1090
0.173	0.0137714	0.0137714	0.0137714	0.0137714	1076
0.174	0.013766	0.013766	0.013766	0.013766	1094
0.175	0.0129861	0.0129861	0.0129861	0.0129861	1126
0.176	0.0120426	0.0120426	0.0120426	0.0120426	1146
0.177	0.0127067	0.0127067	0.0127067	0.0127067	1059
0.178	0.0135734	0.0135734	0.0135734	0.0135734	1052
0.179	0.013284	0.013284	0.013284	0.013284	1134
0.18	0.0139875	0.0139875	0.0139875	0.0139875	1085
0.181	0.0129238	0.0129238	0.0129238	0.0129238	1170
0.182	0.014151	0.014151	0.014151	0.014151	1171
0.183	0.0139476	0.0139476	0.0139476	0.0139476	1084
0.184	0.0128878	0.0128878	0.0128878	0.0128878	1066
0.185	0.0130894	0.0130894	0.0130894	0.0130894	1110
0.186	0.0126606	0.0126606	0.0126606	0.0126606	1082
0.187	0.0136374	0.0136374	0.0136374	0.0136374	1081
0.188	0.0134081	0.0134081	0.0134081	0.0134081	1105
0.189	0.0133616	0.0133616	0.0133616	0.0133616	1032
0.19	0.0116359	0.0116359	0.0116359	0.0116359	1115
0.191	0.012996	0.012996	0.012996	0.012996	1104
0.192	0.012627	0.012627	0.012627	0.012627	1061
0.193	0.0131811	0.0131811	0.0131811	0.0131811	1103
0.194	0.0122246	0.0122246	0.0122246	0.0122246	1090
0.195	0.0118779	0.0118779	0.0118779	0.0118779	1101
0.196	0.0120562	0.0120562	0.0120562	0.0120562	1081
0.197	0.0120965	0.0120965	0.0120965	0.0120965	1099
0.198	0.0126967	0.0126967	0.0126967	0.0126967	1096
0.199	0.0106083	0.0106083	0.0106083	0.0106083	1106
0.2	0.0124778	0.0124778	0.0124778	0.0124778	1090
0.201	0.0123837	0.0123837	0.0123837	0.0123837	1130
0.202	0.0124143	0.0124143	0.0124143	0.0124143	1119
0.203	0.0128887	0.0128887	0.0128887	0.0128887	1128
0.204	0.0126981	0.0126981	0.0126981	0.0126981	1135
0.205	0.0118268	0.0118268	0.0118268	0.0118268	1125
0.206	0.0104801	0.0104801	0.0104801	0.0104801	1103
0.207	0.0106122	0.0106122	0.0106122	0.0106122	1146
0.208	0.0104923	0.0104923	0.0104923	0.0104923	1101
0.209	0.0114371	0.0114371	0.0114371	0.0114371	1100
0.21	0.0100071	0.0100071	0.0100071	0.0100071	1122
0.211	0.0106517	0.0106517	0.0106517	0.0106517	1157
0.212	0.00992746	0.00992746	0.00992746	0.00992746	1136
0.213	0.0105435	0.0105435	0.0105435	0.0105435	1162
0.214	0.0101709	0.0101709	0.0101709	0.0101709	1126
0.215	0.00912437	0.00912437	0.00912437	0.00912437	1190
0.216	0.0105215	0.0105215	0.0105215	0.0105215	1156
0.217	0.0109144	0.0109144	0.0109144	0.0109144	1164
0.218	0.0106694	0.0106694	0.0106694	0.0106694	1093
0.219	0.0105782	0.0105782	0.0105782	0.0105782	1102
0.22	0.00971639	0.00971639	0.00971639	0.00971639	1165
0.221	0.0107467	0.0107467	0.0107467	0.0107467	1110
0.222	0.0108169	0.0108169	0.0108169	0.0108169	1133
0.223	0.0108707	0.0108707	0.0108707	0.0108707	1036
0.224	0.0106012	0.0106012	0.0106012	0.0106012	1026
0.225	0.0101815	0.0101815	0.0101815	0.0101815	1062
0.226	0.0102467	0.0102467	0.0102467	0.0102467	1091
0.227	0.0108205	0.0108205	0.0108205	0.0108205	1071
0.228	0.0106727	0.0106727	0.0106727	0.0106727	1043
0.229	0.0104947	0.0104947	0.0104947	0.0104947	1085
0.23	0.0106664	0.0106664	0.0106664	0.0106664	1048
0.231	0.0110288	0.0110288	0.0110288	0.0110288	1040
0.232	0.011578	0.011578	0.011578	0.011578	1092
0.233	0.0089749	0.0089749	0.0089749	0.0089749	1052
0.234	0.0101333	0.0101333	0.0101333	0.0101333	1080
0.235	0.0100967	0.0100967	0.0100967	0.0100967	1162
0.236	0.00836182	0.00836182	0.00836182	0.00836182	1079
0.237	0.011204	0.011204	0.011204	0.011204	1090
0.238	0.00883252	0.00883252	0.00883252	0.00883252	1070
0.239	0.00908423	0.00908423	0.00908423	0.00908423	1078
0.24	0.0108489	0.0108489	0.0108489	0.0108489	1120
0.241	0.00965724	0.00965724	0.00965724	0.00965724	1125
0.242	0.00952257	0.00952257	0.00952257	0.00952257	1090
0.243	0.00927925	0.00927925	0.00927925	0.00927925	1060
0.244	0.00940464	0.00940464	0.00940464	0.00940464	1034
0.245	0.00966947	0.00966947	0.00966947	0.00966947	1094
0.246	0.00930112	0.00930112	0.00930112	0.00930112	1068
0.247	0.00836353	0.00836353	0.00836353	0.00836353	1053
0.248	0.00917111	0.00917111	0.00917111	0.00917111	1080
0.249	0.00954135	0.00954135	0.00954135	0.00954135	1173
0.25	0.0100253	0.0100253	0.0100253	0.0100253	1123
0.251	0.00960239	0.00960239	0.00960239	0.00960239	1174
0.252	0.00906607	0.00906607	0.00906607	0.00906607	1111
0.253	0.00952634	0.00952634	0.00952634	0.00952634	1135
0.254	0.00900737	0.00900737	0.00900737	0.00900737	1113
0.255	0.00801991	0.00801991	0.00801991	0.00801991	1065
0.256	0.00817164	0.00817164	0.00817164	0.00817164	1065
0.257	0.00920552	0.00920552	0.00920552	0.00920552	1087
0.258	0.00896535	0.00896535	0.00896535	0.00896535	1062
0.259	0.00833971	0.00833971	0.00833971	0.00833971	1035
0.26	0.00932146	0.00932146	0.00932146	0.00932146	1044
0.261	0.0108769	0.0108769	0.0108769	0.0108769	1066
0.262	0.00881163	0.00881163	0.00881163	0.00881163	1032
0.263	0.00902509	0.00902509	0.00902509	0.00902509	1084
0.264	0.00925573	0.00925573	0.00925573	0.00925573	1012
0.265	0.0097412	0.0097412	0.0097412	0.0097412	1034
0.266	0.0081035	0.0081035	0.0081035	0.0081035	1001
0.267	0.00776594	0.00776594	0.00776594	0.00776594	1051
0.268	0.00833252	0.00833252	0.00833252	0.00833252	984
0.269	0.00829526	0.00829526	0.00829526	0.00829526	1012
0.27	0.00808025	0.00808025	0.00808025	0.00808025	972
0.271	0.00709981	0.00709981	0.00709981	0.00709981	1030
0.272	0.00738913	0.00738913	0.00738913	0.00738913	1049
0.273	0.00713658	0.00713658	0.00713658	0.00713658	1047
0.274	0.00623735	0.00623735	0.00623735	0.00623735	1055
0.275	0.0073432	0.0073432	0.0073432	0.0073432	986
0.276	0.00690326	0.00690326	0.00690326	0.00690326	1042
0.277	0.00840518	0.00840518	0.00840518	0.00840518	1003
0.278	0.00789943	0.00789943	0.00789943	0.00789943	1050
0.279	0.00814716	0.00814716	0.00814716	0.00814716	1022
0.28	0.00820475	0.00820475	0.00820475	0.00820475	1010
0.281	0.00794965	0.00794965	0.00794965	0.00794965	993
0.282	0.00907971	0.00907971	0.00907971	0.00907971	971
0.283	0.00781427	0.00781427	0.00781427	0.00781427	1023
0.284	0.00829323	0.00829323	0.00829323	0.00829323	1019
0.285	0.00863395	0.00863395	0.00863395	0.00863395	1031
0.286	0.00836615	0.00836615	0.00836615	0.00836615	1028
0.287	0.00835693	0.00835693	0.00835693	0.00835693	1003
0.288	0.00957796	0.00957796	0.00957796	0.00957796	998
0.289	0.0100961	0.0100961	0.0100961	0.0100961	937
0.29	0.00781491	0.00781491	0.00781491	0.00781491	1033
0.291	0.00704059	0.00704059	0.00704059	0.00704059	951
0.292	0.00763896	0.00763896	0.00763896	0.00763896	924
0.293	0.00899958	0.00899958	0.00899958	0.00899958	960
0.294	0.0078253	0.0078253	0.0078253	0.0078253	996
0.295	0.00742715	0.00742715	0.00742715	0.00742715	1002
0.296	0.00813042	0.00813042	0.00813042	0.00813042	1006
0.297	0.00805502	0.00805502	0.00805502	0.00805502	1025
0.298	0.00845652	0.00845652	0.00845652	0.00845652	1104
0.299	0.0087021	0.0087021	0.0087021	0.0087021	952
0.3	0.00782992	0.00782992	0.00782992	0.00782992	1056
0.301	0.00696039	0.00696039	0.00696039	0.00696039	1020
0.302	0.00838877	0.00838877	0.00838877	0.00838877	997
0.303	0.00709558	0.00709558	0.00709558	0.00709558	996
0.304	0.00849407	0.00849407	0.00849407	0.00849407	1029
0.305	0.0083327	0.0083327	0.0083327	0.0083327	1046
0.306	0.00786045	0.00786045	0.00786045	0.00786045	1029
0.307	0.0076432	0.0076432	0.0076432	0.0076432	1037
0.308	0.00802389	0.00802389	0.00802389	0.00802389	1038
0.309	0.00742857	0.00742857	0.00742857	0.00742857	1050
0.31	0.00808074	0.00808074	0.00808074	0.00808074	976
0.311	0.00813347	0.00813347	0.00813347	0.00813347	983
0.312	0.00771341	0.00771341	0.00771341	0.00771341	1044
0.313	0.00767923	0.00767923	0.00767923	0.00767923	1045
0.314	0.007054	0.007054	0.007054	0.007054	1000
0.315	0.0068914	0.0068914	0.0068914	0.0068914	1081
0.316	0.0073653	0.0073653	0.0073653	0.0073653	1026
0.317	0.00642659	0.00642659	0.00642659	0.00642659	1098
0.318	0.00789548	0.00789548	0.00789548	0.00789548	1018
0.319	0.00715063	0.00715063	0.00715063	0.00715063	1037
0.32	0.00724726	0.00724726	0.00724726	0.00724726	1058
0.321	0.00653534	0.00653534	0.00653534	0.00653534	1061
0.322	0.00633831	0.00633831	0.00633831	0.00633831	1031
0.323	0.00590935	0.00590935	0.00590935	0.00590935	1037
0.324	0.00494962	0.00494962	0.00494962	0.00494962	1040
0.325	0.00726783	0.00726783	0.00726783	0.00726783	973
0.326	0.00674657	0.00674657	0.00674657	0.00674657	1078
0.327	0.00558279	0.00558279	0.00558279	0.00558279	1069
0.328	0.00480725	0.00480725	0.00480725	0.00480725	1103
0.329	0.00557104	0.00557104	0.00557104	0.00557104	1036
0.33	0.00517563	0.00517563	0.00517563	0.00517563	1116
0.331	0.00599881	0.00599881	0.00599881	0.00599881	1005
0.332	0.00565438	0.00565438	0.00565438	0.00565438	993
0.333	0.00563759	0.00563759	0.00563759	0.00563759	947
0.334	0.00596255	0.00596255	0.00596255	0.00596255	1036
0.335	0.00607735	0.00607735	0.00607735	0.00607735	1055
0.336	0.00572118	0.00572118	0.00572118	0.00572118	1086
0.337	0.00700425	0.00700425	0.00700425	0.00700425	1036
0.338	0.00528504	0.00528504	0.00528504	0.00528504	1063
0.339	0.00601427	0.00601427	0.00601427	0.00601427	1009
0.34	0.00678813	0.00678813	0.00678813	0.00678813	1078
0.341	0.00568287	0.00568287	0.00568287	0.00568287	1004
0.342	0.00637231	0.00637231	0.00637231	0.00637231	1040
0.343	0.00464975	0.00464975	0.00464975	0.00464975	1017
0.344	0.00420336	0.00420336	0.00420336	0.00420336	1072
0.345	0.00486208	0.00486208	0.00486208	0.00486208	1018
0.346	0.00468031	0.00468031	0.00468031	0.00468031	1016
0.347	0.00479255	0.00479255	0.00479255	0.00479255	966
0.348	0.00388282	0.00388282	0.00388282	0.00388282	966
0.349	0.00567385	0.00567385	0.00567385	0.00567385	910
0.35	0.00691533	0.00691533	0.00691533	0.00691533	926
0.351	0.00650139	0.00650139	0.00650139	0.00650139	1006
0.352	0.00475869	0.00475869	0.00475869	0.00475869	949
0.353	0.00489911	0.00489911	0.00489911	0.00489911	1009
0.354	0.00555524	0.00555524	0.00555524	0.00555524	974
0.355	0.00530735	0.00530735	0.00530735	0.00530735	980
0.356	0.00567399	0.00567399	0.00567399	0.00567399	1011
0.357	0.0057721	0.0057721	0.0057721	0.0057721	1025
0.358	0.00509949	0.00509949	0.00509949	0.00509949	975
0.359	0.00560672	0.00560672	0.00560672	0.00560672	1012
0.36	0.00489152	0.00489152	0.00489152	0.00489152	1049
0.361	0.005	0.005	0.005	0.005	964
0.362	0.00542829	0.00542829	0.00542829	0.00542829	1018
0.363	0.00533184	0.00533184	0.00533184	0.00533184	983
0.364	0.00479124	0.00479124	0.00479124	0.00479124	1005
0.365	0.00524386	0.00524386	0.00524386	0.00524386	994
0.366	0.00584225	0.00584225	0.00584225	0.00584225	1065
0.367	0.00536404	0.00536404	0.00536404	0.00536404	990
0.368	0.00494949	0.00494949	0.00494949	0.00494949	982
0.369	0.00519772	0.00519772	0.00519772	0.00519772	1054
0.37	0.00468498	0.00468498	0.00468498	0.00468498	1005
0.371	0.00451863	0.00451863	0.00451863	0.00451863	1025
0.372	0.00405748	0.00405748	0.00405748	0.00405748	1023
0.373	0.00367072	0.00367072	0.00367072	0.00367072	1035
0.374	0.00445629	0.00445629	0.00445629	0.00445629	1073
0.375	0.00468459	0.00468459	0.00468459	0.00468459	1071
0.376	0.00410407	0.00410407	0.00410407	0.00410407	1080
0.377	0.00419007	0.00419007	0.00419007	0.00419007	1027
0.378	0.00375213	0.00375213	0.00375213	0.00375213	1149
0.379	0.0045227	0.0045227	0.0045227	0.0045227	1053
0.38	0.00447614	0.00447614	0.00447614	0.00447614	1098
0.381	0.00487395	0.00487395	0.00487395	0.00487395	1044
0.382	0.00381571	0.00381571	0.00381571	0.00381571	1031
0.383	0.00443059	0.00443059	0.00443059	0.00443059	1020
0.384	0.00496732	0.00496732	0.00496732	0.00496732	1114
0.385	0.00437952	0.00437952	0.00437952	0.00437952	1035
0.386	0.0042999	0.0042999	0.0042999	0.0042999	995
0.387	0.00365442	0.00365442	0.00365442	0.00365442	1029
0.388	0.00406178	0.00406178	0.00406178	0.00406178	1010
0.389	0.00472362	0.00472362	0.00472362	0.00472362	995
0.39	0.00398077	0.00398077	0.00398077	0.00398077	1019
0.391	0.00458595	0.00458595	0.00458595	0.00458595	1082
0.392	0.00575444	0.00575444	0.00575444	0.00575444	992
0.393	0.00447878	0.00447878	0.00447878	0.00447878	1051
0.394	0.00343435	0.00343435	0.00343435	0.00343435	1077
0.395	0.0044879	0.0044879	0.0044879	0.0044879	1033
0.396	0.00562046	0.00562046	0.00562046	0.00562046	1036
0.397	0.00554435	0.00554435	0.00554435	0.00554435	1035
0.398	0.00439025	0.00439025	0.00439025	0.00439025	1026
0.399	0.00413903	0.00413903	0.00413903	0.00413903	1030
0.4	0.00408599	0.00408599	0.00408599	0.00408599	1028
0.401	0.0033706	0.0033706	0.0033706	0.0033706	966
0.402	0.0048239	0.0048239	0.0048239	0.0048239	954
0.403	0.00352688	0.00352688	0.00352688	0.00352688	1012
0.404	0.0041955	0.0041955	0.0041955	0.0041955	1066
0.405	0.00468871	0.00468871	0.00468871	0.00468871	992
0.406	0.00413657	0.00413657	0.00413657	0.00413657	1072
0.407	0.00528621	0.00528621	0.00528621	0.00528621	1030
0.408	0.00518604	0.00518604	0.00518604	0.00518604	1060
0.409	0.00574067	0.00574067	0.00574067	0.00574067	1072
0.41	0.00586095	0.00586095	0.00586095	0.00586095	1027
0.411	0.00473749	0.00473749	0.00473749	0.00473749	1107
0.412	0.00508788	0.00508788	0.00508788	0.00508788	1106
0.413	0.00559397	0.00559397	0.00559397	0.00559397	995
0.414	0.00491567	0.00491567	0.00491567	0.00491567	1072
0.415	0.00502353	0.00502353	0.00502353	0.00502353	1020
0.416	0.00411817	0.00411817	0.00411817	0.00411817	1073
0.417	0.00557934	0.00557934	0.00557934	0.00557934	1084
0.418	0.00511574	0.00511574	0.00511574	0.00511574	1163
0.419	0.00430231	0.00430231	0.00430231	0.00430231	1081
0.42	0.00381183	0.00381183	0.00381183	0.00381183	1048
0.421	0.00332813	0.00332813	0.00332813	0.00332813	1077
0.422	0.00289472	0.00289472	0.00289472	0.00289472	1098
0.423	0.00470156	0.00470156	0.00470156	0.00470156	1024
0.424	0.00421672	0.00421672	0.00421672	0.00421672	1017
0.425	0.0036878	0.0036878	0.0036878	0.0036878	1066
0.426	0.00354086	0.00354086	0.00354086	0.00354086	1001
0.427	0.00300426	0.00300426	0.00300426	0.00300426	1032
0.428	0.00347121	0.00347121	0.00347121	0.00347121	997
0.429	0.00371646	0.00371646	0.00371646	0.00371646	1027
0.43	0.00315761	0.00315761	0.00315761	0.00315761	1019
0.431	0.00390471	0.00390471	0.00390471	0.00390471	1083
0.432	0.00362879	0.00362879	0.00362879	0.00362879	1070
0.433	0.00378539	0.00378539	0.00378539	0.00378539	1027
0.434	0.0038124	0.0038124	0.0038124	0.0038124	1032
0.435	0.0043175	0.0043175	0.0043175	0.0043175	1023
0.436	0.00464264	0.00464264	0.00464264	0.00464264	1060
0.437	0.00391323	0.00391323	0.00391323	0.00391323	1028
0.438	0.0040914	0.0040914	0.0040914	0.0040914	919
0.439	0.00497892	0.00497892	0.00497892	0.00497892	1015
0.44	0.00409866	0.00409866	0.00409866	0.00409866	1042
0.441	0.00352289	0.00352289	0.00352289	0.00352289	1053
0.442	0.00376461	0.00376461	0.00376461	0.00376461	1006
0.443	0.0034338	0.0034338	0.0034338	0.0034338	1071
0.444	0.00380976	0.00380976	0.00380976	0.00380976	1066
0.445	0.00450874	0.00450874	0.00450874	0.00450874	1041
0.446	0.00428392	0.00428392	0.00428392	0.00428392	1113
0.447	0.00466184	0.00466184	0.00466184	0.00466184	1077
0.448	0.00441408	0.00441408	0.00441408	0.00441408	1051
0.449	0.00566977	0.00566977	0.00566977	0.00566977	1009
0.45	0.00471111	0.00471111	0.00471111	0.00471111	1035
0.451	0.00450988	0.00450988	0.00450988	0.00450988	1103
0.452	0.00426655	0.00426655	0.00426655	0.00426655	1100
0.453	0.00456362	0.00456362	0.00456362	0.00456362	1061
0.454	0.00389373	0.00389373	0.00389373	0.00389373	1084
0.455	0.00524427	0.00524427	0.00524427	0.00524427	1003
0.456	0.004108	0.004108	0.004108	0.004108	963
0.457	0.00407493	0.00407493	0.00407493	0.00407493	1057
0.458	0.0032192	0.0032192	0.0032192	0.0032192	979
0.459	0.0039799	0.0039799	0.0039799	0.0039799	1035
0.46	0.00357613	0.00357613	0.00357613	0.00357613	1022
0.461	0.00335278	0.00335278	0.00335278	0.00335278	1008
0.462	0.00347394	0.00347394	0.00347394	0.00347394	1063
0.463	0.00347646	0.00347646	0.00347646	0.00347646	926
0.464	0.00296392	0.00296392	0.00296392	0.00296392	1042
0.465	0.00313258	0.00313258	0.00313258	0.00313258	1056
0.466	0.00352793	0.00352793	0.00352793	0.00352793	999
0.467	0.0031727	0.0031727	0.0031727	0.0031727	1011
0.468	0.00308693	0.00308693	0.00308693	0.00308693	987
0.469	0.00324797	0.00324797	0.00324797	0.00324797	1009
0.47	0.00280573	0.00280573	0.00280573	0.00280573	977
0.471	0.002463	0.002463	0.002463	0.002463	1035
0.472	0.00215076	0.00215076	0.00215076	0.00215076	987
0.473	0.0028	0.0028	0.0028	0.0028	933
0.474	0.00352084	0.00352084	0.00352084	0.00352084	950
0.475	0.00302556	0.00302556	0.00302556	0.00302556	986
0.476	0.00396096	0.00396096	0.00396096	0.00396096	1045
0.477	0.00379259	0.00379259	0.00379259	0.00379259	1026
0.478	0.00356065	0.00356065	0.00356065	0.00356065	925
0.479	0.00344386	0.00344386	0.00344386	0.00344386	994
0.48	0.00360284	0.00360284	0.00360284	0.00360284	1125
0.481	0.00360039	0.00360039	0.00360039	0.00360039	1021
0.482	0.00338539	0.00338539	0.00338539	0.00338539	958
0.483	0.00385116	0.00385116	0.00385116	0.00385116	946
0.484	0.00390806	0.00390806	0.00390806	0.00390806	918
0.485	0.00397132	0.00397132	0.00397132	0.00397132	1018
0.486	0.00381918	0.00381918	0.00381918	0.00381918	980
0.487	0.00272392	0.00272392	0.00272392	0.00272392	999
0.488	0.00241071	0.00241071	0.00241071	0.00241071	934
0.489	0.00252677	0.00252677	0.00252677	0.00252677	1016
0.49	0.00246272	0.00246272	0.00246272	0.00246272	1046
0.491	0.00279742	0.00279742	0.00279742	0.00279742	932
0.492	0.00282186	0.00282186	0.00282186	0.00282186	933
0.493	0.00297091	0.00297091	0.00297091	0.00297091	990
0.494	0.00269022	0.00269022	0.00269022	0.00269022	951
0.495	0.00347259	0.00347259	0.00347259	0.00347259	1058
0.496	0.003864	0.003864	0.003864	0.003864	1050
0.497	0.00296601	0.00296601	0.00296601	0.00296601	1118
0.498	0.00380829	0.00380829	0.00380829	0.00380829	989
0.499	0.0032585	0.0032585	0.0032585	0.0032585	971
0.5	0.00324164	0.00324164	0.00324164	0.00324164	1047
0.501	0.0029479	0.0029479	0.0029479	0.0029479	952
0.502	0.00260061	0.00260061	0.00260061	0.00260061	991
0.503	0.00299022	0.00299022	0.00299022	0.00299022	1022
0.504	0.00220426	0.00220426	0.00220426	0.00220426	1032
0.505	0.0034413	0.0034413	0.0034413	0.0034413	983
0.506	0.00278018	0.00278018	0.00278018	0.00278018	1009
0.507	0.00342345	0.00342345	0.00342345	0.00342345	981
0.508	0.00421386	0.00421386	0.00421386	0.00421386	1010
0.509	0.00349632	0.00349632	0.00349632	0.00349632	1034
0.51	0.00382591	0.00382591	0.00382591	0.00382591	1011
0.511	0.00210722	0.00210722	0.00210722	0.00210722	970
0.512	0.00209507	0.00209507	0.00209507	0.00209507	1035
0.513	0.00231815	0.00231815	0.00231815	0.00231815	909
0.514	0.0025481	0.0025481	0.0025481	0.0025481	948
0.515	0.00298104	0.00298104	0.00298104	0.00298104	939
0.516	0.00260694	0.00260694	0.00260694	0.00260694	1009
0.517	0.00248427	0.00248427	0.00248427	0.00248427	1011
0.518	0.00236746	0.00236746	0.00236746	0.00236746	1008
0.519	0.00245996	0.00245996	0.00245996	0.00245996	974
0.52	0.0027679	0.0027679	0.0027679	0.0027679	972
0.521	0.00255888	0.00255888	0.00255888	0.00255888	1002
0.522	0.00190336	0.00190336	0.00190336	0.00190336	981
0.523	0.00283849	0.00283849	0.00283849	0.00283849	956
0.524	0.0023965	0.0023965	0.0023965	0.0023965	913
0.525	0.00263035	0.00263035	0.00263035	0.00263035	962
0.526	0.00236295	0.00236295	0.00236295	0.00236295	896
0.527	0.00183831	0.00183831	0.00183831	0.00183831	945
0.528	0.00176881	0.00176881	0.00176881	0.00176881	981
0.529	0.00257332	0.00257332	0.00257332	0.00257332	967
0.53	0.00283326	0.00283326	0.00283326	0.00283326	962
0.531	0.00279845	0.00279845	0.00279845	0.00279845	1032
0.532	0.00266546	0.00266546	0.00266546	0.00266546	993
0.533	0.00218954	0.00218954	0.00218954	0.00218954	956
0.534	0.00266957	0.00266957	0.00266957	0.00266957	963
0.535	0.00277083	0.00277083	0.00277083	0.00277083	905
0.536	0.00242579	0.00242579	0.00242579	0.00242579	946
0.537	0.00209068	0.00209068	0.00209068	0.00209068	966
0.538	0.0025713	0.0025713	0.0025713	0.0025713	913
0.539	0.0036671	0.0036671	0.0036671	0.0036671	924
0.54	0.00329602	0.00329602	0.00329602	0.00329602	954
0.541	0.00226893	0.00226893	0.00226893	0.00226893	885
0.542	0.00253226	0.00253226	0.00253226	0.00253226	868
0.543	0.00251523	0.00251523	0.00251523	0.00251523	972
0.544	0.0014998	0.0014998	0.0014998	0.0014998	1022
0.545	0.00300463	0.00300463	0.00300463	0.00300463	950
0.546	0.00292351	0.00292351	0.00292351	0.00292351	991
0.547	0.00411088	0.00411088	0.00411088	0.00411088	956
0.548	0.0025604	0.0025604	0.0025604	0.0025604	990
0.549	0.00228975	0.00228975	0.00228975	0.00228975	1005
0.55	0.00275831	0.00275831	0.00275831	0.00275831	969
0.551	0.00339195	0.00339195	0.00339195	0.00339195	969
0.552	0.00297691	0.00297691	0.00297691	0.00297691	918
0.553	0.00258911	0.00258911	0.00258911	0.00258911	973
0.554	0.00114261	0.00114261	0.00114261	0.00114261	934
0.555	0.00192051	0.00192051	0.00192051	0.00192051	946
0.556	0.00199394	0.00199394	0.00199394	0.00199394	924
0.557	0.00191924	0.00191924	0.00191924	0.00191924	946
0.558	0.00175151	0.00175151	0.00175151	0.00175151	961
0.559	0.00217892	0.00217892	0.00217892	0.00217892	930
0.56	0.0020286	0.0020286	0.0020286	0.0020286	951
0.561	0.00166088	0.00166088	0.00166088	0.00166088	933
0.562	0.00253274	0.00253274	0.00253274	0.00253274	901
0.563	0.00155537	0.00155537	0.00155537	0.00155537	941
0.564	0.00212933	0.00212933	0.00212933	0.00212933	999
0.565	0.00201297	0.00201297	0.00201297	0.00201297	925
0.566	0.00177034	0.00177034	0.00177034	0.00177034	890
0.567	0.00133528	0.00133528	0.00133528	0.00133528	961
0.568	0.00256205	0.00256205	0.00256205	0.00256205	975
0.569	0.00246005	0.00246005	0.00246005	0.00246005	886
0.57	0.00258441	0.00258441	0.00258441	0.00258441	885
0.571	0.00242925	0.00242925	0.00242925	0.00242925	1012
0.572	0.00269487	0.00269487	0.00269487	0.00269487	936
0.573	0.00266468	0.00266468	0.00266468	0.00266468	872
0.574	0.0023793	0.0023793	0.0023793	0.0023793	908
0.575	0.00214138	0.00214138	0.00214138	0.00214138	928
0.576	0.00258435	0.00258435	0.00258435	0.00258435	933
0.577	0.0016333	0.0016333	0.0016333	0.0016333	997
0.578	0.00243141	0.00243141	0.00243141	0.00243141	917
0.579	0.00283297	0.00283297	0.00283297	0.00283297	1007
0.58	0.00228438	0.00228438	0.00228438	0.00228438	986
0.581	0.00174476	0.00174476	0.00174476	0.00174476	945
0.582	0.001831	0.001831	0.001831	0.001831	916
0.583	0.000921921	0.000921921	0.000921921	0.000921921	958
0.584	0.00145428	0.00145428	0.00145428	0.00145428	947
0.585	0.00183316	0.00183316	0.00183316	0.00183316	935
0.586	0.00160258	0.00160258	0.00160258	0.00160258	932
0.587	0.000954379	0.000954379	0.000954379	0.000954379	982
0.588	0.000837567	0.000837567	0.000837567	0.000837567	937
0.589	0.000981523	0.000981523	0.000981523	0.000981523	985
0.59	0.00148277	0.00148277	0.00148277	0.00148277	894
0.591	0.00182351	0.00182351	0.00182351	0.00182351	1004
0.592	0.00223188	0.00223188	0.00223188	0.00223188	966
0.593	0.00168262	0.00168262	0.00168262	0.00168262	915
0.594	0.00141221	0.00141221	0.00141221	0.00141221	999
0.595	0.00169215	0.00169215	0.00169215	0.00169215	968
0.596	0.00139371	0.00139371	0.00139371	0.00139371	985
0.597	0.000590103	0.000590103	0.000590103	0.000590103	970
0.598	0.00143408	0.00143408	0.00143408	0.00143408	1027
0.599	0.00147157	0.00147157	0.00147157	0.00147157	978
0.6	0.00184839	0.00184839	0.00184839	0.00184839	992
0.601	0.0017976	0.0017976	0.0017976	0.0017976	917
0.602	0.00188163	0.00188163	0.00188163	0.00188163	909
0.603	0.00116283	0.00116283	0.00116283	0.00116283	947
0.604	0.00195746	0.00195746	0.00195746	0.00195746	912
0.605	0.00157414	0.00157414	0.00157414	0.00157414	959
0.606	0.00143823	0.00143823	0.00143823	0.00143823	947
0.607	0.00177752	0.00177752	0.00177752	0.00177752	872
0.608	0.00241034	0.00241034	0.00241034	0.00241034	890
0.609	0.00200516	0.00200516	0.00200516	0.00200516	930
0.61	0.00115774	0.00115774	0.00115774	0.00115774	975
0.611	0.00123657	0.00123657	0.00123657	0.00123657	864
0.612	0.0015341	0.0015341	0.0015341	0.0015341	868
0.613	0.00119266	0.00119266	0.00119266	0.00119266	927
0.614	0.00140203	0.00140203	0.00140203	0.00140203	986
0.615	0.00117838	0.00117838	0.00117838	0.00117838	962
0.616	0.00211114	0.00211114	0.00211114	0.00211114	889
0.617	0.00153017	0.00153017	0.00153017	0.00153017	928
0.618	0.00186535	0.00186535	0.00186535	0.00186535	909
0.619	0.0020559	0.0020559	0.0020559	0.0020559	873
0.62	0.0022305	0.0022305	0.0022305	0.0022305	918
0.621	0.00199396	0.00199396	0.00199396	0.00199396	927
0.622	0.00197867	0.00197867	0.00197867	0.00197867	919
0.623	0.00175465	0.00175465	0.00175465	0.00175465	913
0.624	0.00263879	0.00263879	0.00263879	0.00263879	923
0.625	0.00106816	0.00106816	0.00106816	0.00106816	980
0.626	0.00125811	0.00125811	0.00125811	0.00125811	950
0.627	0.000631533	0.000631533	0.000631533	0.000631533	926
0.628	0.00078335	0.00078335	0.00078335	0.00078335	985
0.629	0.00234268	0.00234268	0.00234268	0.00234268	984
0.63	0.000825263	0.000825263	0.000825263	0.000825263	950
0.631	0.0013834	0.0013834	0.0013834	0.0013834	1012
0.632	0.000680806	0.000680806	0.000680806	0.000680806	943
0.633	0.00109187	0.00109187	0.00109187	0.00109187	947
0.634	0.000935784	0.000935784	0.000935784	0.000935784	925
0.635	0.001392	0.001392	0.001392	0.001392	1000
0.636	0.000957096	0.000957096	0.000957096	0.000957096	909
0.637	0.00132393	0.00132393	0.00132393	0.00132393	936
0.638	0.00147521	0.00147521	0.00147521	0.00147521	968
0.639	0.00139372	0.00139372	0.00139372	0.00139372	987
0.64	0.00136148	0.00136148	0.00136148	0.00136148	976
0.641	0.000681946	0.000681946	0.000681946	0.000681946	925
0.642	0.00216416	0.00216416	0.00216416	0.00216416	999
0.643	0.000801649	0.000801649	0.000801649	0.000801649	970
0.644	0.00160622	0.00160622	0.00160622	0.00160622	901
0.645	0.00220803	0.00220803	0.00220803	0.00220803	971
0.646	0.00137594	0.00137594	0.00137594	0.00137594	1014
0.647	0.00279401	0.00279401	0.00279401	0.00279401	935
0.648	0.00132376	0.00132376	0.00132376	0.00132376	989
0.649	0.00142338	0.00142338	0.00142338	0.00142338	958
0.65	0.00148082	0.00148082	0.00148082	0.00148082	970
0.651	0.000625498	0.000625498	0.000625498	0.000625498	1004
0.652	0.00186017	0.00186017	0.00186017	0.00186017	924
0.653	0.00118542	0.00118542	0.00118542	0.00118542	1015
0.654	0.0013867	0.0013867	0.0013867	0.0013867	932
0.655	0.000985477	0.000985477	0.000985477	0.000985477	964
0.656	0.00106279	0.00106279	0.00106279	0.00106279	962
0.657	0.00103926	0.00103926	0.00103926	0.00103926	968
0.658	0.000875814	0.000875814	0.000875814	0.000875814	860
0.659	0.000820138	0.000820138	0.000820138	0.000820138	1013
0.66	0.00127212	0.00127212	0.00127212	0.00127212	954
0.661	0.000898246	0.000898246	0.000898246	0.000898246	969
0.662	-3.77919e-05	-3.77919e-05	-3.77919e-05	-3.77919e-05	942
0.663	-0.000308744	-0.000308744	-0.000308744	-0.000308744	995
0.664	0.000708204	0.000708204	0.000708204	0.000708204	963
0.665	0.000200425	0.000200425	0.000200425	0.000200425	942
0.666	0.00082738	0.00082738	0.00082738	0.00082738	935
0.667	0.000830296	0.000830296	0.000830296	0.000830296	911
0.668	0.000499255	0.000499255	0.000499255	0.000499255	939
0.669	0.000756453	0.000756453	0.000756453	0.000756453	891
0.67	0.000957538	0.000957538	0.000957538	0.000957538	975
0.671	0.000802606	0.000802606	0.000802606	0.000802606	921
0.672	0.000491694	0.000491694	0.000491694	0.000491694	903
0.673	0.00105925	0.00105925	0.00105925	0.00105925	881
0.674	8.55615e-05	8.55615e-05	8.55615e-05	8.55615e-05	935
0.675	0.000739804	0.000739804	0.000739804	0.000739804	917
0.676	0.00180728	0.00180728	0.00180728	0.00180728	961
0.677	0.000733333	0.000733333	0.000733333	0.000733333	906
0.678	0.000371527	0.000371527	0.000371527	0.000371527	871
0.679	0.00104644	0.00104644	0.00104644	0.00104644	956
0.68	0.00100702	0.00100702	0.00100702	0.00100702	968
0.681	0.000373848	0.000373848	0.000373848	0.000373848	933
0.682	0.000852687	0.000852687	0.000852687	0.000852687	949
0.683	0.000530204	0.000530204	0.000530204	0.000530204	980
0.684	0.000556522	0.000556522	0.000556522	0.000556522	943
0.685	0.000387395	0.000387395	0.000387395	0.000387395	952
0.686	0.000627224	0.000627224	0.000627224	0.000627224	933
0.687	0.000912865	0.000912865	0.000912865	0.000912865	925
0.688	0.00131925	0.00131925	0.00131925	0.00131925	966
0.689	0.00027314	0.00027314	0.00027314	0.00027314	968
0.69	0.0010499	0.0010499	0.0010499	0.0010499	970
0.691	0.000116037	0.000116037	0.000116037	0.000116037	979
0.692	0.0001611	0.0001611	0.0001611	0.0001611	1018
0.693	0.000439757	0.000439757	0.000439757	0.000439757	986
0.694	0.000129007	0.000129007	0.000129007	0.000129007	1017
0.695	0.000218474	0.000218474	0.000218474	0.000218474	996
0.696	-8.45624e-05	-8.45624e-05	-8.45624e-05	-8.45624e-05	1017
0.697	-0.000108436	-0.000108436	-0.000108436	-0.000108436	1055
0.698	0.000942132	0.000942132	0.000942132	0.000942132	985
0.699	-0.000805491	-0.000805491	-0.000805491	-0.000805491	947
0.7	0.000120708	0.000120708	0.000120708	0.000120708	961
0.701	0.000921932	0.000921932	0.000921932	0.000921932	994
0.702	0.00106363	0.00106363	0.00106363	0.00106363	1009
0.703	0.000685137	0.000685137	0.000685137	0.000685137	989
0.704	0.000742973	0.000742973	0.000742973	0.000742973	989
0.705	0.000779394	0.000779394	0.000779394	0.000779394	990
0.706	0.000387144	0.000387144	0.000387144	0.000387144	1089
0.707	0.000534907	0.000534907	0.000534907	0.000534907	1017
0.708	0.000234608	0.000234608	0.000234608	0.000234608	994
0.709	0.0012079	0.0012079	0.0012079	0.0012079	962
0.71	0.000308108	0.000308108	0.000308108	0.000308108	962
0.711	0.000596768	0.000596768	0.000596768	0.000596768	990
0.712	3.56768e-05	3.56768e-05	3.56768e-05	3.56768e-05	953
0.713	0.00104357	0.00104357	0.00104357	0.00104357	987
0.714	0.000818857	0.000818857	0.000818857	0.000818857	997
0.715	0.000982449	0.000982449	0.000982449	0.000982449	980
0.716	0.00153061	0.00153061	0.00153061	0.00153061	1003
0.717	0.00175537	0.00175537	0.00175537	0.00175537	950
0.718	0.00106849	0.00106849	0.00106849	0.00106849	1022
0.719	0.000636674	0.000636674	0.000636674	0.000636674	938
0.72	0.000651751	0.000651751	0.000651751	0.000651751	1028
0.721	0.000826237	0.000826237	0.000826237	0.000826237	930
0.722	-0.000125355	-0.000125355	-0.000125355	-0.000125355	986
0.723	0.000708148	0.000708148	0.000708148	0.000708148	945
0.724	0.00147869	0.00147869	0.00147869	0.00147869	976
0.725	0.0004158	0.0004158	0.0004158	0.0004158	1038
0.726	0.000359917	0.000359917	0.000359917	0.000359917	968
0.727	0.00196926	0.00196926	0.00196926	0.00196926	976
0.728	0.000906768	0.000906768	0.000906768	0.000906768	1049
0.729	0.00115417	0.00115417	0.00115417	0.00115417	995
0.73	0.000717189	0.000717189	0.000717189	0.000717189	1053
0.731	0.000349896	0.000349896	0.000349896	0.000349896	966
0.732	0.000473391	0.000473391	0.000473391	0.000473391	1041
0.733	0.000557967	0.000557967	0.000557967	0.000557967	1023
0.734	0.000276956	0.000276956	0.000276956	0.000276956	946
0.735	0.000757085	0.000757085	0.000757085	0.000757085	988
0.736	0.000226738	0.000226738	0.000226738	0.000226738	935
0.737	7.84399e-05	7.84399e-05	7.84399e-05	7.84399e-05	923
0.738	0.000826694	0.000826694	0.000826694	0.000826694	989
0.739	0.00058945	0.00058945	0.00058945	0.00058945	891
0.74	0.000911382	0.000911382	0.000911382	0.000911382	984
0.741	0.000331049	0.000331049	0.000331049	0.000331049	963
0.742	0.000149772	0.000149772	0.000149772	0.000149772	876
0.743	0.000675602	0.000675602	0.000675602	0.000675602	955
0.744	0.000667822	0.000667822	0.000667822	0.000667822	923
0.745	0.00103238	0.00103238	0.00103238	0.00103238	976
0.746	0.00115362	0.00115362	0.00115362	0.00115362	966
0.747	0.00116225	0.00116225	0.00116225	0.00116225	996
0.748	0.00144516	0.00144516	0.00144516	0.00144516	1023
0.749	-0.000108041	-0.000108041	-0.000108041	-0.000108041	970
0.75	0.000757611	0.000757611	0.000757611	0.000757611	1038
0.751	0.000357652	0.000357652	0.000357652	0.000357652	954
0.752	0.00125765	0.00125765	0.00125765	0.00125765	1006
0.753	-0.000246945	-0.000246945	-0.000246945	-0.000246945	933
0.754	0.000671917	0.000671917	0.000671917	0.000671917	965
0.755	0.000269611	0.000269611	0.000269611	0.000269611	951
0.756	0.000718769	0.000718769	0.000718769	0.000718769	975
0.757	0.000525261	0.000525261	0.000525261	0.000525261	958
0.758	0.000654302	0.000654302	0.000654302	0.000654302	895
0.759	0.000489316	0.000489316	0.000489316	0.000489316	936
0.76	0.00155546	0.00155546	0.00155546	0.00155546	916
0.761	-1.71806e-05	-1.71806e-05	-1.71806e-05	-1.71806e-05	908
0.762	0.00150192	0.00150192	0.00150192	0.00150192	938
0.763	0.000796234	0.000796234	0.000796234	0.000796234	956
0.764	0.000533023	0.000533023	0.000533023	0.000533023	860
0.765	0.000353906	0.000353906	0.000353906	0.000353906	1024
0.766	0.0016058	0.0016058	0.0016058	0.0016058	966
0.767	0.000776687	0.000776687	0.000776687	0.000776687	978
0.768	0.00069732	0.00069732	0.00069732	0.00069732	970
0.769	0.000618834	0.000618834	0.000618834	0.000618834	892
0.77	0.000351135	0.000351135	0.000351135	0.000351135	925
0.771	0.000407925	0.000407925	0.000407925	0.000407925	959
0.772	0.000487764	0.000487764	0.000487764	0.000487764	948
0.773	4.4206e-05	4.4206e-05	4.4206e-05	4.4206e-05	932
0.774	0.000139095	0.000139095	0.000139095	0.000139095	972
0.775	-0.00035272	-0.00035272	-0.00035272	-0.00035272	956
0.776	0.00053759	0.00053759	0.00053759	0.00053759	971
0.777	0.000374946	0.000374946	0.000374946	0.000374946	926
0.778	-0.000238648	-0.000238648	-0.000238648	-0.000238648	947
0.779	0.000309787	0.000309787	0.000309787	0.000309787	940
0.78	0.000636066	0.000636066	0.000636066	0.000636066	976
0.781	-9.55032e-05	-9.55032e-05	-9.55032e-05	-9.55032e-05	934
0.782	0.000377459	0.000377459	0.000377459	0.000377459	905
0.783	2.375e-05	2.375e-05	2.375e-05	2.375e-05	960
0.784	-0.000464353	-0.000464353	-0.000464353	-0.000464353	951
0.785	-0.000142639	-0.000142639	-0.000142639	-0.000142639	917
0.786	-4.16756e-05	-4.16756e-05	-4.16756e-05	-4.16756e-05	931
0.787	-8.20744e-05	-8.20744e-05	-8.20744e-05	-8.20744e-05	887
0.788	0.000304497	0.000304497	0.000304497	0.000304497	934
0.789	-0.000580858	-0.000580858	-0.000580858	-0.000580858	909
0.79	2.15054e-06	2.15054e-06	2.15054e-06	2.15054e-06	930
0.791	-0.000183315	-0.000183315	-0.000183315	-0.000183315	923
0.792	0.000114898	0.000114898	0.000114898	0.000114898	933
0.793	-0.000702041	-0.000702041	-0.000702041	-0.000702041	980
0.794	0.000269159	0.000269159	0.000269159	0.000269159	963
0.795	-0.000432549	-0.000432549	-0.000432549	-0.000432549	1020
0.796	0.00011261	0.00011261	0.00011261	0.00011261	1023
0.797	-0.000134029	-0.000134029	-0.000134029	-0.000134029	958
0.798	0.000119106	0.000119106	0.000119106	0.000119106	984
0.799	-0.000606342	-0.000606342	-0.000606342	-0.000606342	946
0.8	0.000926009	0.000926009	0.000926009	0.000926009	892
0.801	0.000679639	0.000679639	0.000679639	0.000679639	997
0.802	0.000151029	0.000151029	0.000151029	0.000151029	972
0.803	-0.000504703	-0.000504703	-0.000504703	-0.000504703	978
0.804	-8.35214e-05	-8.35214e-05	-8.35214e-05	-8.35214e-05	886
0.805	-9.45148e-05	-9.45148e-05	-9.45148e-05	-9.45148e-05	948
0.806	8.26446e-06	8.26446e-06	8.26446e-06	8.26446e-06	968
0.807	0.000732295	0.000732295	0.000732295	0.000732295	963
0.808	0.000657928	0.000657928	0.000657928	0.000657928	946
0.809	0.000345235	0.000345235	0.000345235	0.000345235	913
0.81	0.000374865	0.000374865	0.000374865	0.000374865	923
0.811	0.000827586	0.000827586	0.000827586	0.000827586	957
0.812	0.000309283	0.000309283	0.000309283	0.000309283	948
0.813	-2.89738e-05	-2.89738e-05	-2.89738e-05	-2.89738e-05	994
0.814	0.00031204	0.00031204	0.00031204	0.00031204	1005
0.815	0.000236111	0.000236111	0.000236111	0.000236111	1008
0.816	0.000648024	0.000648024	0.000648024	0.000648024	987
0.817	0.000864747	0.000864747	0.000864747	0.000864747	1007
0.818	0.000778926	0.000778926	0.000778926	0.000778926	987
0.819	-0.000189972	-0.000189972	-0.000189972	-0.000189972	1057
0.82	0.000657114	0.000657114	0.000657114	0.000657114	991
0.821	-6.84904e-05	-6.84904e-05	-6.84904e-05	-6.84904e-05	987
0.822	0.000191692	0.000191692	0.000191692	0.000191692	987
0.823	0.000850595	0.000850595	0.000850595	0.000850595	925
0.824	0.000271429	0.000271429	0.000271429	0.000271429	896
0.825	0.000268547	0.000268547	0.000268547	0.000268547	922
0.826	-0.000459899	-0.000459899	-0.000459899	-0.000459899	995
0.827	0.000324812	0.000324812	0.000324812	0.000324812	931
0.828	0.000248363	0.000248363	0.000248363	0.000248363	947
0.829	-0.000342366	-0.000342366	-0.000342366	-0.000342366	930
0.83	0.000359706	0.000359706	0.000359706	0.000359706	953
0.831	-0.000130233	-0.000130233	-0.000130233	-0.000130233	989
0.832	0.000450814	0.000450814	0.000450814	0.000450814	921
0.833	-0.000221627	-0.000221627	-0.000221627	-0.000221627	971
0.834	-0.000650052	-0.000650052	-0.000650052	-0.000650052	955
0.835	-0.000223492	-0.000223492	-0.000223492	-0.000223492	945
0.836	-0.000344068	-0.000344068	-0.000344068	-0.000344068	944
0.837	-0.000447556	-0.000447556	-0.000447556	-0.000447556	900
0.838	-0.000539275	-0.000539275	-0.000539275	-0.000539275	965
0.839	-0.000504661	-0.000504661	-0.000504661	-0.000504661	944
0.84	5.06173e-05	5.06173e-05	5.06173e-05	5.06173e-05	972
0.841	-0.000777155	-0.000777155	-0.000777155	-0.000777155	963
0.842	-0.000451109	-0.000451109	-0.000451109	-0.000451109	947
0.843	0.00016338	0.00016338	0.00016338	0.00016338	923
0.844	-0.000566135	-0.000566135	-0.000566135	-0.000566135	1004
0.845	-0.000131682	-0.000131682	-0.000131682	-0.000131682	969
0.846	-4.28122e-05	-4.28122e-05	-4.28122e-05	-4.28122e-05	953
0.847	-0.000263495	-0.000263495	-0.000263495	-0.000263495	967
0.848	0.000235676	0.000235676	0.000235676	0.000235676	925
0.849	0.000289434	0.000289434	0.000289434	0.000289434	937
0.85	6e-05	6e-05	6e-05	6e-05	1000
0.851	0.000241322	0.000241322	0.000241322	0.000241322	968
0.852	-0.000179039	-0.000179039	-0.000179039	-0.000179039	916
0.853	-0.000717241	-0.000717241	-0.000717241	-0.000717241	928
0.854	0.000219876	0.000219876	0.000219876	0.000219876	966
0.855	0.000130536	0.000130536	0.000130536	0.000130536	858
0.856	-0.000625393	-0.000625393	-0.000625393	-0.000625393	953
0.857	0.000212351	0.000212351	0.000212351	0.000212351	923
0.858	0.00023659	0.00023659	0.00023659	0.00023659	962
0.859	0.000498964	0.000498964	0.000498964	0.000498964	869
0.86	-7.56757e-05	-7.56757e-05	-7.56757e-05	-7.56757e-05	925
0.861	-0.000484093	-0.000484093	-0.000484093	-0.000484093	899
0.862	0.00019784	0.00019784	0.00019784	0.00019784	926
0.863	0.000248229	0.000248229	0.000248229	0.000248229	875
0.864	-0.000456017	-0.000456017	-0.000456017	-0.000456017	964
0.865	-0.000345131	-0.000345131	-0.000345131	-0.000345131	955
0.866	0.000291532	0.000291532	0.000291532	0.000291532	992
0.867	-0.00111552	-0.00111552	-0.00111552	-0.00111552	947
0.868	-0.000506639	-0.000506639	-0.000506639	-0.000506639	979
0.869	0.000208324	0.000208324	0.000208324	0.000208324	889
0.87	0.000241788	0.000241788	0.000241788	0.000241788	895
0.871	0.000169657	0.000169657	0.000169657	0.000169657	903
0.872	-0.000299891	-0.000299891	-0.000299891	-0.000299891	915
0.873	0.000100331	0.000100331	0.000100331	0.000100331	905
0.874	9.53975e-05	9.53975e-05	9.53975e-05	9.53975e-05	956
0.875	-0.00026181	-0.00026181	-0.00026181	-0.00026181	906
0.876	-0.000275745	-0.000275745	-0.000275745	-0.000275745	940
0.877	-0.00013455	-0.00013455	-0.00013455	-0.00013455	877
0.878	0.000180392	0.000180392	0.000180392	0.000180392	918
0.879	0.000175417	0.000175417	0.000175417	0.000175417	960
0.88	-7.98283e-05	-7.98283e-05	-7.98283e-05	-7.98283e-05	932
0.881	-7.98328e-05	-7.98328e-05	-7.98328e-05	-7.98328e-05	957
0.882	0.000280295	0.000280295	0.000280295	0.000280295	949
0.883	-0.000181022	-0.000181022	-0.000181022	-0.000181022	959
0.884	-0.000235217	-0.000235217	-0.000235217	-0.000235217	920
0.885	0.000259941	0.000259941	0.000259941	0.000259941	1011
0.886	0.000470796	0.000470796	0.000470796	0.000470796	904
0.887	-8.11839e-05	-8.11839e-05	-8.11839e-05	-8.11839e-05	946
0.888	0.000368627	0.000368627	0.000368627	0.000368627	969
0.889	2.05761e-05	2.05761e-05	2.05761e-05	2.05761e-05	972
0.89	0.000148684	0.000148684	0.000148684	0.000148684	912
0.891	0.000527967	0.000527967	0.000527967	0.000527967	969
0.892	0.000334133	0.000334133	0.000334133	0.000334133	917
0.893	0.000254618	0.000254618	0.000254618	0.000254618	996
0.894	2.99559e-05	2.99559e-05	2.99559e-05	2.99559e-05	908
0.895	-0.000482062	-0.000482062	-0.000482062	-0.000482062	931
0.896	-8.86532e-05	-8.86532e-05	-8.86532e-05	-8.86532e-05	943
0.897	-0.000220408	-0.000220408	-0.000220408	-0.000220408	931
0.898	-3.8961e-05	-3.8961e-05	-3.8961e-05	-3.8961e-05	924
0.899	-7.30503e-05	-7.30503e-05	-7.30503e-05	-7.30503e-05	1013
0.9	-0.000594538	-0.000594538	-0.000594538	-0.000594538	952
0.901	-0.000228757	-0.000228757	-0.000228757	-0.000228757	925
0.902	0.000396004	0.000396004	0.000396004	0.000396004	1001
0.903	-0.000109446	-0.000109446	-0.000109446	-0.000109446	921
0.904	-0.000216838	-0.000216838	-0.000216838	-0.000216838	974
0.905	-0.000609864	-0.000609864	-0.000609864	-0.000609864	953
0.906	-0.0004	-0.0004	-0.0004	-0.0004	1023
0.907	0.000778368	0.000778368	0.000778368	0.000778368	1017
0.908	0.000847231	0.000847231	0.000847231	0.000847231	957
0.909	-0.000223445	-0.000223445	-0.000223445	-0.000223445	981
0.91	0.000107256	0.000107256	0.000107256	0.000107256	951
0.911	0.000373449	0.000373449	0.000373449	0.000373449	919
0.912	0.000187633	0.000187633	0.000187633	0.000187633	938
0.913	0.000418762	0.000418762	0.000418762	0.000418762	1002
0.914	0.000598783	0.000598783	0.000598783	0.000598783	986
0.915	0.000463626	0.000463626	0.000463626	0.000463626	899
0.916	0.000694912	0.000694912	0.000694912	0.000694912	963
0.917	0.000128033	0.000128033	0.000128033	0.000128033	956
0.918	5.59585e-05	5.59585e-05	5.59585e-05	5.59585e-05	965
0.919	0.000585607	0.000585607	0.000585607	0.000585607	931
0.92	-7.33906e-05	-7.33906e-05	-7.33906e-05	-7.33906e-05	932
0.921	0.000145027	0.000145027	0.000145027	0.000145027	935
0.922	9.49555e-05	9.49555e-05	9.49555e-05	9.49555e-05	1011
0.923	-0.000121158	-0.000121158	-0.000121158	-0.000121158	898
0.924	0.000303406	0.000303406	0.000303406	0.000303406	969
0.925	0.000267544	0.000267544	0.000267544	0.000267544	912
0.926	-0.000110088	-0.000110088	-0.000110088	-0.000110088	912
0.927	0.000325027	0.000325027	0.000325027	0.000325027	939
0.928	-0.000352	-0.000352	-0.000352	-0.000352	975
0.929	1.7759e-05	1.7759e-05	1.7759e-05	1.7759e-05	946
0.93	-1.06839e-18	-1.06839e-18	-1.06839e-18	-1.06839e-18	888
0.931	-0.000486476	-0.000486476	-0.000486476	-0.000486476	1013
0.932	-0.000451271	-0.000451271	-0.000451271	-0.000451271	905
0.933	-0.000259149	-0.000259149	-0.000259149	-0.000259149	940
0.934	-0.000187789	-0.000187789	-0.000187789	-0.000187789	950
0.935	9.12355e-05	9.12355e-05	9.12355e-05	9.12355e-05	947
0.936	0.00067793	0.00067793	0.00067793	0.00067793	947
0.937	5.13369e-05	5.13369e-05	5.13369e-05	5.13369e-05	935
0.938	-0.000213362	-0.000213362	-0.000213362	-0.000213362	928
0.939	-0.000374136	-0.000374136	-0.000374136	-0.000374136	897
0.94	-0.000755277	-0.000755277	-0.000755277	-0.000755277	957
0.941	-0.000643554	-0.000643554	-0.000643554	-0.000643554	923
0.942	3.30579e-06	3.30579e-06	3.30579e-06	3.30579e-06	968
0.943	-0.000170402	-0.000170402	-0.000170402	-0.000170402	946
0.944	-0.000240353	-0.000240353	-0.000240353	-0.000240353	907
0.945	0.000660412	0.000660412	0.000660412	0.000660412	874
0.946	-0.000576803	-0.000576803	-0.000576803	-0.000576803	957
0.947	-8.84811e-05	-8.84811e-05	-8.84811e-05	-8.84811e-05	981
0.948	9.95633e-05	9.95633e-05	9.95633e-05	9.95633e-05	916
0.949	-0.000697863	-0.000697863	-0.000697863	-0.000697863	936
0.95	1.31291e-06	1.31291e-06	1.31291e-06	1.31291e-06	914
0.951	0.000313376	0.000313376	0.000313376	0.000313376	942
0.952	-1.70115e-05	-1.70115e-05	-1.70115e-05	-1.70115e-05	870
0.953	0.000586333	0.000586333	0.000586333	0.000586333	878
0.954	-0.000441015	-0.000441015	-0.000441015	-0.000441015	946
0.955	-0.000136393	-0.000136393	-0.000136393	-0.000136393	915
0.956	-0.000432258	-0.000432258	-0.000432258	-0.000432258	930
0.957	-0.000273362	-0.000273362	-0.000273362	-0.000273362	916
0.958	-0.000126468	-0.000126468	-0.000126468	-0.000126468	971
0.959	-0.000739251	-0.000739251	-0.000739251	-0.000739251	935
0.96	-0.000197793	-0.000197793	-0.000197793	-0.000197793	997
0.961	-0.000894118	-0.000894118	-0.000894118	-0.000894118	901
0.962	-0.000543096	-0.000543096	-0.000543096	-0.000543096	956
0.963	-0.00048478	-0.00048478	-0.00048478	-0.00048478	887
0.964	-0.000229153	-0.000229153	-0.000229153	-0.000229153	885
0.965	-0.000844248	-0.000844248	-0.000844248	-0.000844248	904
0.966	-0.000361305	-0.000361305	-0.000361305	-0.000361305	889
0.967	-0.0005	-0.0005	-0.0005	-0.0005	912
0.968	-0.000838641	-0.000838641	-0.000838641	-0.000838641	942
0.969	-0.000580922	-0.000580922	-0.000580922	-0.000580922	933
0.97	-0.00075	-0.00075	-0.00075	-0.00075	992
0.971	-0.00075352	-0.00075352	-0.00075352	-0.00075352	895
0.972	-0.00100109	-0.00100109	-0.00100109	-0.00100109	917
0.973	-0.00072009	-0.00072009	-0.00072009	-0.00072009	886
0.974	-0.000228151	-0.000228151	-0.000228151	-0.000228151	952
0.975	-0.000463499	-0.000463499	-0.000463499	-0.000463499	863
0.976	0.00025042	0.00025042	0.00025042	0.00025042	952
0.977	-0.000434199	-0.000434199	-0.000434199	-0.000434199	924
0.978	-0.000999151	-0.000999151	-0.000999151	-0.000999151	942
0.979	-0.000667362	-0.000667362	-0.000667362	-0.000667362	959
0.98	-0.000631625	-0.000631625	-0.000631625	-0.000631625	917
0.981	-0.000399571	-0.000399571	-0.000399571	-0.000399571	932
0.982	0.000397245	0.000397245	0.000397245	0.000397245	871
0.983	-0.000817967	-0.000817967	-0.000817967	-0.000817967	846
0.984	-0.000147987	-0.000147987	-0.000147987	-0.000147987	919
0.985	-0.000216454	-0.000216454	-0.000216454	-0.000216454	863
0.986	9.20188e-05	9.20188e-05	9.20188e-05	9.20188e-05	852
0.987	0.000532574	0.000532574	0.000532574	0.000532574	878
0.988	0.00038925	0.00038925	0.00038925	0.00038925	893
0.989	0.000118033	0.000118033	0.000118033	0.000118033	854
0.99	5.4732e-05	5.4732e-05	5.4732e-05	5.4732e-05	877
0.991	0.000102326	0.000102326	0.000102326	0.000102326	903
0.992	-0.000428176	-0.000428176	-0.000428176	-0.000428176	866
0.993	4.09556e-05	4.09556e-05	4.09556e-05	4.09556e-05	879
0.994	-0.000198411	-0.000198411	-0.000198411	-0.000198411	881
0.995	-0.000407683	-0.000407683	-0.000407683	-0.000407683	833
0.996	-0.000326627	-0.000326627	-0.000326627	-0.000326627	845
0.997	9.15718e-05	9.15718e-05	9.15718e-05	9.15718e-05	878
0.998	0.000468013	0.000468013	0.000468013	0.000468013	941
0.999	-0.0003827	-0.0003827	-0.0003827	-0.0003827	948
1	0.000147732	0.000147732	0.000147732	0.000147732	926
