0.001	0.0686852	0.0686852	0.0686852	0.0686852	2954
0.002	0.0635942	0.0635942	0.0635942	0.0635942	2486
0.003	0.0613056	0.0613056	0.0613056	0.0613056	2177
0.004	0.0599241	0.0599241	0.0599241	0.0599241	1851
0.005	0.0531629	0.0531629	0.0531629	0.0531629	1734
0.006	0.0516053	0.0516053	0.0516053	0.0516053	1664
0.007	0.0488421	0.0488421	0.0488421	0.0488421	1595
0.008	0.0475854	0.0475854	0.0475854	0.0475854	1505
0.009	0.0462768	0.0462768	0.0462768	0.0462768	1425
0.01	0.0430617	0.0430617	0.0430617	0.0430617	1383
0.011	0.0440389	0.0440389	0.0440389	0.0440389	1325
0.012	0.0403721	0.0403721	0.0403721	0.0403721	1320
0.013	0.0410207	0.0410207	0.0410207	0.0410207	1209
0.014	0.0392454	0.0392454	0.0392454	0.0392454	1234
0.015	0.0388053	0.0388053	0.0388053	0.0388053	1202
0.016	0.0353942	0.0353942	0.0353942	0.0353942	1164
0.017	0.0355708	0.0355708	0.0355708	0.0355708	1204
0.018	0.0329419	0.0329419	0.0329419	0.0329419	1209
0.019	0.0365127	0.0365127	0.0365127	0.0365127	1114
0.02	0.0326151	0.0326151	0.0326151	0.0326151	1062
0.021	0.0330959	0.0330959	0.0330959	0.0330959	1041
0.022	0.0311215	0.0311215	0.0311215	0.0311215	1182
0.023	0.0322919	0.0322919	0.0322919	0.0322919	1099
0.024	0.0308435	0.0308435	0.0308435	0.0308435	1058
0.025	0.0320818	0.0320818	0.0320818	0.0320818	1086
0.026	0.0289711	0.0289711	0.0289711	0.0289711	1122
0.027	0.0315082	0.0315082	0.0315082	0.0315082	1089
0.028	0.0281061	0.0281061	0.0281061	0.0281061	1007
0.029	0.0298133	0.0298133	0.0298133	0.0298133	1039
0.03	0.0296974	0.0296974	0.0296974	0.0296974	1014
0.031	0.0266004	0.0266004	0.0266004	0.0266004	1016
0.032	0.0257588	0.0257588	0.0257588	0.0257588	995
0.033	0.0280322	0.0280322	0.0280322	0.0280322	1020
0.034	0.0264237	0.0264237	0.0264237	0.0264237	944
0.035	0.0259364	0.0259364	0.0259364	0.0259364	1057
0.036	0.0241558	0.0241558	0.0241558	0.0241558	960
0.037	0.023038	0.023038	0.023038	0.023038	980
0.038	0.0215059	0.0215059	0.0215059	0.0215059	969
0.039	0.0229336	0.0229336	0.0229336	0.0229336	967
0.04	0.0220681	0.0220681	0.0220681	0.0220681	992
0.041	0.021678	0.021678	0.021678	0.021678	995
0.042	0.0219718	0.0219718	0.0219718	0.0219718	992
0.043	0.0210006	0.0210006	0.0210006	0.0210006	983
0.044	0.0208039	0.0208039	0.0208039	0.0208039	1013
0.045	0.0237836	0.0237836	0.0237836	0.0237836	954
0.046	0.023504	0.023504	0.023504	0.023504	1029
0.047	0.0209003	0.0209003	0.0209003	0.0209003	1033
0.048	0.0207978	0.0207978	0.0207978	0.0207978	923
0.049	0.0197289	0.0197289	0.0197289	0.0197289	999
0.05	0.0175395	0.0175395	0.0175395	0.0175395	946
0.051	0.0176354	0.0176354	0.0176354	0.0176354	939
0.052	0.0178619	0.0178619	0.0178619	0.0178619	959
0.053	0.0190375	0.0190375	0.0190375	0.0190375	901
0.054	0.0193888	0.0193888	0.0193888	0.0193888	964
0.055	0.0185002	0.0185002	0.0185002	0.0185002	958
0.056	0.0171811	0.0171811	0.0171811	0.0171811	870
0.057	0.0181675	0.0181675	0.0181675	0.0181675	984
0.058	0.0164942	0.0164942	0.0164942	0.0164942	947
0.059	0.0139076	0.0139076	0.0139076	0.0139076	922
0.06	0.0154156	0.0154156	0.0154156	0.0154156	870
0.061	0.0176997	0.0176997	0.0176997	0.0176997	963
0.062	0.0160335	0.0160335	0.0160335	0.0160335	919
0.063	0.0160834	0.0160834	0.0160834	0.0160834	892
0.064	0.0158755	0.0158755	0.0158755	0.0158755	877
0.065	0.0163572	0.0163572	0.0163572	0.0163572	907
0.066	0.015666	0.015666	0.015666	0.015666	854
0.067	0.0162361	0.0162361	0.0162361	0.0162361	920
0.068	0.0157192	0.0157192	0.0157192	0.0157192	906
0.069	0.0139622	0.0139622	0.0139622	0.0139622	911
0.07	0.015537	0.015537	0.015537	0.015537	921
0.071	0.0144693	0.0144693	0.0144693	0.0144693	918
0.072	0.0147215	0.0147215	0.0147215	0.0147215	907
0.073	0.0132497	0.0132497	0.0132497	0.0132497	885
0.074	0.016097	0.016097	0.016097	0.016097	899
0.075	0.0149972	0.0149972	0.0149972	0.0149972	933
0.076	0.0127377	0.0127377	0.0127377	0.0127377	893
0.077	0.0130396	0.0130396	0.0130396	0.0130396	863
0.078	0.0126685	0.0126685	0.0126685	0.0126685	922
0.079	0.0136789	0.0136789	0.0136789	0.0136789	908
0.08	0.0103425	0.0103425	0.0103425	0.0103425	960
0.081	0.0121747	0.0121747	0.0121747	0.0121747	916
0.082	0.0116311	0.0116311	0.0116311	0.0116311	913
0.083	0.0116844	0.0116844	0.0116844	0.0116844	877
0.084	0.00905737	0.00905737	0.00905737	0.00905737	875
0.085	0.0103636	0.0103636	0.0103636	0.0103636	913
0.086	0.00929576	0.00929576	0.00929576	0.00929576	919
0.087	0.00669048	0.00669048	0.00669048	0.00669048	924
0.088	0.00923887	0.00923887	0.00923887	0.00923887	885
0.089	0.0106653	0.0106653	0.0106653	0.0106653	873
0.09	0.0083483	0.0083483	0.0083483	0.0083483	913
0.091	0.00899076	0.00899076	0.00899076	0.00899076	887
0.092	0.00843601	0.00843601	0.00843601	0.00843601	922
0.093	0.00806403	0.00806403	0.00806403	0.00806403	937
0.094	0.00897739	0.00897739	0.00897739	0.00897739	911
0.095	0.00739416	0.00739416	0.00739416	0.00739416	925
0.096	0.00562572	0.00562572	0.00562572	0.00562572	902
0.097	0.00821797	0.00821797	0.00821797	0.00821797	846
0.098	0.00821794	0.00821794	0.00821794	0.00821794	892
0.099	0.00779618	0.00779618	0.00779618	0.00779618	889
0.1	0.00841473	0.00841473	0.00841473	0.00841473	869
0.101	0.00909526	0.00909526	0.00909526	0.00909526	844
0.102	0.00776654	0.00776654	0.00776654	0.00776654	819
0.103	0.00795703	0.00795703	0.00795703	0.00795703	875
0.104	0.00732082	0.00732082	0.00732082	0.00732082	831
0.105	0.00754592	0.00754592	0.00754592	0.00754592	821
0.106	0.00694662	0.00694662	0.00694662	0.00694662	873
0.107	0.0082116	0.0082116	0.0082116	0.0082116	845
0.108	0.00600093	0.00600093	0.00600093	0.00600093	856
0.109	0.00706	0.00706	0.00706	0.00706	800
0.11	0.00662743	0.00662743	0.00662743	0.00662743	853
0.111	0.00579123	0.00579123	0.00579123	0.00579123	889
0.112	0.00607587	0.00607587	0.00607587	0.00607587	891
0.113	0.00764517	0.00764517	0.00764517	0.00764517	859
0.114	0.00708674	0.00708674	0.00708674	0.00708674	837
0.115	0.00509015	0.00509015	0.00509015	0.00509015	863
0.116	0.00457047	0.00457047	0.00457047	0.00457047	833
0.117	0.00615771	0.00615771	0.00615771	0.00615771	837
0.118	0.00550136	0.00550136	0.00550136	0.00550136	811
0.119	0.00696134	0.00696134	0.00696134	0.00696134	833
0.12	0.00597003	0.00597003	0.00597003	0.00597003	921
0.121	0.00605881	0.00605881	0.00605881	0.00605881	823
0.122	0.00590942	0.00590942	0.00590942	0.00590942	839
0.123	0.00578824	0.00578824	0.00578824	0.00578824	782
0.124	0.00542519	0.00542519	0.00542519	0.00542519	794
0.125	0.00424384	0.00424384	0.00424384	0.00424384	812
0.126	0.00486936	0.00486936	0.00486936	0.00486936	865
0.127	0.00450224	0.00450224	0.00450224	0.00450224	892
0.128	0.00520554	0.00520554	0.00520554	0.00520554	794
0.129	0.00583711	0.00583711	0.00583711	0.00583711	830
0.13	0.00449137	0.00449137	0.00449137	0.00449137	950
0.131	0.00503202	0.00503202	0.00503202	0.00503202	862
0.132	0.00636415	0.00636415	0.00636415	0.00636415	848
0.133	0.0060783	0.0060783	0.0060783	0.0060783	848
0.134	0.00418326	0.00418326	0.00418326	0.00418326	884
0.135	0.00391754	0.00391754	0.00391754	0.00391754	844
0.136	0.00377756	0.00377756	0.00377756	0.00377756	811
0.137	0.00345037	0.00345037	0.00345037	0.00345037	818
0.138	0.00276019	0.00276019	0.00276019	0.00276019	834
0.139	0.00407264	0.00407264	0.00407264	0.00407264	793
0.14	0.0037651	0.0037651	0.0037651	0.0037651	785
0.141	0.00301916	0.00301916	0.00301916	0.00301916	783
0.142	0.00409642	0.00409642	0.00409642	0.00409642	809
0.143	0.00261901	0.00261901	0.00261901	0.00261901	831
0.144	0.00204687	0.00204687	0.00204687	0.00204687	862
0.145	0.00258327	0.00258327	0.00258327	0.00258327	801
0.146	0.00359402	0.00359402	0.00359402	0.00359402	803
0.147	0.00317522	0.00317522	0.00317522	0.00317522	807
0.148	0.0023399	0.0023399	0.0023399	0.0023399	792
0.149	0.00418515	0.00418515	0.00418515	0.00418515	808
0.15	0.00330421	0.00330421	0.00330421	0.00330421	902
0.151	0.0022391	0.0022391	0.0022391	0.0022391	885
0.152	0.00244856	0.00244856	0.00244856	0.00244856	832
0.153	0.00219446	0.00219446	0.00219446	0.00219446	866
0.154	0.00310023	0.00310023	0.00310023	0.00310023	862
0.155	0.00535482	0.00535482	0.00535482	0.00535482	788
0.156	0.00371779	0.00371779	0.00371779	0.00371779	832
0.157	0.00364619	0.00364619	0.00364619	0.00364619	866
0.158	0.00459439	0.00459439	0.00459439	0.00459439	856
0.159	0.00336266	0.00336266	0.00336266	0.00336266	873
0.16	0.00262402	0.00262402	0.00262402	0.00262402	891
0.161	0.00318393	0.00318393	0.00318393	0.00318393	871
0.162	0.00343488	0.00343488	0.00343488	0.00343488	906
0.163	0.00281784	0.00281784	0.00281784	0.00281784	852
0.164	0.00383439	0.00383439	0.00383439	0.00383439	884
0.165	0.00176065	0.00176065	0.00176065	0.00176065	859
0.166	0.00243294	0.00243294	0.00243294	0.00243294	838
0.167	0.0035244	0.0035244	0.0035244	0.0035244	836
0.168	0.00149599	0.00149599	0.00149599	0.00149599	823
0.169	0.00364735	0.00364735	0.00364735	0.00364735	904
0.17	0.00233394	0.00233394	0.00233394	0.00233394	872
0.171	0.00206294	0.00206294	0.00206294	0.00206294	858
0.172	0.0026602	0.0026602	0.0026602	0.0026602	804
0.173	0.00160526	0.00160526	0.00160526	0.00160526	837
0.174	0.00199238	0.00199238	0.00199238	0.00199238	787
0.175	0.00195882	0.00195882	0.00195882	0.00195882	777
0.176	0.00236923	0.00236923	0.00236923	0.00236923	819
0.177	0.00273172	0.00273172	0.00273172	0.00273172	785
0.178	0.00147776	0.00147776	0.00147776	0.00147776	841
0.179	0.00166332	0.00166332	0.00166332	0.00166332	777
0.18	0.00265425	0.00265425	0.00265425	0.00265425	741
0.181	0.00152639	0.00152639	0.00152639	0.00152639	826
0.182	0.00239065	0.00239065	0.00239065	0.00239065	770
0.183	0.00272538	0.00272538	0.00272538	0.00272538	788
0.184	0.00115503	0.00115503	0.00115503	0.00115503	765
0.185	0.00168762	0.00168762	0.00168762	0.00168762	808
0.186	0.00120255	0.00120255	0.00120255	0.00120255	785
0.187	0.00125404	0.00125404	0.00125404	0.00125404	755
0.188	0.00229189	0.00229189	0.00229189	0.00229189	814
0.189	0.001742	0.001742	0.001742	0.001742	800
0.19	0.00122983	0.00122983	0.00122983	0.00122983	751
0.191	0.00262687	0.00262687	0.00262687	0.00262687	774
0.192	0.00247898	0.00247898	0.00247898	0.00247898	785
0.193	0.00226408	0.00226408	0.00226408	0.00226408	721
0.194	0.0018205	0.0018205	0.0018205	0.0018205	800
0.195	0.00167065	0.00167065	0.00167065	0.00167065	753
0.196	0.00124821	0.00124821	0.00124821	0.00124821	755
0.197	0.0017442	0.0017442	0.0017442	0.0017442	810
0.198	0.00186683	0.00186683	0.00186683	0.00186683	811
0.199	0.00125455	0.00125455	0.00125455	0.00125455	770
0.2	0.00108499	0.00108499	0.00108499	0.00108499	786
0.201	0.0016025	0.0016025	0.0016025	0.0016025	800
0.202	0.000880863	0.000880863	0.000880863	0.000880863	742
0.203	0.000771176	0.000771176	0.000771176	0.000771176	791
0.204	0.00056917	0.00056917	0.00056917	0.00056917	759
0.205	0.00070847	0.00070847	0.00070847	0.00070847	791
0.206	0.000322868	0.000322868	0.000322868	0.000322868	809
0.207	0.000905081	0.000905081	0.000905081	0.000905081	807
0.208	-0.000378571	-0.000378571	-0.000378571	-0.000378571	784
0.209	-0.000153132	-0.000153132	-0.000153132	-0.000153132	862
0.21	0.000137313	0.000137313	0.000137313	0.000137313	871
0.211	0.000454254	0.000454254	0.000454254	0.000454254	811
0.212	0.000809379	0.000809379	0.000809379	0.000809379	853
0.213	0.000648292	0.000648292	0.000648292	0.000648292	849
0.214	0.000406391	0.000406391	0.000406391	0.000406391	751
0.215	0.000340283	0.000340283	0.000340283	0.000340283	777
0.216	0.00149439	0.00149439	0.00149439	0.00149439	784
0.217	0.00125282	0.00125282	0.00125282	0.00125282	780
0.218	-0.000511735	-0.000511735	-0.000511735	-0.000511735	784
0.219	-0.000768545	-0.000768545	-0.000768545	-0.000768545	852
0.22	0.000136643	0.000136643	0.000136643	0.000136643	846
0.221	0.0012698	0.0012698	0.0012698	0.0012698	831
0.222	0.000786728	0.000786728	0.000786728	0.000786728	874
0.223	3.64912e-05	3.64912e-05	3.64912e-05	3.64912e-05	855
0.224	-0.000689474	-0.000689474	-0.000689474	-0.000689474	836
0.225	0.00092155	0.00092155	0.00092155	0.00092155	826
0.226	0.000509772	0.000509772	0.000509772	0.000509772	747
0.227	0.000218599	0.000218599	0.000218599	0.000218599	785
0.228	-2.13469e-05	-2.13469e-05	-2.13469e-05	-2.13469e-05	787
0.229	0.000760347	0.000760347	0.000760347	0.000760347	807
0.23	0.00104091	0.00104091	0.00104091	0.00104091	880
0.231	7.8355e-05	7.8355e-05	7.8355e-05	7.8355e-05	924
0.232	-5.30934e-05	-5.30934e-05	-5.30934e-05	-5.30934e-05	889
0.233	0.000851905	0.000851905	0.000851905	0.000851905	840
0.234	-0.000165831	-0.000165831	-0.000165831	-0.000165831	878
0.235	0.000446136	0.000446136	0.000446136	0.000446136	841
0.236	-0.000351185	-0.000351185	-0.000351185	-0.000351185	844
0.237	-0.000218938	-0.000218938	-0.000218938	-0.000218938	866
0.238	-0.000504229	-0.000504229	-0.000504229	-0.000504229	875
0.239	-2.05514e-05	-2.05514e-05	-2.05514e-05	-2.05514e-05	798
0.24	-0.000946237	-0.000946237	-0.000946237	-0.000946237	837
0.241	-0.000717723	-0.000717723	-0.000717723	-0.000717723	773
0.242	0.000154745	0.000154745	0.000154745	0.000154745	822
0.243	0.000798086	0.000798086	0.000798086	0.000798086	836
0.244	0.000169726	0.000169726	0.000169726	0.000169726	839
0.245	0.000561991	0.000561991	0.000561991	0.000561991	884
0.246	0.000241148	0.000241148	0.000241148	0.000241148	836
0.247	0.000735773	0.000735773	0.000735773	0.000735773	847
0.248	0.000254364	0.000254364	0.000254364	0.000254364	802
0.249	0.000905679	0.000905679	0.000905679	0.000905679	810
0.25	0.00044549	0.00044549	0.00044549	0.00044549	765
0.251	0.000726973	0.000726973	0.000726973	0.000726973	849
0.252	0.000980097	0.000980097	0.000980097	0.000980097	824
0.253	0.000128608	0.000128608	0.000128608	0.000128608	790
0.254	0.00030934	0.00030934	0.00030934	0.00030934	803
0.255	0.00178182	0.00178182	0.00178182	0.00178182	847
0.256	0.00157513	0.00157513	0.00157513	0.00157513	772
0.257	-7.84416e-05	-7.84416e-05	-7.84416e-05	-7.84416e-05	770
0.258	-0.000413093	-0.000413093	-0.000413093	-0.000413093	886
0.259	-0.0003806	-0.0003806	-0.0003806	-0.0003806	866
0.26	0.000382143	0.000382143	0.000382143	0.000382143	784
0.261	-0.000367442	-0.000367442	-0.000367442	-0.000367442	774
0.262	0.000631034	0.000631034	0.000631034	0.000631034	812
0.263	0.000446192	0.000446192	0.000446192	0.000446192	814
0.264	0.000242623	0.000242623	0.000242623	0.000242623	793
0.265	0.00048534	0.00048534	0.00048534	0.00048534	764
0.266	0.000538076	0.000538076	0.000538076	0.000538076	759
0.267	-0.000316484	-0.000316484	-0.000316484	-0.000316484	728
0.268	0.000837103	0.000837103	0.000837103	0.000837103	787
0.269	0.000194359	0.000194359	0.000194359	0.000194359	780
0.27	-0.000412853	-0.000412853	-0.000412853	-0.000412853	778
0.271	-0.00036535	-0.00036535	-0.00036535	-0.00036535	785
0.272	0.000619048	0.000619048	0.000619048	0.000619048	840
0.273	2.98716e-05	2.98716e-05	2.98716e-05	2.98716e-05	857
0.274	0.00179157	0.00179157	0.00179157	0.00179157	783
0.275	0.000338385	0.000338385	0.000338385	0.000338385	805
0.276	0.000523772	0.000523772	0.000523772	0.000523772	753
0.277	0.00101506	0.00101506	0.00101506	0.00101506	770
0.278	0.000990579	0.000990579	0.000990579	0.000990579	743
0.279	0.000166221	0.000166221	0.000166221	0.000166221	823
0.28	0.000950365	0.000950365	0.000950365	0.000950365	822
0.281	0.000425743	0.000425743	0.000425743	0.000425743	808
0.282	0.000823873	0.000823873	0.000823873	0.000823873	821
0.283	0.00204553	0.00204553	0.00204553	0.00204553	817
0.284	0.00207199	0.00207199	0.00207199	0.00207199	739
0.285	0.00199843	0.00199843	0.00199843	0.00199843	766
0.286	0.00131307	0.00131307	0.00131307	0.00131307	750
0.287	0.00136115	0.00136115	0.00136115	0.00136115	762
0.288	0.00118872	0.00118872	0.00118872	0.00118872	745
0.289	0.000902682	0.000902682	0.000902682	0.000902682	783
0.29	0.0025454	0.0025454	0.0025454	0.0025454	729
0.291	0.00176749	0.00176749	0.00176749	0.00176749	769
0.292	0.00133013	0.00133013	0.00133013	0.00133013	790
0.293	0.000787911	0.000787911	0.000787911	0.000787911	761
0.294	0.000823256	0.000823256	0.000823256	0.000823256	774
0.295	0.00033557	0.00033557	0.00033557	0.00033557	745
0.296	0.000992704	0.000992704	0.000992704	0.000992704	795
0.297	0.000192355	0.000192355	0.000192355	0.000192355	811
0.298	0.00074	0.00074	0.00074	0.00074	760
0.299	0.000750656	0.000750656	0.000750656	0.000750656	762
0.3	0.000716981	0.000716981	0.000716981	0.000716981	742
0.301	0.00072445	0.00072445	0.00072445	0.00072445	773
0.302	0.000507751	0.000507751	0.000507751	0.000507751	787
0.303	0.000896323	0.000896323	0.000896323	0.000896323	843
0.304	0.000275862	0.000275862	0.000275862	0.000275862	812
0.305	0.000856359	0.000856359	0.000856359	0.000856359	802
0.306	0.000331073	0.000331073	0.000331073	0.000331073	708
0.307	0.000649604	0.000649604	0.000649604	0.000649604	758
0.308	0.000557014	0.000557014	0.000557014	0.000557014	777
0.309	0.000443767	0.000443767	0.000443767	0.000443767	722
0.31	0.000972073	0.000972073	0.000972073	0.000972073	709
0.311	0.000836314	0.000836314	0.000836314	0.000836314	738
0.312	0.000718687	0.000718687	0.000718687	0.000718687	792
0.313	0.000677427	0.000677427	0.000677427	0.000677427	793
0.314	0.000353785	0.000353785	0.000353785	0.000353785	753
0.315	0.000151857	0.000151857	0.000151857	0.000151857	727
0.316	0.00150773	0.00150773	0.00150773	0.00150773	815
0.317	0.00069745	0.00069745	0.00069745	0.00069745	745
0.318	-0.000384416	-0.000384416	-0.000384416	-0.000384416	770
0.319	-0.000140921	-0.000140921	-0.000140921	-0.000140921	738
0.32	0.000198404	0.000198404	0.000198404	0.000198404	752
0.321	0.0008176	0.0008176	0.0008176	0.0008176	750
0.322	0.00144848	0.00144848	0.00144848	0.00144848	792
0.323	-0.000181415	-0.000181415	-0.000181415	-0.000181415	721
0.324	0.00104544	0.00104544	0.00104544	0.00104544	779
0.325	0.00120834	0.00120834	0.00120834	0.00120834	815
0.326	0.00108254	0.00108254	0.00108254	0.00108254	773
0.327	0.0006402	0.0006402	0.0006402	0.0006402	801
0.328	0.00178446	0.00178446	0.00178446	0.00178446	798
0.329	0.000188862	0.000188862	0.000188862	0.000188862	826
0.33	-0.00018815	-0.00018815	-0.00018815	-0.00018815	827
0.331	0.000469498	0.000469498	0.000469498	0.000469498	777
0.332	0.000622843	0.000622843	0.000622843	0.000622843	788
0.333	0.000724472	0.000724472	0.000724472	0.000724472	805
0.334	-1.69731e-06	-1.69731e-06	-1.69731e-06	-1.69731e-06	707
0.335	0.000396074	0.000396074	0.000396074	0.000396074	815
0.336	0.000804272	0.000804272	0.000804272	0.000804272	749
0.337	0.000269553	0.000269553	0.000269553	0.000269553	739
0.338	0.000492435	0.000492435	0.000492435	0.000492435	727
0.339	0.000227595	0.000227595	0.000227595	0.000227595	761
0.34	0.000324254	0.000324254	0.000324254	0.000324254	771
0.341	8.29091e-05	8.29091e-05	8.29091e-05	8.29091e-05	825
0.342	-2.43176e-05	-2.43176e-05	-2.43176e-05	-2.43176e-05	806
0.343	0.000266338	0.000266338	0.000266338	0.000266338	811
0.344	0.00037477	0.00037477	0.00037477	0.00037477	761
0.345	0.000376042	0.000376042	0.000376042	0.000376042	768
0.346	0.000961856	0.000961856	0.000961856	0.000961856	776
0.347	0.000620541	0.000620541	0.000620541	0.000620541	740
0.348	0.00172691	0.00172691	0.00172691	0.00172691	747
0.349	0.00019759	0.00019759	0.00019759	0.00019759	747
0.35	0.0010266	0.0010266	0.0010266	0.0010266	782
0.351	-0.000197183	-0.000197183	-0.000197183	-0.000197183	781
0.352	-0.000543893	-0.000543893	-0.000543893	-0.000543893	745
0.353	0.000458416	0.000458416	0.000458416	0.000458416	808
0.354	0.000338186	0.000338186	0.000338186	0.000338186	783
0.355	0.00011049	0.00011049	0.00011049	0.00011049	858
0.356	0.000972947	0.000972947	0.000972947	0.000972947	828
0.357	0.000490886	0.000490886	0.000490886	0.000490886	779
0.358	0.000809721	0.000809721	0.000809721	0.000809721	823
0.359	0.00158628	0.00158628	0.00158628	0.00158628	787
0.36	0.000740276	0.000740276	0.000740276	0.000740276	797
0.361	0.000631854	0.000631854	0.000631854	0.000631854	766
0.362	2.38034e-05	2.38034e-05	2.38034e-05	2.38034e-05	773
0.363	0.000952612	0.000952612	0.000952612	0.000952612	823
0.364	-5.5207e-06	-5.5207e-06	-5.5207e-06	-5.5207e-06	797
0.365	0.000429568	0.000429568	0.000429568	0.000429568	717
0.366	0.00023917	0.00023917	0.00023917	0.00023917	771
0.367	0.000442929	0.000442929	0.000442929	0.000442929	792
0.368	0.000716593	0.000716593	0.000716593	0.000716593	681
0.369	0.000626544	0.000626544	0.000626544	0.000626544	761
0.37	0.000823936	0.000823936	0.000823936	0.000823936	752
0.371	0.000474934	0.000474934	0.000474934	0.000474934	758
0.372	0.000835732	0.000835732	0.000835732	0.000835732	806
0.373	0.0011895	0.0011895	0.0011895	0.0011895	800
0.374	-0.000748505	-0.000748505	-0.000748505	-0.000748505	769
0.375	0.000321675	0.000321675	0.000321675	0.000321675	812
0.376	0.000773827	0.000773827	0.000773827	0.000773827	810
0.377	0.000270341	0.000270341	0.000270341	0.000270341	762
0.378	0.000157992	0.000157992	0.000157992	0.000157992	757
0.379	1.50065e-05	1.50065e-05	1.50065e-05	1.50065e-05	773
0.38	0.000515818	0.000515818	0.000515818	0.000515818	746
0.381	0.000373154	0.000373154	0.000373154	0.000373154	745
0.382	0.000967235	0.000967235	0.000967235	0.000967235	763
0.383	0.00114932	0.00114932	0.00114932	0.00114932	805
0.384	-0.000224289	-0.000224289	-0.000224289	-0.000224289	774
0.385	-3.72093e-05	-3.72093e-05	-3.72093e-05	-3.72093e-05	688
0.386	0.000414362	0.000414362	0.000414362	0.000414362	752
0.387	0.000255319	0.000255319	0.000255319	0.000255319	705
0.388	0.000779819	0.000779819	0.000779819	0.000779819	773
0.389	0.000752416	0.000752416	0.000752416	0.000752416	807
0.39	0.000851042	0.000851042	0.000851042	0.000851042	768
0.391	0.00043252	0.00043252	0.00043252	0.00043252	738
0.392	-0.000202116	-0.000202116	-0.000202116	-0.000202116	756
0.393	-0.000272186	-0.000272186	-0.000272186	-0.000272186	773
0.394	-0.000488331	-0.000488331	-0.000488331	-0.000488331	797
0.395	0.00097193	0.00097193	0.00097193	0.00097193	798
0.396	0.000691173	0.000691173	0.000691173	0.000691173	827
0.397	0.000469251	0.000469251	0.000469251	0.000469251	774
0.398	0.000567822	0.000567822	0.000567822	0.000567822	808
0.399	0.000138979	0.000138979	0.000138979	0.000138979	803
0.4	0.000451613	0.000451613	0.000451613	0.000451613	837
0.401	0.000659075	0.000659075	0.000659075	0.000659075	843
0.402	-5.07389e-05	-5.07389e-05	-5.07389e-05	-5.07389e-05	812
0.403	0.00112866	0.00112866	0.00112866	0.00112866	785
0.404	0.00137923	0.00137923	0.00137923	0.00137923	828
0.405	0.00176051	0.00176051	0.00176051	0.00176051	790
0.406	0.0021203	0.0021203	0.0021203	0.0021203	788
0.407	0.00113294	0.00113294	0.00113294	0.00113294	841
0.408	0.00139407	0.00139407	0.00139407	0.00139407	810
0.409	0.000581443	0.000581443	0.000581443	0.000581443	873
0.41	-0.000384757	-0.000384757	-0.000384757	-0.000384757	761
0.411	-0.000111002	-0.000111002	-0.000111002	-0.000111002	818
0.412	0.000770107	0.000770107	0.000770107	0.000770107	843
0.413	0.000574655	0.000574655	0.000574655	0.000574655	797
0.414	0.00111239	0.00111239	0.00111239	0.00111239	799
0.415	0.000529838	0.000529838	0.000529838	0.000529838	801
0.416	0.000178267	0.000178267	0.000178267	0.000178267	727
0.417	0.000572093	0.000572093	0.000572093	0.000572093	688
0.418	-0.000292348	-0.000292348	-0.000292348	-0.000292348	758
0.419	0.00103209	0.00103209	0.00103209	0.00103209	779
0.42	0.000326624	0.000326624	0.000326624	0.000326624	785
0.421	0.000808141	0.000808141	0.000808141	0.000808141	737
0.422	0.000182109	0.000182109	0.000182109	0.000182109	749
0.423	0.00125285	0.00125285	0.00125285	0.00125285	772
0.424	-0.000213333	-0.000213333	-0.000213333	-0.000213333	765
0.425	0.000345149	0.000345149	0.000345149	0.000345149	773
0.426	0.000937042	0.000937042	0.000937042	0.000937042	791
0.427	0.000317029	0.000317029	0.000317029	0.000317029	781
0.428	0.00137151	0.00137151	0.00137151	0.00137151	744
0.429	0.00156082	0.00156082	0.00156082	0.00156082	776
0.43	0.000104444	0.000104444	0.000104444	0.000104444	720
0.431	0.00083461	0.00083461	0.00083461	0.00083461	705
0.432	4.73829e-05	4.73829e-05	4.73829e-05	4.73829e-05	726
0.433	2.05128e-05	2.05128e-05	2.05128e-05	2.05128e-05	741
0.434	0.000768539	0.000768539	0.000768539	0.000768539	712
0.435	0.000514685	0.000514685	0.000514685	0.000514685	715
0.436	0.00114341	0.00114341	0.00114341	0.00114341	721
0.437	0.000711989	0.000711989	0.000711989	0.000711989	759
0.438	0.000577364	0.000577364	0.000577364	0.000577364	751
0.439	0.000784595	0.000784595	0.000784595	0.000784595	753
0.44	-0.000547632	-0.000547632	-0.000547632	-0.000547632	718
0.441	0.000210383	0.000210383	0.000210383	0.000210383	732
0.442	0.000779608	0.000779608	0.000779608	0.000779608	765
0.443	0.000481088	0.000481088	0.000481088	0.000481088	735
0.444	0.00142432	0.00142432	0.00142432	0.00142432	699
0.445	0.000604782	0.000604782	0.000604782	0.000604782	711
0.446	0.00111244	0.00111244	0.00111244	0.00111244	772
0.447	0.000816688	0.000816688	0.000816688	0.000816688	791
0.448	0.000453836	0.000453836	0.000453836	0.000453836	743
0.449	0.000422478	0.000422478	0.000422478	0.000422478	783
0.45	1.11406e-05	1.11406e-05	1.11406e-05	1.11406e-05	754
0.451	0.00194709	0.00194709	0.00194709	0.00194709	756
0.452	0.000569682	0.000569682	0.000569682	0.000569682	818
0.453	0.00143874	0.00143874	0.00143874	0.00143874	764
0.454	0.000673469	0.000673469	0.000673469	0.000673469	784
0.455	0.000136458	0.000136458	0.000136458	0.000136458	768
0.456	0.000416878	0.000416878	0.000416878	0.000416878	711
0.457	0.00102228	0.00102228	0.00102228	0.00102228	736
0.458	0.00033589	0.00033589	0.00033589	0.00033589	730
0.459	0.00111394	0.00111394	0.00111394	0.00111394	739
0.46	0.00122003	0.00122003	0.00122003	0.00122003	759
0.461	0.000230542	0.000230542	0.000230542	0.000230542	812
0.462	0.000234783	0.000234783	0.000234783	0.000234783	736
0.463	0.00089648	0.00089648	0.00089648	0.00089648	767
0.464	0.000138562	0.000138562	0.000138562	0.000138562	765
0.465	0.00137157	0.00137157	0.00137157	0.00137157	781
0.466	0.000827297	0.000827297	0.000827297	0.000827297	762
0.467	0.000326531	0.000326531	0.000326531	0.000326531	784
0.468	0.00135429	0.00135429	0.00135429	0.00135429	770
0.469	0.000584304	0.000584304	0.000584304	0.000584304	790
0.47	0.00105779	0.00105779	0.00105779	0.00105779	841
0.471	0.00124188	0.00124188	0.00124188	0.00124188	745
0.472	0.00110902	0.00110902	0.00110902	0.00110902	787
0.473	0.00078992	0.00078992	0.00078992	0.00078992	754
0.474	0.00254209	0.00254209	0.00254209	0.00254209	746
0.475	0.00131216	0.00131216	0.00131216	0.00131216	781
0.476	0.00179893	0.00179893	0.00179893	0.00179893	750
0.477	0.00179688	0.00179688	0.00179688	0.00179688	833
0.478	0.00153516	0.00153516	0.00153516	0.00153516	765
0.479	0.00226836	0.00226836	0.00226836	0.00226836	787
0.48	0.000872542	0.000872542	0.000872542	0.000872542	783
0.481	0.000320102	0.000320102	0.000320102	0.000320102	781
0.482	0.00152898	0.00152898	0.00152898	0.00152898	811
0.483	0.00147704	0.00147704	0.00147704	0.00147704	810
0.484	0.000854321	0.000854321	0.000854321	0.000854321	810
0.485	0.00124878	0.00124878	0.00124878	0.00124878	779
0.486	0.00122907	0.00122907	0.00122907	0.00122907	798
0.487	0.00144615	0.00144615	0.00144615	0.00144615	741
0.488	0.00128671	0.00128671	0.00128671	0.00128671	775
0.489	0.000882064	0.000882064	0.000882064	0.000882064	814
0.49	0.000815553	0.000815553	0.000815553	0.000815553	823
0.491	0.000568093	0.000568093	0.000568093	0.000568093	771
0.492	0.00144388	0.00144388	0.00144388	0.00144388	784
0.493	0.000659649	0.000659649	0.000659649	0.000659649	741
0.494	0.00171429	0.00171429	0.00171429	0.00171429	770
0.495	0.00163571	0.00163571	0.00163571	0.00163571	773
0.496	0.000303377	0.000303377	0.000303377	0.000303377	770
0.497	0.000152483	0.000152483	0.000152483	0.000152483	745
0.498	0.00120167	0.00120167	0.00120167	0.00120167	717
0.499	-0.000155102	-0.000155102	-0.000155102	-0.000155102	784
0.5	7.1875e-05	7.1875e-05	7.1875e-05	7.1875e-05	768
0.501	8.78307e-05	8.78307e-05	8.78307e-05	8.78307e-05	756
0.502	0.00159388	0.00159388	0.00159388	0.00159388	784
0.503	0.000718206	0.000718206	0.000718206	0.000718206	758
0.504	0.000679104	0.000679104	0.000679104	0.000679104	804
0.505	-1.95006e-05	-1.95006e-05	-1.95006e-05	-1.95006e-05	841
0.506	0.000646712	0.000646712	0.000646712	0.000646712	882
0.507	0.000474731	0.000474731	0.000474731	0.000474731	835
0.508	0.000926576	0.000926576	0.000926576	0.000926576	809
0.509	0.000641214	0.000641214	0.000641214	0.000641214	791
0.51	0.000384022	0.000384022	0.000384022	0.000384022	726
0.511	-0.000110053	-0.000110053	-0.000110053	-0.000110053	756
0.512	0.0012375	0.0012375	0.0012375	0.0012375	800
0.513	4.73342e-05	4.73342e-05	4.73342e-05	4.73342e-05	769
0.514	0.000182005	0.000182005	0.000182005	0.000182005	778
0.515	0.00010673	0.00010673	0.00010673	0.00010673	847
0.516	0.00134346	0.00134346	0.00134346	0.00134346	803
0.517	0.001031	0.001031	0.001031	0.001031	800
0.518	0.000811153	0.000811153	0.000811153	0.000811153	789
0.519	0.00129206	0.00129206	0.00129206	0.00129206	743
0.52	0.00130219	0.00130219	0.00130219	0.00130219	822
0.521	0.000800515	0.000800515	0.000800515	0.000800515	777
0.522	0.00137724	0.00137724	0.00137724	0.00137724	747
0.523	0.00072431	0.00072431	0.00072431	0.00072431	761
0.524	0.00087641	0.00087641	0.00087641	0.00087641	780
0.525	0.000168	0.000168	0.000168	0.000168	750
0.526	0.00129524	0.00129524	0.00129524	0.00129524	735
0.527	0.00224583	0.00224583	0.00224583	0.00224583	659
0.528	0.000850759	0.000850759	0.000850759	0.000850759	725
0.529	0.000985146	0.000985146	0.000985146	0.000985146	754
0.53	0.000801093	0.000801093	0.000801093	0.000801093	732
0.531	0.000585082	0.000585082	0.000585082	0.000585082	791
0.532	0.00100764	0.00100764	0.00100764	0.00100764	759
0.533	0.00148973	0.00148973	0.00148973	0.00148973	769
0.534	0.0016011	0.0016011	0.0016011	0.0016011	726
0.535	0.00165573	0.00165573	0.00165573	0.00165573	768
0.536	0.000239044	0.000239044	0.000239044	0.000239044	753
0.537	0.000988964	0.000988964	0.000988964	0.000988964	743
0.538	0.00149466	0.00149466	0.00149466	0.00149466	843
0.539	0.000219085	0.000219085	0.000219085	0.000219085	765
0.54	-0.000434375	-0.000434375	-0.000434375	-0.000434375	768
0.541	0.000165426	0.000165426	0.000165426	0.000165426	752
0.542	0.00106805	0.00106805	0.00106805	0.00106805	773
0.543	0.000689032	0.000689032	0.000689032	0.000689032	775
0.544	0.00143439	0.00143439	0.00143439	0.00143439	756
0.545	0.000770537	0.000770537	0.000770537	0.000770537	801
0.546	0.000873351	0.000873351	0.000873351	0.000873351	758
0.547	0.00138953	0.00138953	0.00138953	0.00138953	745
0.548	0.00124617	0.00124617	0.00124617	0.00124617	745
0.549	0.00129257	0.00129257	0.00129257	0.00129257	713
0.55	0.000917772	0.000917772	0.000917772	0.000917772	754
0.551	0.000946328	0.000946328	0.000946328	0.000946328	708
0.552	0.000558452	0.000558452	0.000558452	0.000558452	775
0.553	0.00216736	0.00216736	0.00216736	0.00216736	772
0.554	0.00140506	0.00140506	0.00140506	0.00140506	751
0.555	0.00158414	0.00158414	0.00158414	0.00158414	782
0.556	0.00111145	0.00111145	0.00111145	0.00111145	777
0.557	0.00144907	0.00144907	0.00144907	0.00144907	864
0.558	0.00104747	0.00104747	0.00104747	0.00104747	750
0.559	0.00137843	0.00137843	0.00137843	0.00137843	816
0.56	0.00109886	0.00109886	0.00109886	0.00109886	791
0.561	0.00110531	0.00110531	0.00110531	0.00110531	735
0.562	0.00154179	0.00154179	0.00154179	0.00154179	804
0.563	0.00173191	0.00173191	0.00173191	0.00173191	749
0.564	0.000394805	0.000394805	0.000394805	0.000394805	770
0.565	0.00135664	0.00135664	0.00135664	0.00135664	761
0.566	-0.000146632	-0.000146632	-0.000146632	-0.000146632	772
0.567	0.00164302	0.00164302	0.00164302	0.00164302	781
0.568	0.000983222	0.000983222	0.000983222	0.000983222	751
0.569	0.000770225	0.000770225	0.000770225	0.000770225	712
0.57	0.000451139	0.000451139	0.000451139	0.000451139	790
0.571	0.00135296	0.00135296	0.00135296	0.00135296	761
0.572	0.000439748	0.000439748	0.000439748	0.000439748	795
0.573	0.0015918	0.0015918	0.0015918	0.0015918	829
0.574	0.000994805	0.000994805	0.000994805	0.000994805	770
0.575	0.00040589	0.00040589	0.00040589	0.00040589	747
0.576	0.000566404	0.000566404	0.000566404	0.000566404	762
0.577	0.00109425	0.00109425	0.00109425	0.00109425	783
0.578	0.00114752	0.00114752	0.00114752	0.00114752	785
0.579	-0.000527103	-0.000527103	-0.000527103	-0.000527103	749
0.58	-5.63003e-05	-5.63003e-05	-5.63003e-05	-5.63003e-05	746
0.581	0.00011145	0.00011145	0.00011145	0.00011145	786
0.582	-0.000613298	-0.000613298	-0.000613298	-0.000613298	752
0.583	0.000367692	0.000367692	0.000367692	0.000367692	780
0.584	-3.70828e-05	-3.70828e-05	-3.70828e-05	-3.70828e-05	809
0.585	0.00017244	0.00017244	0.00017244	0.00017244	791
0.586	0.00020586	0.00020586	0.00020586	0.00020586	785
0.587	0.000865025	0.000865025	0.000865025	0.000865025	812
0.588	0.000538182	0.000538182	0.000538182	0.000538182	825
0.589	0.000407282	0.000407282	0.000407282	0.000407282	769
0.59	0.000640544	0.000640544	0.000640544	0.000640544	735
0.591	0.000771574	0.000771574	0.000771574	0.000771574	788
0.592	0.000401527	0.000401527	0.000401527	0.000401527	786
0.593	4.2764e-05	4.2764e-05	4.2764e-05	4.2764e-05	767
0.594	0.000262518	0.000262518	0.000262518	0.000262518	707
0.595	0.000793548	0.000793548	0.000793548	0.000793548	744
0.596	0.00103815	0.00103815	0.00103815	0.00103815	734
0.597	-0.000972414	-0.000972414	-0.000972414	-0.000972414	696
0.598	-8.8033e-05	-8.8033e-05	-8.8033e-05	-8.8033e-05	727
0.599	0.000279365	0.000279365	0.000279365	0.000279365	693
0.6	-0.00054104	-0.00054104	-0.00054104	-0.00054104	692
0.601	2.90809e-05	2.90809e-05	2.90809e-05	2.90809e-05	729
0.602	-0.000689362	-0.000689362	-0.000689362	-0.000689362	752
0.603	0.000710831	0.000710831	0.000710831	0.000710831	794
0.604	-0.00017551	-0.00017551	-0.00017551	-0.00017551	784
0.605	2.87206e-05	2.87206e-05	2.87206e-05	2.87206e-05	766
0.606	-0.000660082	-0.000660082	-0.000660082	-0.000660082	729
0.607	0.000366337	0.000366337	0.000366337	0.000366337	808
0.608	0.000321268	0.000321268	0.000321268	0.000321268	757
0.609	0.00102434	0.00102434	0.00102434	0.00102434	797
0.61	0.000645946	0.000645946	0.000645946	0.000645946	740
0.611	0.00128512	0.00128512	0.00128512	0.00128512	766
0.612	0.000638147	0.000638147	0.000638147	0.000638147	734
0.613	-0.000720533	-0.000720533	-0.000720533	-0.000720533	750
0.614	0.00108987	0.00108987	0.00108987	0.00108987	701
0.615	0.000462415	0.000462415	0.000462415	0.000462415	737
0.616	0.000395426	0.000395426	0.000395426	0.000395426	787
0.617	0.000686019	0.000686019	0.000686019	0.000686019	751
0.618	0.000788991	0.000788991	0.000788991	0.000788991	763
0.619	0.000133527	0.000133527	0.000133527	0.000133527	689
0.62	-0.0001375	-0.0001375	-0.0001375	-0.0001375	768
0.621	0.000150218	0.000150218	0.000150218	0.000150218	687
0.622	-0.000143802	-0.000143802	-0.000143802	-0.000143802	726
0.623	0.000211321	0.000211321	0.000211321	0.000211321	742
0.624	0.000270064	0.000270064	0.000270064	0.000270064	785
0.625	0.000958862	0.000958862	0.000958862	0.000958862	773
0.626	0.00109497	0.00109497	0.00109497	0.00109497	716
0.627	0.000985591	0.000985591	0.000985591	0.000985591	694
0.628	0.00114017	0.00114017	0.00114017	0.00114017	722
0.629	0.000291013	0.000291013	0.000291013	0.000291013	701
0.63	7.12614e-05	7.12614e-05	7.12614e-05	7.12614e-05	769
0.631	0.00235763	0.00235763	0.00235763	0.00235763	708
0.632	0.00138309	0.00138309	0.00138309	0.00138309	686
0.633	0.00246657	0.00246657	0.00246657	0.00246657	721
0.634	0.0014347	0.0014347	0.0014347	0.0014347	709
0.635	0.000688666	0.000688666	0.000688666	0.000688666	697
0.636	0.00182282	0.00182282	0.00182282	0.00182282	745
0.637	0.000557656	0.000557656	0.000557656	0.000557656	751
0.638	0.000234307	0.000234307	0.000234307	0.000234307	787
0.639	0.000597759	0.000597759	0.000597759	0.000597759	714
0.64	0.000125381	0.000125381	0.000125381	0.000125381	788
0.641	0.000183287	0.000183287	0.000183287	0.000183287	718
0.642	0.00030603	0.00030603	0.00030603	0.00030603	796
0.643	-0.000252374	-0.000252374	-0.000252374	-0.000252374	737
0.644	4.06692e-05	4.06692e-05	4.06692e-05	4.06692e-05	777
0.645	0.00144668	0.00144668	0.00144668	0.00144668	767
0.646	0.000594899	0.000594899	0.000594899	0.000594899	745
0.647	0.000536561	0.000536561	0.000536561	0.000536561	785
0.648	-0.000444562	-0.000444562	-0.000444562	-0.000444562	754
0.649	-0.000739496	-0.000739496	-0.000739496	-0.000739496	714
0.65	-0.000510423	-0.000510423	-0.000510423	-0.000510423	710
0.651	-0.000955586	-0.000955586	-0.000955586	-0.000955586	725
0.652	0.000133971	0.000133971	0.000133971	0.000133971	836
0.653	-0.000395977	-0.000395977	-0.000395977	-0.000395977	696
0.654	-0.00053745	-0.00053745	-0.00053745	-0.00053745	745
0.655	0.000680851	0.000680851	0.000680851	0.000680851	705
0.656	-0.000925236	-0.000925236	-0.000925236	-0.000925236	741
0.657	0.000343956	0.000343956	0.000343956	0.000343956	728
0.658	-0.000705249	-0.000705249	-0.000705249	-0.000705249	743
0.659	-0.00047729	-0.00047729	-0.00047729	-0.00047729	797
0.66	8.44444e-05	8.44444e-05	8.44444e-05	8.44444e-05	720
0.661	-0.00078394	-0.00078394	-0.00078394	-0.00078394	797
0.662	-0.000322346	-0.000322346	-0.000322346	-0.000322346	716
0.663	-0.000104371	-0.000104371	-0.000104371	-0.000104371	755
0.664	0.000759281	0.000759281	0.000759281	0.000759281	668
0.665	1.56473e-19	1.56473e-19	1.56473e-19	1.56473e-19	722
0.666	2.56209e-05	2.56209e-05	2.56209e-05	2.56209e-05	765
0.667	0.00142482	0.00142482	0.00142482	0.00142482	701
0.668	-3.53933e-05	-3.53933e-05	-3.53933e-05	-3.53933e-05	712
0.669	0.000820468	0.000820468	0.000820468	0.000820468	684
0.67	0.000390649	0.000390649	0.000390649	0.000390649	770
0.671	0.000262654	0.000262654	0.000262654	0.000262654	731
0.672	-0.000227386	-0.000227386	-0.000227386	-0.000227386	723
0.673	0.000267358	0.000267358	0.000267358	0.000267358	772
0.674	-6.18611e-05	-6.18611e-05	-6.18611e-05	-6.18611e-05	763
0.675	-0.000112139	-0.000112139	-0.000112139	-0.000112139	692
0.676	0.000296828	0.000296828	0.000296828	0.000296828	725
0.677	0.000481589	0.000481589	0.000481589	0.000481589	755
0.678	0.00057847	0.00057847	0.00057847	0.00057847	706
0.679	0.000829554	0.000829554	0.000829554	0.000829554	785
0.68	0.000545695	0.000545695	0.000545695	0.000545695	755
0.681	0.000303621	0.000303621	0.000303621	0.000303621	718
0.682	0.000420202	0.000420202	0.000420202	0.000420202	693
0.683	0.000415652	0.000415652	0.000415652	0.000415652	690
0.684	0.000622279	0.000622279	0.000622279	0.000622279	781
0.685	0.000334232	0.000334232	0.000334232	0.000334232	742
0.686	-0.000520509	-0.000520509	-0.000520509	-0.000520509	707
0.687	0.000477838	0.000477838	0.000477838	0.000477838	740
0.688	0.000455652	0.000455652	0.000455652	0.000455652	690
0.689	-0.00117641	-0.00117641	-0.00117641	-0.00117641	746
0.69	-8.90141e-05	-8.90141e-05	-8.90141e-05	-8.90141e-05	710
0.691	-0.00069711	-0.00069711	-0.00069711	-0.00069711	692
0.692	0.000659195	0.000659195	0.000659195	0.000659195	696
0.693	0.000340741	0.000340741	0.000340741	0.000340741	702
0.694	-0.000418731	-0.000418731	-0.000418731	-0.000418731	662
0.695	0.000552057	0.000552057	0.000552057	0.000552057	705
0.696	-0.000238384	-0.000238384	-0.000238384	-0.000238384	693
0.697	-0.000733908	-0.000733908	-0.000733908	-0.000733908	696
0.698	-0.000129446	-0.000129446	-0.000129446	-0.000129446	686
0.699	-0.000524534	-0.000524534	-0.000524534	-0.000524534	697
0.7	-0.000761636	-0.000761636	-0.000761636	-0.000761636	709
0.701	-0.000196302	-0.000196302	-0.000196302	-0.000196302	703
0.702	-0.00071129	-0.00071129	-0.00071129	-0.00071129	744
0.703	-0.000571505	-0.000571505	-0.000571505	-0.000571505	744
0.704	-0.00121345	-0.00121345	-0.00121345	-0.00121345	714
0.705	-0.00103466	-0.00103466	-0.00103466	-0.00103466	704
0.706	-0.000239452	-0.000239452	-0.000239452	-0.000239452	730
0.707	-0.00104878	-0.00104878	-0.00104878	-0.00104878	738
0.708	9.91736e-05	9.91736e-05	9.91736e-05	9.91736e-05	726
0.709	-0.000427429	-0.000427429	-0.000427429	-0.000427429	700
0.71	0.000130233	0.000130233	0.000130233	0.000130233	731
0.711	-6.01816e-05	-6.01816e-05	-6.01816e-05	-6.01816e-05	771
0.712	-2.66667e-05	-2.66667e-05	-2.66667e-05	-2.66667e-05	705
0.713	-0.000381259	-0.000381259	-0.000381259	-0.000381259	683
0.714	-0.000195436	-0.000195436	-0.000195436	-0.000195436	745
0.715	-0.000529773	-0.000529773	-0.000529773	-0.000529773	749
0.716	-0.000485828	-0.000485828	-0.000485828	-0.000485828	755
0.717	-0.000333072	-0.000333072	-0.000333072	-0.000333072	765
0.718	-0.0012192	-0.0012192	-0.0012192	-0.0012192	750
0.719	-0.000196255	-0.000196255	-0.000196255	-0.000196255	801
0.72	-0.000290576	-0.000290576	-0.000290576	-0.000290576	764
0.721	-0.00030479	-0.00030479	-0.00030479	-0.00030479	689
0.722	0.000553936	0.000553936	0.000553936	0.000553936	686
0.723	0.00114029	0.00114029	0.00114029	0.00114029	757
0.724	0.000174929	0.000174929	0.000174929	0.000174929	702
0.725	0.000571761	0.000571761	0.000571761	0.000571761	687
0.726	-0.000249067	-0.000249067	-0.000249067	-0.000249067	697
0.727	0.00088183	0.00088183	0.00088183	0.00088183	743
0.728	0.000578602	0.000578602	0.000578602	0.000578602	701
0.729	-0.000360391	-0.000360391	-0.000360391	-0.000360391	717
0.73	-0.000310983	-0.000310983	-0.000310983	-0.000310983	692
0.731	-0.000297394	-0.000297394	-0.000297394	-0.000297394	729
0.732	-0.000773677	-0.000773677	-0.000773677	-0.000773677	699
0.733	-0.000317585	-0.000317585	-0.000317585	-0.000317585	762
0.734	0.000354226	0.000354226	0.000354226	0.000354226	769
0.735	-0.000742538	-0.000742538	-0.000742538	-0.000742538	717
0.736	-0.000458028	-0.000458028	-0.000458028	-0.000458028	710
0.737	0.000204959	0.000204959	0.000204959	0.000204959	726
0.738	-0.000368794	-0.000368794	-0.000368794	-0.000368794	705
0.739	0.000177326	0.000177326	0.000177326	0.000177326	688
0.74	-0.000116056	-0.000116056	-0.000116056	-0.000116056	710
0.741	-0.000917447	-0.000917447	-0.000917447	-0.000917447	705
0.742	-2.82667e-05	-2.82667e-05	-2.82667e-05	-2.82667e-05	750
0.743	0.000385586	0.000385586	0.000385586	0.000385586	777
0.744	-0.000472483	-0.000472483	-0.000472483	-0.000472483	745
0.745	0.000259239	0.000259239	0.000259239	0.000259239	736
0.746	-0.000593548	-0.000593548	-0.000593548	-0.000593548	713
0.747	-0.00111604	-0.00111604	-0.00111604	-0.00111604	748
0.748	-0.000393548	-0.000393548	-0.000393548	-0.000393548	744
0.749	0.000621162	0.000621162	0.000621162	0.000621162	671
0.75	0.000475706	0.000475706	0.000475706	0.000475706	708
0.751	0.000720119	0.000720119	0.000720119	0.000720119	671
0.752	0.000471487	0.000471487	0.000471487	0.000471487	733
0.753	0.000886062	0.000886062	0.000886062	0.000886062	739
0.754	0.000100901	0.000100901	0.000100901	0.000100901	777
0.755	0.000228804	0.000228804	0.000228804	0.000228804	736
0.756	0.000455718	0.000455718	0.000455718	0.000455718	682
0.757	-0.000960107	-0.000960107	-0.000960107	-0.000960107	747
0.758	-0.000398312	-0.000398312	-0.000398312	-0.000398312	711
0.759	-0.000611288	-0.000611288	-0.000611288	-0.000611288	691
0.76	2.42424e-06	2.42424e-06	2.42424e-06	2.42424e-06	660
0.761	-0.000505329	-0.000505329	-0.000505329	-0.000505329	638
0.762	-0.000342442	-0.000342442	-0.000342442	-0.000342442	688
0.763	-0.000434831	-0.000434831	-0.000434831	-0.000434831	712
0.764	-8.68455e-05	-8.68455e-05	-8.68455e-05	-8.68455e-05	783
0.765	0.00034411	0.00034411	0.00034411	0.00034411	730
0.766	-0.00018799	-0.00018799	-0.00018799	-0.00018799	766
0.767	0.00171931	0.00171931	0.00171931	0.00171931	751
0.768	0.000110574	0.000110574	0.000110574	0.000110574	662
0.769	0.000931617	0.000931617	0.000931617	0.000931617	699
0.77	0.00078982	0.00078982	0.00078982	0.00078982	668
0.771	0.000251768	0.000251768	0.000251768	0.000251768	707
0.772	0.000654023	0.000654023	0.000654023	0.000654023	696
0.773	0.000606434	0.000606434	0.000606434	0.000606434	715
0.774	-0.000265649	-0.000265649	-0.000265649	-0.000265649	655
0.775	-0.000556851	-0.000556851	-0.000556851	-0.000556851	686
0.776	0.000397143	0.000397143	0.000397143	0.000397143	700
0.777	-0.000500556	-0.000500556	-0.000500556	-0.000500556	720
0.778	-0.000254594	-0.000254594	-0.000254594	-0.000254594	751
0.779	-0.000645624	-0.000645624	-0.000645624	-0.000645624	697
0.78	-0.000707424	-0.000707424	-0.000707424	-0.000707424	687
0.781	-0.000870041	-0.000870041	-0.000870041	-0.000870041	731
0.782	-0.00179394	-0.00179394	-0.00179394	-0.00179394	693
0.783	-0.00133373	-0.00133373	-0.00133373	-0.00133373	667
0.784	-0.00111433	-0.00111433	-0.00111433	-0.00111433	691
0.785	-3.15353e-05	-3.15353e-05	-3.15353e-05	-3.15353e-05	723
0.786	0.000235808	0.000235808	0.000235808	0.000235808	687
0.787	-0.000116053	-0.000116053	-0.000116053	-0.000116053	679
0.788	-0.000493255	-0.000493255	-0.000493255	-0.000493255	682
0.789	-0.000620904	-0.000620904	-0.000620904	-0.000620904	708
0.79	-0.0001633	-0.0001633	-0.0001633	-0.0001633	703
0.791	0.000341341	0.000341341	0.000341341	0.000341341	716
0.792	-0.000720965	-0.000720965	-0.000720965	-0.000720965	663
0.793	1.83079e-05	1.83079e-05	1.83079e-05	1.83079e-05	721
0.794	-0.000424632	-0.000424632	-0.000424632	-0.000424632	747
0.795	0.000219391	0.000219391	0.000219391	0.000219391	722
0.796	-0.000134838	-0.000134838	-0.000134838	-0.000134838	709
0.797	-0.00113903	-0.00113903	-0.00113903	-0.00113903	761
0.798	-0.000165165	-0.000165165	-0.000165165	-0.000165165	666
0.799	-0.000624798	-0.000624798	-0.000624798	-0.000624798	742
0.8	-0.000890556	-0.000890556	-0.000890556	-0.000890556	720
0.801	-0.000530435	-0.000530435	-0.000530435	-0.000530435	736
0.802	-0.000468889	-0.000468889	-0.000468889	-0.000468889	720
0.803	-0.00102987	-0.00102987	-0.00102987	-0.00102987	703
0.804	0.000108511	0.000108511	0.000108511	0.000108511	752
0.805	-0.000826396	-0.000826396	-0.000826396	-0.000826396	788
0.806	-8.54369e-05	-8.54369e-05	-8.54369e-05	-8.54369e-05	721
0.807	0.000469061	0.000469061	0.000469061	0.000469061	724
0.808	-0.000157004	-0.000157004	-0.000157004	-0.000157004	721
0.809	0.00149246	0.00149246	0.00149246	0.00149246	729
0.81	-0.000477029	-0.000477029	-0.000477029	-0.000477029	727
0.811	1.31054e-05	1.31054e-05	1.31054e-05	1.31054e-05	702
0.812	-0.000318602	-0.000318602	-0.000318602	-0.000318602	801
0.813	-0.000169322	-0.000169322	-0.000169322	-0.000169322	678
0.814	0.000656216	0.000656216	0.000656216	0.000656216	740
0.815	0.000748138	0.000748138	0.000748138	0.000748138	725
0.816	0.000704	0.000704	0.000704	0.000704	725
0.817	2.76056e-05	2.76056e-05	2.76056e-05	2.76056e-05	710
0.818	0.000122472	0.000122472	0.000122472	0.000122472	712
0.819	0.000341679	0.000341679	0.000341679	0.000341679	679
0.82	0.000729586	0.000729586	0.000729586	0.000729586	676
0.821	-0.000127977	-0.000127977	-0.000127977	-0.000127977	697
0.822	-7.58017e-06	-7.58017e-06	-7.58017e-06	-7.58017e-06	686
0.823	0.00078427	0.00078427	0.00078427	0.00078427	712
0.824	0.000405579	0.000405579	0.000405579	0.000405579	717
0.825	0.000794805	0.000794805	0.000794805	0.000794805	770
0.826	0.000199188	0.000199188	0.000199188	0.000199188	739
0.827	0.000862024	0.000862024	0.000862024	0.000862024	761
0.828	0.00150273	0.00150273	0.00150273	0.00150273	695
0.829	0.000598378	0.000598378	0.000598378	0.000598378	740
0.83	0.00202479	0.00202479	0.00202479	0.00202479	726
0.831	0.00067688	0.00067688	0.00067688	0.00067688	718
0.832	-0.000235912	-0.000235912	-0.000235912	-0.000235912	685
0.833	0.000125638	0.000125638	0.000125638	0.000125638	745
0.834	-0.000626037	-0.000626037	-0.000626037	-0.000626037	699
0.835	0.000352522	0.000352522	0.000352522	0.000352522	674
0.836	0.000169832	0.000169832	0.000169832	0.000169832	716
0.837	0.000438514	0.000438514	0.000438514	0.000438514	727
0.838	-0.000352405	-0.000352405	-0.000352405	-0.000352405	790
0.839	0.000177075	0.000177075	0.000177075	0.000177075	759
0.84	-3.05981e-05	-3.05981e-05	-3.05981e-05	-3.05981e-05	719
0.841	-0.000669613	-0.000669613	-0.000669613	-0.000669613	724
0.842	-5.33333e-05	-5.33333e-05	-5.33333e-05	-5.33333e-05	675
0.843	0.000332468	0.000332468	0.000332468	0.000332468	693
0.844	-0.000540138	-0.000540138	-0.000540138	-0.000540138	725
0.845	-0.000530612	-0.000530612	-0.000530612	-0.000530612	735
0.846	2.66312e-06	2.66312e-06	2.66312e-06	2.66312e-06	751
0.847	0.000202883	0.000202883	0.000202883	0.000202883	763
0.848	-0.000352941	-0.000352941	-0.000352941	-0.000352941	731
0.849	-0.000632061	-0.000632061	-0.000632061	-0.000632061	786
0.85	0.000364967	0.000364967	0.000364967	0.000364967	765
0.851	0.000473514	0.000473514	0.000473514	0.000473514	740
0.852	-0.000646073	-0.000646073	-0.000646073	-0.000646073	764
0.853	4.45545e-05	4.45545e-05	4.45545e-05	4.45545e-05	808
0.854	0.00118306	0.00118306	0.00118306	0.00118306	779
0.855	-0.000174719	-0.000174719	-0.000174719	-0.000174719	712
0.856	-1.20664e-05	-1.20664e-05	-1.20664e-05	-1.20664e-05	663
0.857	-0.000164017	-0.000164017	-0.000164017	-0.000164017	717
0.858	0.000165193	0.000165193	0.000165193	0.000165193	724
0.859	0.000932587	0.000932587	0.000932587	0.000932587	715
0.86	8.06324e-05	8.06324e-05	8.06324e-05	8.06324e-05	759
0.861	0.000436412	0.000436412	0.000436412	0.000436412	758
0.862	0.00045007	0.00045007	0.00045007	0.00045007	719
0.863	-0.000250681	-0.000250681	-0.000250681	-0.000250681	734
0.864	0.000493387	0.000493387	0.000493387	0.000493387	741
0.865	0.00053882	0.00053882	0.00053882	0.00053882	729
0.866	-0.000261622	-0.000261622	-0.000261622	-0.000261622	740
0.867	0.000137297	0.000137297	0.000137297	0.000137297	740
0.868	0.000389	0.000389	0.000389	0.000389	800
0.869	-5.48168e-05	-5.48168e-05	-5.48168e-05	-5.48168e-05	737
0.87	0.000927935	0.000927935	0.000927935	0.000927935	741
0.871	0.000959652	0.000959652	0.000959652	0.000959652	689
0.872	9.30931e-05	9.30931e-05	9.30931e-05	9.30931e-05	666
0.873	-0.000289675	-0.000289675	-0.000289675	-0.000289675	707
0.874	-0.000367107	-0.000367107	-0.000367107	-0.000367107	681
0.875	0.000435705	0.000435705	0.000435705	0.000435705	773
0.876	0.00072022	0.00072022	0.00072022	0.00072022	727
0.877	0.00125333	0.00125333	0.00125333	0.00125333	690
0.878	0.0013287	0.0013287	0.0013287	0.0013287	690
0.879	0.00108374	0.00108374	0.00108374	0.00108374	695
0.88	0.00071437	0.00071437	0.00071437	0.00071437	682
0.881	0.000789385	0.000789385	0.000789385	0.000789385	716
0.882	-0.000299681	-0.000299681	-0.000299681	-0.000299681	626
0.883	-0.000101224	-0.000101224	-0.000101224	-0.000101224	735
0.884	0.000717934	0.000717934	0.000717934	0.000717934	697
0.885	-0.000153669	-0.000153669	-0.000153669	-0.000153669	695
0.886	0.000584806	0.000584806	0.000584806	0.000584806	645
0.887	0.000943516	0.000943516	0.000943516	0.000943516	694
0.888	-0.000304225	-0.000304225	-0.000304225	-0.000304225	710
0.889	0.00012931	0.00012931	0.00012931	0.00012931	696
0.89	0.000217784	0.000217784	0.000217784	0.000217784	731
0.891	0.000563687	0.000563687	0.000563687	0.000563687	716
0.892	0.00132722	0.00132722	0.00132722	0.00132722	720
0.893	-0.000188235	-0.000188235	-0.000188235	-0.000188235	697
0.894	0.000286037	0.000286037	0.000286037	0.000286037	709
0.895	0.000478916	0.000478916	0.000478916	0.000478916	664
0.896	0.000519559	0.000519559	0.000519559	0.000519559	726
0.897	0.000852394	0.000852394	0.000852394	0.000852394	710
0.898	0.000842045	0.000842045	0.000842045	0.000842045	704
0.899	1.04348e-05	1.04348e-05	1.04348e-05	1.04348e-05	690
0.9	0.000776163	0.000776163	0.000776163	0.000776163	688
0.901	0.000814266	0.000814266	0.000814266	0.000814266	729
0.902	-0.000556725	-0.000556725	-0.000556725	-0.000556725	684
0.903	0.000769402	0.000769402	0.000769402	0.000769402	719
0.904	3.68272e-05	3.68272e-05	3.68272e-05	3.68272e-05	706
0.905	0.000595828	0.000595828	0.000595828	0.000595828	719
0.906	0.000500279	0.000500279	0.000500279	0.000500279	718
0.907	-0.00151842	-0.00151842	-0.00151842	-0.00151842	657
0.908	-0.000701459	-0.000701459	-0.000701459	-0.000701459	617
0.909	-0.00019943	-0.00019943	-0.00019943	-0.00019943	702
0.91	0.000215292	0.000215292	0.000215292	0.000215292	667
0.911	0.000641488	0.000641488	0.000641488	0.000641488	699
0.912	0.000897465	0.000897465	0.000897465	0.000897465	710
0.913	0.000235667	0.000235667	0.000235667	0.000235667	757
0.914	0.000724309	0.000724309	0.000724309	0.000724309	687
0.915	0.000858466	0.000858466	0.000858466	0.000858466	691
0.916	0.00131573	0.00131573	0.00131573	0.00131573	674
0.917	0.00134036	0.00134036	0.00134036	0.00134036	664
0.918	0.000183978	0.000183978	0.000183978	0.000183978	724
0.919	0.000392697	0.000392697	0.000392697	0.000392697	712
0.92	0.000303196	0.000303196	0.000303196	0.000303196	657
0.921	-0.000302339	-0.000302339	-0.000302339	-0.000302339	684
0.922	0.000656848	0.000656848	0.000656848	0.000656848	679
0.923	2.27684e-05	2.27684e-05	2.27684e-05	2.27684e-05	773
0.924	-0.000756364	-0.000756364	-0.000756364	-0.000756364	715
0.925	-0.00021954	-0.00021954	-0.00021954	-0.00021954	696
0.926	0.00103368	0.00103368	0.00103368	0.00103368	671
0.927	0.000836729	0.000836729	0.000836729	0.000836729	697
0.928	-0.000247198	-0.000247198	-0.000247198	-0.000247198	678
0.929	0.00103708	0.00103708	0.00103708	0.00103708	685
0.93	0.00102109	0.00102109	0.00102109	0.00102109	626
0.931	0.00071831	0.00071831	0.00071831	0.00071831	710
0.932	7.53086e-05	7.53086e-05	7.53086e-05	7.53086e-05	648
0.933	0.000331572	0.000331572	0.000331572	0.000331572	719
0.934	0.000627834	0.000627834	0.000627834	0.000627834	697
0.935	-8.46924e-05	-8.46924e-05	-8.46924e-05	-8.46924e-05	699
0.936	-0.000196542	-0.000196542	-0.000196542	-0.000196542	694
0.937	0.0013505	0.0013505	0.0013505	0.0013505	699
0.938	0.000311855	0.000311855	0.000311855	0.000311855	717
0.939	0.000991304	0.000991304	0.000991304	0.000991304	713
0.94	0.000302517	0.000302517	0.000302517	0.000302517	755
0.941	0.000793094	0.000793094	0.000793094	0.000793094	695
0.942	0.000859325	0.000859325	0.000859325	0.000859325	681
0.943	0.00158266	0.00158266	0.00158266	0.00158266	669
0.944	0.00122417	0.00122417	0.00122417	0.00122417	695
0.945	0.00153684	0.00153684	0.00153684	0.00153684	684
0.946	0.000443671	0.000443671	0.000443671	0.000443671	632
0.947	0.00110468	0.00110468	0.00110468	0.00110468	663
0.948	0.00143807	0.00143807	0.00143807	0.00143807	662
0.949	0.000430313	0.000430313	0.000430313	0.000430313	607
0.95	0.000788537	0.000788537	0.000788537	0.000788537	663
0.951	0.000261071	0.000261071	0.000261071	0.000261071	691
0.952	0.000613372	0.000613372	0.000613372	0.000613372	688
0.953	0.000429714	0.000429714	0.000429714	0.000429714	700
0.954	0.00112769	0.00112769	0.00112769	0.00112769	697
0.955	0.000938947	0.000938947	0.000938947	0.000938947	665
0.956	0.00127096	0.00127096	0.00127096	0.00127096	699
0.957	0.000753576	0.000753576	0.000753576	0.000753576	741
0.958	0.000405502	0.000405502	0.000405502	0.000405502	727
0.959	0.000573731	0.000573731	0.000573731	0.000573731	670
0.96	0.000423398	0.000423398	0.000423398	0.000423398	718
0.961	-0.000139104	-0.000139104	-0.000139104	-0.000139104	670
0.962	-0.000396149	-0.000396149	-0.000396149	-0.000396149	727
0.963	0.000273534	0.000273534	0.000273534	0.000273534	699
0.964	-0.000369351	-0.000369351	-0.000369351	-0.000369351	770
0.965	-0.000506309	-0.000506309	-0.000506309	-0.000506309	745
0.966	-0.000254195	-0.000254195	-0.000254195	-0.000254195	727
0.967	0.00101419	0.00101419	0.00101419	0.00101419	719
0.968	0.000285714	0.000285714	0.000285714	0.000285714	735
0.969	-0.000188942	-0.000188942	-0.000188942	-0.000188942	633
0.97	1.9883e-05	1.9883e-05	1.9883e-05	1.9883e-05	684
0.971	0.000727591	0.000727591	0.000727591	0.000727591	685
0.972	-0.000489076	-0.000489076	-0.000489076	-0.000489076	714
0.973	0.000446537	0.000446537	0.000446537	0.000446537	722
0.974	0.000654795	0.000654795	0.000654795	0.000654795	730
0.975	0.000150145	0.000150145	0.000150145	0.000150145	690
0.976	-5.50512e-05	-5.50512e-05	-5.50512e-05	-5.50512e-05	683
0.977	0.00109489	0.00109489	0.00109489	0.00109489	666
0.978	-5.45166e-05	-5.45166e-05	-5.45166e-05	-5.45166e-05	631
0.979	-0.000217091	-0.000217091	-0.000217091	-0.000217091	667
0.98	0.00105683	0.00105683	0.00105683	0.00105683	732
0.981	0.000319645	0.000319645	0.000319645	0.000319645	677
0.982	0.00187931	0.00187931	0.00187931	0.00187931	749
0.983	0.000675269	0.000675269	0.000675269	0.000675269	744
0.984	0.000648662	0.000648662	0.000648662	0.000648662	785
0.985	-0.000219877	-0.000219877	-0.000219877	-0.000219877	815
0.986	0.000523711	0.000523711	0.000523711	0.000523711	776
0.987	0.000761413	0.000761413	0.000761413	0.000761413	736
0.988	0.000923162	0.000923162	0.000923162	0.000923162	721
0.989	0.000764258	0.000764258	0.000764258	0.000764258	761
0.99	-6.41096e-05	-6.41096e-05	-6.41096e-05	-6.41096e-05	730
0.991	5.78313e-05	5.78313e-05	5.78313e-05	5.78313e-05	747
0.992	0.000968142	0.000968142	0.000968142	0.000968142	678
0.993	0.000100139	0.000100139	0.000100139	0.000100139	719
0.994	0.000910699	0.000910699	0.000910699	0.000910699	701
0.995	4.95775e-05	4.95775e-05	4.95775e-05	4.95775e-05	710
0.996	-0.000325906	-0.000325906	-0.000325906	-0.000325906	745
0.997	0.000563142	0.000563142	0.000563142	0.000563142	662
0.998	-5.59885e-05	-5.59885e-05	-5.59885e-05	-5.59885e-05	693
0.999	4.99257e-05	4.99257e-05	4.99257e-05	4.99257e-05	673
1	0.00045891	0.00045891	0.00045891	0.00045891	679
