0.001	0.0901929	0.0901929	0.0901929	0.0901929	1294
0.002	0.0846838	0.0846838	0.0846838	0.0846838	916
0.003	0.0746387	0.0746387	0.0746387	0.0746387	697
0.004	0.0703513	0.0703513	0.0703513	0.0703513	591
0.005	0.0646953	0.0646953	0.0646953	0.0646953	424
0.006	0.0597559	0.0597559	0.0597559	0.0597559	449
0.007	0.0565325	0.0565325	0.0565325	0.0565325	332
0.008	0.0557342	0.0557342	0.0557342	0.0557342	313
0.009	0.0524739	0.0524739	0.0524739	0.0524739	287
0.01	0.0457272	0.0457272	0.0457272	0.0457272	261
0.011	0.0435931	0.0435931	0.0435931	0.0435931	232
0.012	0.0337058	0.0337058	0.0337058	0.0337058	223
0.013	0.0351251	0.0351251	0.0351251	0.0351251	219
0.014	0.0297021	0.0297021	0.0297021	0.0297021	188
0.015	0.0280299	0.0280299	0.0280299	0.0280299	201
0.016	0.0215841	0.0215841	0.0215841	0.0215841	201
0.017	0.0188745	0.0188745	0.0188745	0.0188745	204
0.018	0.0199192	0.0199192	0.0199192	0.0199192	203
0.019	0.0140691	0.0140691	0.0140691	0.0140691	191
0.02	0.0152684	0.0152684	0.0152684	0.0152684	158
0.021	0.010687	0.010687	0.010687	0.010687	184
0.022	0.0111546	0.0111546	0.0111546	0.0111546	194
0.023	0.0170335	0.0170335	0.0170335	0.0170335	185
0.024	0.012049	0.012049	0.012049	0.012049	147
0.025	0.0097404	0.0097404	0.0097404	0.0097404	151
0.026	0.0156571	0.0156571	0.0156571	0.0156571	154
0.027	0.00990289	0.00990289	0.00990289	0.00990289	173
0.028	0.0113921	0.0113921	0.0113921	0.0113921	202
0.029	0.0108023	0.0108023	0.0108023	0.0108023	172
0.03	0.00798217	0.00798217	0.00798217	0.00798217	157
0.031	0.00919767	0.00919767	0.00919767	0.00919767	172
0.032	0.00497516	0.00497516	0.00497516	0.00497516	153
0.033	0.00506667	0.00506667	0.00506667	0.00506667	138
0.034	0.00399494	0.00399494	0.00399494	0.00399494	158
0.035	0.00595	0.00595	0.00595	0.00595	152
0.036	0.0042125	0.0042125	0.0042125	0.0042125	128
0.037	0.00663733	0.00663733	0.00663733	0.00663733	150
0.038	0.00668358	0.00668358	0.00668358	0.00668358	134
0.039	0.00697589	0.00697589	0.00697589	0.00697589	141
0.04	0.00624427	0.00624427	0.00624427	0.00624427	131
0.041	0.00634887	0.00634887	0.00634887	0.00634887	133
0.042	0.00713506	0.00713506	0.00713506	0.00713506	154
0.043	0.00344857	0.00344857	0.00344857	0.00344857	140
0.044	0.00318061	0.00318061	0.00318061	0.00318061	165
0.045	0.00524384	0.00524384	0.00524384	0.00524384	146
0.046	0.00748919	0.00748919	0.00748919	0.00748919	148
0.047	0.0061025	0.0061025	0.0061025	0.0061025	160
0.048	0.000335897	0.000335897	0.000335897	0.000335897	156
0.049	0.0045913	0.0045913	0.0045913	0.0045913	138
0.05	0.00311716	0.00311716	0.00311716	0.00311716	169
0.051	0.00506383	0.00506383	0.00506383	0.00506383	141
0.052	0.0065075	0.0065075	0.0065075	0.0065075	160
0.053	0.00502609	0.00502609	0.00502609	0.00502609	138
0.054	0.0057125	0.0057125	0.0057125	0.0057125	160
0.055	0.00385939	0.00385939	0.00385939	0.00385939	165
0.056	0.00539556	0.00539556	0.00539556	0.00539556	135
0.057	0.00285238	0.00285238	0.00285238	0.00285238	168
0.058	0.00885153	0.00885153	0.00885153	0.00885153	163
0.059	0.00384474	0.00384474	0.00384474	0.00384474	152
0.06	0.00685915	0.00685915	0.00685915	0.00685915	142
0.061	0.00660723	0.00660723	0.00660723	0.00660723	166
0.062	0.00104828	0.00104828	0.00104828	0.00104828	174
0.063	0.0063	0.0063	0.0063	0.0063	152
0.064	0.00555467	0.00555467	0.00555467	0.00555467	150
0.065	0.00444096	0.00444096	0.00444096	0.00444096	166
0.066	0.00343333	0.00343333	0.00343333	0.00343333	168
0.067	0.00116774	0.00116774	0.00116774	0.00116774	124
0.068	-0.000141333	-0.000141333	-0.000141333	-0.000141333	150
0.069	0.00584132	0.00584132	0.00584132	0.00584132	121
0.07	0.00193529	0.00193529	0.00193529	0.00193529	136
0.071	0.00526032	0.00526032	0.00526032	0.00526032	126
0.072	0.00313469	0.00313469	0.00313469	0.00313469	147
0.073	0.00231154	0.00231154	0.00231154	0.00231154	104
0.074	0.00430534	0.00430534	0.00430534	0.00430534	131
0.075	0.0029024	0.0029024	0.0029024	0.0029024	125
0.076	0.00301486	0.00301486	0.00301486	0.00301486	175
0.077	0.000917647	0.000917647	0.000917647	0.000917647	170
0.078	0.00196407	0.00196407	0.00196407	0.00196407	167
0.079	-0.00222466	-0.00222466	-0.00222466	-0.00222466	146
0.08	-0.000657576	-0.000657576	-0.000657576	-0.000657576	132
0.081	-0.000189189	-0.000189189	-0.000189189	-0.000189189	148
0.082	0.00276176	0.00276176	0.00276176	0.00276176	136
0.083	-0.000570909	-0.000570909	-0.000570909	-0.000570909	110
0.084	0.00258873	0.00258873	0.00258873	0.00258873	142
0.085	0.00175366	0.00175366	0.00175366	0.00175366	164
0.086	0.000208917	0.000208917	0.000208917	0.000208917	157
0.087	-0.00300465	-0.00300465	-0.00300465	-0.00300465	129
0.088	0.000144615	0.000144615	0.000144615	0.000144615	130
0.089	-0.00342187	-0.00342187	-0.00342187	-0.00342187	128
0.09	-0.00137815	-0.00137815	-0.00137815	-0.00137815	119
0.091	-0.00256978	-0.00256978	-0.00256978	-0.00256978	139
0.092	-0.002448	-0.002448	-0.002448	-0.002448	150
0.093	0.00137101	0.00137101	0.00137101	0.00137101	138
0.094	-0.00119365	-0.00119365	-0.00119365	-0.00119365	126
0.095	0.001945	0.001945	0.001945	0.001945	160
0.096	0.000506294	0.000506294	0.000506294	0.000506294	143
0.097	-0.00105306	-0.00105306	-0.00105306	-0.00105306	147
0.098	0.0033589	0.0033589	0.0033589	0.0033589	146
0.099	0.00215632	0.00215632	0.00215632	0.00215632	174
0.1	0.00224968	0.00224968	0.00224968	0.00224968	157
0.101	0.00167606	0.00167606	0.00167606	0.00167606	142
0.102	0.00107673	0.00107673	0.00107673	0.00107673	159
0.103	0.004	0.004	0.004	0.004	179
0.104	0.002	0.002	0.002	0.002	149
0.105	0.00557778	0.00557778	0.00557778	0.00557778	144
0.106	0.00168268	0.00168268	0.00168268	0.00168268	179
0.107	0.00151724	0.00151724	0.00151724	0.00151724	174
0.108	5.41176e-05	5.41176e-05	5.41176e-05	5.41176e-05	170
0.109	0.00277584	0.00277584	0.00277584	0.00277584	149
0.11	-0.000110569	-0.000110569	-0.000110569	-0.000110569	123
0.111	0.00258947	0.00258947	0.00258947	0.00258947	133
0.112	0.00481761	0.00481761	0.00481761	0.00481761	159
0.113	0.000929545	0.000929545	0.000929545	0.000929545	176
0.114	0.000649682	0.000649682	0.000649682	0.000649682	157
0.115	0.00226309	0.00226309	0.00226309	0.00226309	149
0.116	0.00540599	0.00540599	0.00540599	0.00540599	167
0.117	-0.000686567	-0.000686567	-0.000686567	-0.000686567	134
0.118	0.00283404	0.00283404	0.00283404	0.00283404	141
0.119	0.00379687	0.00379687	0.00379687	0.00379687	128
0.12	0.00411189	0.00411189	0.00411189	0.00411189	143
0.121	-0.000281657	-0.000281657	-0.000281657	-0.000281657	169
0.122	0.000612571	0.000612571	0.000612571	0.000612571	175
0.123	0.000121127	0.000121127	0.000121127	0.000121127	142
0.124	-0.00231111	-0.00231111	-0.00231111	-0.00231111	162
0.125	-0.00232908	-0.00232908	-0.00232908	-0.00232908	141
0.126	0.000766917	0.000766917	0.000766917	0.000766917	133
0.127	0.00222857	0.00222857	0.00222857	0.00222857	168
0.128	-0.00199264	-0.00199264	-0.00199264	-0.00199264	163
0.129	-5.22876e-06	-5.22876e-06	-5.22876e-06	-5.22876e-06	153
0.13	-0.00136727	-0.00136727	-0.00136727	-0.00136727	165
0.131	-0.001248	-0.001248	-0.001248	-0.001248	175
0.132	-0.0029125	-0.0029125	-0.0029125	-0.0029125	160
0.133	-0.00115817	-0.00115817	-0.00115817	-0.00115817	153
0.134	-1.48148e-05	-1.48148e-05	-1.48148e-05	-1.48148e-05	135
0.135	-0.0002944	-0.0002944	-0.0002944	-0.0002944	125
0.136	-0.00220563	-0.00220563	-0.00220563	-0.00220563	142
0.137	0.000629333	0.000629333	0.000629333	0.000629333	150
0.138	-0.000652308	-0.000652308	-0.000652308	-0.000652308	130
0.139	-0.00263947	-0.00263947	-0.00263947	-0.00263947	152
0.14	-0.00183473	-0.00183473	-0.00183473	-0.00183473	167
0.141	-0.00186667	-0.00186667	-0.00186667	-0.00186667	189
0.142	0.000559574	0.000559574	0.000559574	0.000559574	188
0.143	0.00208636	0.00208636	0.00208636	0.00208636	176
0.144	0.00398154	0.00398154	0.00398154	0.00398154	195
0.145	0.00165397	0.00165397	0.00165397	0.00165397	126
0.146	0.00532778	0.00532778	0.00532778	0.00532778	144
0.147	0.000797516	0.000797516	0.000797516	0.000797516	161
0.148	0.003832	0.003832	0.003832	0.003832	150
0.149	0.000698734	0.000698734	0.000698734	0.000698734	158
0.15	0.00509429	0.00509429	0.00509429	0.00509429	140
0.151	0.00270933	0.00270933	0.00270933	0.00270933	150
0.152	0.00147143	0.00147143	0.00147143	0.00147143	140
0.153	0.00485786	0.00485786	0.00485786	0.00485786	159
0.154	0.00178343	0.00178343	0.00178343	0.00178343	181
0.155	0.00164789	0.00164789	0.00164789	0.00164789	142
0.156	0.00256855	0.00256855	0.00256855	0.00256855	159
0.157	0.00194424	0.00194424	0.00194424	0.00194424	165
0.158	0.00524072	0.00524072	0.00524072	0.00524072	167
0.159	0.00208	0.00208	0.00208	0.00208	165
0.16	0.00194943	0.00194943	0.00194943	0.00194943	174
0.161	0.00135	0.00135	0.00135	0.00135	160
0.162	0.00104181	0.00104181	0.00104181	0.00104181	177
0.163	-0.00106329	-0.00106329	-0.00106329	-0.00106329	158
0.164	-0.00146667	-0.00146667	-0.00146667	-0.00146667	162
0.165	-0.00141007	-0.00141007	-0.00141007	-0.00141007	139
0.166	0.000946341	0.000946341	0.000946341	0.000946341	123
0.167	0.000985621	0.000985621	0.000985621	0.000985621	153
0.168	-0.00103896	-0.00103896	-0.00103896	-0.00103896	154
0.169	0.000111688	0.000111688	0.000111688	0.000111688	154
0.17	-0.000432353	-0.000432353	-0.000432353	-0.000432353	136
0.171	0.000283146	0.000283146	0.000283146	0.000283146	178
0.172	-0.0013	-0.0013	-0.0013	-0.0013	164
0.173	0.000915862	0.000915862	0.000915862	0.000915862	145
0.174	0.00135349	0.00135349	0.00135349	0.00135349	172
0.175	-0.00115294	-0.00115294	-0.00115294	-0.00115294	170
0.176	-0.00128447	-0.00128447	-0.00128447	-0.00128447	161
0.177	0.00121307	0.00121307	0.00121307	0.00121307	153
0.178	-0.000221118	-0.000221118	-0.000221118	-0.000221118	161
0.179	-0.00078481	-0.00078481	-0.00078481	-0.00078481	158
0.18	0.00134359	0.00134359	0.00134359	0.00134359	156
0.181	0.000112977	0.000112977	0.000112977	0.000112977	131
0.182	6.77419e-05	6.77419e-05	6.77419e-05	6.77419e-05	124
0.183	0.0026843	0.0026843	0.0026843	0.0026843	121
0.184	0.00364628	0.00364628	0.00364628	0.00364628	121
0.185	-2.23776e-05	-2.23776e-05	-2.23776e-05	-2.23776e-05	143
0.186	-0.000813986	-0.000813986	-0.000813986	-0.000813986	143
0.187	-0.000979439	-0.000979439	-0.000979439	-0.000979439	107
0.188	-0.000265421	-0.000265421	-0.000265421	-0.000265421	107
0.189	5.7971e-05	5.7971e-05	5.7971e-05	5.7971e-05	138
0.19	0.000229032	0.000229032	0.000229032	0.000229032	124
0.191	0.00101231	0.00101231	0.00101231	0.00101231	130
0.192	-0.0013985	-0.0013985	-0.0013985	-0.0013985	133
0.193	0.000366897	0.000366897	0.000366897	0.000366897	145
0.194	-0.000861333	-0.000861333	-0.000861333	-0.000861333	150
0.195	-0.00259143	-0.00259143	-0.00259143	-0.00259143	140
0.196	0.00440544	0.00440544	0.00440544	0.00440544	147
0.197	5.71429e-05	5.71429e-05	5.71429e-05	5.71429e-05	140
0.198	0.00407013	0.00407013	0.00407013	0.00407013	154
0.199	0.00385	0.00385	0.00385	0.00385	96
0.2	-0.00047619	-0.00047619	-0.00047619	-0.00047619	126
0.201	0.00117117	0.00117117	0.00117117	0.00117117	111
0.202	-0.000416	-0.000416	-0.000416	-0.000416	125
0.203	0.000163478	0.000163478	0.000163478	0.000163478	115
0.204	0.00227937	0.00227937	0.00227937	0.00227937	126
0.205	0.00366095	0.00366095	0.00366095	0.00366095	105
0.206	0.00256207	0.00256207	0.00256207	0.00256207	116
0.207	0.00651729	0.00651729	0.00651729	0.00651729	133
0.208	0.00466395	0.00466395	0.00466395	0.00466395	147
0.209	-9.92701e-05	-9.92701e-05	-9.92701e-05	-9.92701e-05	137
0.21	-0.00157594	-0.00157594	-0.00157594	-0.00157594	133
0.211	0.000360305	0.000360305	0.000360305	0.000360305	131
0.212	-0.00260752	-0.00260752	-0.00260752	-0.00260752	133
0.213	0.00173171	0.00173171	0.00173171	0.00173171	164
0.214	0.00245031	0.00245031	0.00245031	0.00245031	159
0.215	-0.000331148	-0.000331148	-0.000331148	-0.000331148	122
0.216	-0.00278873	-0.00278873	-0.00278873	-0.00278873	142
0.217	-0.00240952	-0.00240952	-0.00240952	-0.00240952	126
0.218	0.000324812	0.000324812	0.000324812	0.000324812	133
0.219	-0.00212185	-0.00212185	-0.00212185	-0.00212185	151
0.22	-0.00149268	-0.00149268	-0.00149268	-0.00149268	123
0.221	-0.00213235	-0.00213235	-0.00213235	-0.00213235	136
0.222	-0.000973134	-0.000973134	-0.000973134	-0.000973134	134
0.223	-0.00227692	-0.00227692	-0.00227692	-0.00227692	104
0.224	-0.00168387	-0.00168387	-0.00168387	-0.00168387	124
0.225	-0.00106772	-0.00106772	-0.00106772	-0.00106772	127
0.226	0.00123969	0.00123969	0.00123969	0.00123969	131
0.227	-0.00123741	-0.00123741	-0.00123741	-0.00123741	139
0.228	-0.00137524	-0.00137524	-0.00137524	-0.00137524	105
0.229	-0.000864407	-0.000864407	-0.000864407	-0.000864407	118
0.23	-0.0022697	-0.0022697	-0.0022697	-0.0022697	132
0.231	-0.00424533	-0.00424533	-0.00424533	-0.00424533	150
0.232	-0.00110154	-0.00110154	-0.00110154	-0.00110154	130
0.233	-0.00107143	-0.00107143	-0.00107143	-0.00107143	140
0.234	-0.00102933	-0.00102933	-0.00102933	-0.00102933	150
0.235	0.00228889	0.00228889	0.00228889	0.00228889	162
0.236	0.000363636	0.000363636	0.000363636	0.000363636	165
0.237	0.000880447	0.000880447	0.000880447	0.000880447	179
0.238	0.000673446	0.000673446	0.000673446	0.000673446	177
0.239	0.00164855	0.00164855	0.00164855	0.00164855	173
0.24	0.000264662	0.000264662	0.000264662	0.000264662	133
0.241	-0.000100699	-0.000100699	-0.000100699	-0.000100699	143
0.242	0.00152727	0.00152727	0.00152727	0.00152727	165
0.243	-0.000202632	-0.000202632	-0.000202632	-0.000202632	152
0.244	0.00189351	0.00189351	0.00189351	0.00189351	154
0.245	-0.00343277	-0.00343277	-0.00343277	-0.00343277	177
0.246	-0.000956643	-0.000956643	-0.000956643	-0.000956643	143
0.247	-0.0029844	-0.0029844	-0.0029844	-0.0029844	141
0.248	-0.00263636	-0.00263636	-0.00263636	-0.00263636	132
0.249	-0.00319688	-0.00319688	-0.00319688	-0.00319688	128
0.25	-0.00102636	-0.00102636	-0.00102636	-0.00102636	129
0.251	-0.00135775	-0.00135775	-0.00135775	-0.00135775	142
0.252	-0.000246809	-0.000246809	-0.000246809	-0.000246809	141
0.253	9.45946e-05	9.45946e-05	9.45946e-05	9.45946e-05	148
0.254	5.96273e-05	5.96273e-05	5.96273e-05	5.96273e-05	161
0.255	-0.000424242	-0.000424242	-0.000424242	-0.000424242	132
0.256	0.00048	0.00048	0.00048	0.00048	135
0.257	0.00159268	0.00159268	0.00159268	0.00159268	164
0.258	-0.00133947	-0.00133947	-0.00133947	-0.00133947	152
0.259	0.00322785	0.00322785	0.00322785	0.00322785	158
0.26	-0.00154745	-0.00154745	-0.00154745	-0.00154745	137
0.261	-0.000135897	-0.000135897	-0.000135897	-0.000135897	156
0.262	-0.00316667	-0.00316667	-0.00316667	-0.00316667	156
0.263	-0.000561963	-0.000561963	-0.000561963	-0.000561963	163
0.264	-0.000145736	-0.000145736	-0.000145736	-0.000145736	129
0.265	-0.000598374	-0.000598374	-0.000598374	-0.000598374	123
0.266	-0.00011831	-0.00011831	-0.00011831	-0.00011831	142
0.267	-0.00285246	-0.00285246	-0.00285246	-0.00285246	122
0.268	0.00311818	0.00311818	0.00311818	0.00311818	132
0.269	-0.000582716	-0.000582716	-0.000582716	-0.000582716	162
0.27	0.00113566	0.00113566	0.00113566	0.00113566	143
0.271	-0.00129843	-0.00129843	-0.00129843	-0.00129843	191
0.272	0.000912575	0.000912575	0.000912575	0.000912575	167
0.273	-0.000166667	-0.000166667	-0.000166667	-0.000166667	156
0.274	-0.00133082	-0.00133082	-0.00133082	-0.00133082	159
0.275	-0.000972152	-0.000972152	-0.000972152	-0.000972152	158
0.276	-0.00262411	-0.00262411	-0.00262411	-0.00262411	141
0.277	-0.000498507	-0.000498507	-0.000498507	-0.000498507	134
0.278	-0.000539007	-0.000539007	-0.000539007	-0.000539007	141
0.279	-0.00217813	-0.00217813	-0.00217813	-0.00217813	128
0.28	-0.00176376	-0.00176376	-0.00176376	-0.00176376	149
0.281	-0.0006528	-0.0006528	-0.0006528	-0.0006528	125
0.282	-0.000875362	-0.000875362	-0.000875362	-0.000875362	138
0.283	-0.00139403	-0.00139403	-0.00139403	-0.00139403	134
0.284	-0.000236943	-0.000236943	-0.000236943	-0.000236943	157
0.285	0.00255639	0.00255639	0.00255639	0.00255639	133
0.286	0.000809836	0.000809836	0.000809836	0.000809836	122
0.287	0.00285714	0.00285714	0.00285714	0.00285714	126
0.288	0.00243881	0.00243881	0.00243881	0.00243881	134
0.289	0.00103478	0.00103478	0.00103478	0.00103478	138
0.29	0.00139344	0.00139344	0.00139344	0.00139344	122
0.291	0.00492982	0.00492982	0.00492982	0.00492982	114
0.292	0.00538207	0.00538207	0.00538207	0.00538207	145
0.293	0.00583172	0.00583172	0.00583172	0.00583172	145
0.294	0.00578333	0.00578333	0.00578333	0.00578333	120
0.295	0.00380896	0.00380896	0.00380896	0.00380896	134
0.296	0.00291469	0.00291469	0.00291469	0.00291469	143
0.297	0.0021925	0.0021925	0.0021925	0.0021925	160
0.298	0.00486154	0.00486154	0.00486154	0.00486154	156
0.299	0.00387826	0.00387826	0.00387826	0.00387826	161
0.3	-0.000636111	-0.000636111	-0.000636111	-0.000636111	144
0.301	0.000974545	0.000974545	0.000974545	0.000974545	165
0.302	0.00408148	0.00408148	0.00408148	0.00408148	162
0.303	-0.000198726	-0.000198726	-0.000198726	-0.000198726	157
0.304	0.00106935	0.00106935	0.00106935	0.00106935	199
0.305	-0.00163027	-0.00163027	-0.00163027	-0.00163027	185
0.306	0.000432117	0.000432117	0.000432117	0.000432117	137
0.307	0.000203922	0.000203922	0.000203922	0.000203922	153
0.308	0.00046069	0.00046069	0.00046069	0.00046069	145
0.309	-0.000170732	-0.000170732	-0.000170732	-0.000170732	164
0.31	0.00035443	0.00035443	0.00035443	0.00035443	158
0.311	-0.0016671	-0.0016671	-0.0016671	-0.0016671	155
0.312	-0.000974118	-0.000974118	-0.000974118	-0.000974118	170
0.313	-3.20988e-05	-3.20988e-05	-3.20988e-05	-3.20988e-05	162
0.314	-0.000848101	-0.000848101	-0.000848101	-0.000848101	158
0.315	-0.00146144	-0.00146144	-0.00146144	-0.00146144	153
0.316	-0.00163077	-0.00163077	-0.00163077	-0.00163077	156
0.317	-0.00141951	-0.00141951	-0.00141951	-0.00141951	164
0.318	8.0597e-05	8.0597e-05	8.0597e-05	8.0597e-05	134
0.319	-0.00037377	-0.00037377	-0.00037377	-0.00037377	122
0.32	-6.46154e-05	-6.46154e-05	-6.46154e-05	-6.46154e-05	130
0.321	-0.000326154	-0.000326154	-0.000326154	-0.000326154	130
0.322	2.85714e-05	2.85714e-05	2.85714e-05	2.85714e-05	140
0.323	-4e-05	-4e-05	-4e-05	-4e-05	130
0.324	0.00314745	0.00314745	0.00314745	0.00314745	137
0.325	-0.00115429	-0.00115429	-0.00115429	-0.00115429	140
0.326	-0.000216667	-0.000216667	-0.000216667	-0.000216667	120
0.327	-0.00168435	-0.00168435	-0.00168435	-0.00168435	147
0.328	0.000861728	0.000861728	0.000861728	0.000861728	162
0.329	0.0024028	0.0024028	0.0024028	0.0024028	143
0.33	-0.00321399	-0.00321399	-0.00321399	-0.00321399	143
0.331	0.00288264	0.00288264	0.00288264	0.00288264	121
0.332	0.000954331	0.000954331	0.000954331	0.000954331	127
0.333	0.00143158	0.00143158	0.00143158	0.00143158	152
0.334	-0.000257343	-0.000257343	-0.000257343	-0.000257343	143
0.335	0.00293443	0.00293443	0.00293443	0.00293443	122
0.336	-0.000772789	-0.000772789	-0.000772789	-0.000772789	147
0.337	-0.000676423	-0.000676423	-0.000676423	-0.000676423	123
0.338	0.0018597	0.0018597	0.0018597	0.0018597	134
0.339	0.00011215	0.00011215	0.00011215	0.00011215	107
0.34	0.000113869	0.000113869	0.000113869	0.000113869	137
0.341	-0.00187907	-0.00187907	-0.00187907	-0.00187907	129
0.342	-0.00132932	-0.00132932	-0.00132932	-0.00132932	133
0.343	-0.00182411	-0.00182411	-0.00182411	-0.00182411	141
0.344	-0.00168525	-0.00168525	-0.00168525	-0.00168525	122
0.345	0.000772414	0.000772414	0.000772414	0.000772414	145
0.346	0.00329431	0.00329431	0.00329431	0.00329431	123
0.347	0.00233448	0.00233448	0.00233448	0.00233448	116
0.348	0.001025	0.001025	0.001025	0.001025	128
0.349	-0.000872727	-0.000872727	-0.000872727	-0.000872727	132
0.35	-0.00182985	-0.00182985	-0.00182985	-0.00182985	134
0.351	-0.000287603	-0.000287603	-0.000287603	-0.000287603	121
0.352	0.000307692	0.000307692	0.000307692	0.000307692	104
0.353	-0.0009184	-0.0009184	-0.0009184	-0.0009184	125
0.354	0.00121538	0.00121538	0.00121538	0.00121538	130
0.355	0.000700637	0.000700637	0.000700637	0.000700637	157
0.356	-0.000569492	-0.000569492	-0.000569492	-0.000569492	118
0.357	0.0018208	0.0018208	0.0018208	0.0018208	125
0.358	0.00321765	0.00321765	0.00321765	0.00321765	136
0.359	-0.000145736	-0.000145736	-0.000145736	-0.000145736	129
0.36	-0.000131034	-0.000131034	-0.000131034	-0.000131034	116
0.361	0.00134222	0.00134222	0.00134222	0.00134222	135
0.362	-0.00175407	-0.00175407	-0.00175407	-0.00175407	135
0.363	-0.00336	-0.00336	-0.00336	-0.00336	135
0.364	0.00122817	0.00122817	0.00122817	0.00122817	142
0.365	0.00154167	0.00154167	0.00154167	0.00154167	144
0.366	0.000379874	0.000379874	0.000379874	0.000379874	159
0.367	0.000320513	0.000320513	0.000320513	0.000320513	156
0.368	0.00131884	0.00131884	0.00131884	0.00131884	138
0.369	0.00115443	0.00115443	0.00115443	0.00115443	158
0.37	0.000212245	0.000212245	0.000212245	0.000212245	147
0.371	-0.00136316	-0.00136316	-0.00136316	-0.00136316	152
0.372	5.06667e-05	5.06667e-05	5.06667e-05	5.06667e-05	150
0.373	-0.000195349	-0.000195349	-0.000195349	-0.000195349	129
0.374	-0.00134574	-0.00134574	-0.00134574	-0.00134574	129
0.375	-0.00177667	-0.00177667	-0.00177667	-0.00177667	120
0.376	0.000384713	0.000384713	0.000384713	0.000384713	157
0.377	0.000168153	0.000168153	0.000168153	0.000168153	157
0.378	0.00108571	0.00108571	0.00108571	0.00108571	154
0.379	-0.000582677	-0.000582677	-0.000582677	-0.000582677	127
0.38	-0.00126	-0.00126	-0.00126	-0.00126	140
0.381	0.000216	0.000216	0.000216	0.000216	150
0.382	-2.57143e-05	-2.57143e-05	-2.57143e-05	-2.57143e-05	140
0.383	-0.00191801	-0.00191801	-0.00191801	-0.00191801	161
0.384	-0.000742105	-0.000742105	-0.000742105	-0.000742105	152
0.385	0.000971901	0.000971901	0.000971901	0.000971901	121
0.386	0.00113793	0.00113793	0.00113793	0.00113793	116
0.387	-0.000293525	-0.000293525	-0.000293525	-0.000293525	139
0.388	-0.00125075	-0.00125075	-0.00125075	-0.00125075	134
0.389	-0.00121986	-0.00121986	-0.00121986	-0.00121986	141
0.39	-0.00400992	-0.00400992	-0.00400992	-0.00400992	121
0.391	-0.00362975	-0.00362975	-0.00362975	-0.00362975	121
0.392	-0.00125574	-0.00125574	-0.00125574	-0.00125574	122
0.393	3.38983e-06	3.38983e-06	3.38983e-06	3.38983e-06	118
0.394	-0.00018705	-0.00018705	-0.00018705	-0.00018705	139
0.395	-0.0029125	-0.0029125	-0.0029125	-0.0029125	128
0.396	0.00263119	0.00263119	0.00263119	0.00263119	109
0.397	-0.00188235	-0.00188235	-0.00188235	-0.00188235	119
0.398	-0.000219355	-0.000219355	-0.000219355	-0.000219355	124
0.399	-0.00150286	-0.00150286	-0.00150286	-0.00150286	140
0.4	0.000181295	0.000181295	0.000181295	0.000181295	139
0.401	0.00135278	0.00135278	0.00135278	0.00135278	144
0.402	0.00050411	0.00050411	0.00050411	0.00050411	146
0.403	-0.000435165	-0.000435165	-0.000435165	-0.000435165	91
0.404	-0.001504	-0.001504	-0.001504	-0.001504	125
0.405	-0.00100699	-0.00100699	-0.00100699	-0.00100699	143
0.406	0.00162667	0.00162667	0.00162667	0.00162667	120
0.407	0.000868148	0.000868148	0.000868148	0.000868148	135
0.408	0.00809134	0.00809134	0.00809134	0.00809134	127
0.409	0.00484755	0.00484755	0.00484755	0.00484755	143
0.41	0.00526069	0.00526069	0.00526069	0.00526069	145
0.411	0.00107114	0.00107114	0.00107114	0.00107114	149
0.412	0.0037662	0.0037662	0.0037662	0.0037662	142
0.413	0.00301793	0.00301793	0.00301793	0.00301793	145
0.414	0.00515294	0.00515294	0.00515294	0.00515294	153
0.415	0.00177612	0.00177612	0.00177612	0.00177612	134
0.416	0.00322927	0.00322927	0.00322927	0.00322927	164
0.417	-0.000489231	-0.000489231	-0.000489231	-0.000489231	130
0.418	0.0017457	0.0017457	0.0017457	0.0017457	151
0.419	-0.000357447	-0.000357447	-0.000357447	-0.000357447	141
0.42	-0.000730864	-0.000730864	-0.000730864	-0.000730864	162
0.421	-5.22876e-05	-5.22876e-05	-5.22876e-05	-5.22876e-05	153
0.422	-0.000409581	-0.000409581	-0.000409581	-0.000409581	167
0.423	-0.00104156	-0.00104156	-0.00104156	-0.00104156	154
0.424	-0.000407692	-0.000407692	-0.000407692	-0.000407692	156
0.425	-0.0031625	-0.0031625	-0.0031625	-0.0031625	160
0.426	-0.000816107	-0.000816107	-0.000816107	-0.000816107	149
0.427	-0.00182609	-0.00182609	-0.00182609	-0.00182609	161
0.428	-0.00140699	-0.00140699	-0.00140699	-0.00140699	143
0.429	-0.00115122	-0.00115122	-0.00115122	-0.00115122	164
0.43	-0.00199509	-0.00199509	-0.00199509	-0.00199509	163
0.431	-0.000424427	-0.000424427	-0.000424427	-0.000424427	131
0.432	-0.00024375	-0.00024375	-0.00024375	-0.00024375	128
0.433	0.000228966	0.000228966	0.000228966	0.000228966	145
0.434	-0.00126027	-0.00126027	-0.00126027	-0.00126027	146
0.435	0.00102047	0.00102047	0.00102047	0.00102047	127
0.436	0.00401258	0.00401258	0.00401258	0.00401258	159
0.437	-0.00130149	-0.00130149	-0.00130149	-0.00130149	134
0.438	0.000479412	0.000479412	0.000479412	0.000479412	136
0.439	0.00234722	0.00234722	0.00234722	0.00234722	144
0.44	0.00033007	0.00033007	0.00033007	0.00033007	143
0.441	-0.000564885	-0.000564885	-0.000564885	-0.000564885	131
0.442	-0.00107692	-0.00107692	-0.00107692	-0.00107692	130
0.443	0.000631111	0.000631111	0.000631111	0.000631111	135
0.444	-0.000307463	-0.000307463	-0.000307463	-0.000307463	134
0.445	0.00124776	0.00124776	0.00124776	0.00124776	134
0.446	0.00101194	0.00101194	0.00101194	0.00101194	134
0.447	0.00153548	0.00153548	0.00153548	0.00153548	124
0.448	0.00341754	0.00341754	0.00341754	0.00341754	114
0.449	-3.21168e-05	-3.21168e-05	-3.21168e-05	-3.21168e-05	137
0.45	0.000928571	0.000928571	0.000928571	0.000928571	112
0.451	0.00137043	0.00137043	0.00137043	0.00137043	115
0.452	0.00218824	0.00218824	0.00218824	0.00218824	119
0.453	0.00301194	0.00301194	0.00301194	0.00301194	134
0.454	0.00327407	0.00327407	0.00327407	0.00327407	135
0.455	-0.00016646	-0.00016646	-0.00016646	-0.00016646	161
0.456	0.000664935	0.000664935	0.000664935	0.000664935	154
0.457	0.00189286	0.00189286	0.00189286	0.00189286	168
0.458	0.00250994	0.00250994	0.00250994	0.00250994	171
0.459	-0.000446341	-0.000446341	-0.000446341	-0.000446341	164
0.46	0.00118107	0.00118107	0.00118107	0.00118107	169
0.461	-0.000270199	-0.000270199	-0.000270199	-0.000270199	151
0.462	0.000263291	0.000263291	0.000263291	0.000263291	158
0.463	1.63265e-05	1.63265e-05	1.63265e-05	1.63265e-05	147
0.464	0.000178378	0.000178378	0.000178378	0.000178378	148
0.465	-0.000274627	-0.000274627	-0.000274627	-0.000274627	134
0.466	0.00116842	0.00116842	0.00116842	0.00116842	152
0.467	-0.000449655	-0.000449655	-0.000449655	-0.000449655	145
0.468	0.000154601	0.000154601	0.000154601	0.000154601	163
0.469	-0.00141353	-0.00141353	-0.00141353	-0.00141353	133
0.47	0.0019303	0.0019303	0.0019303	0.0019303	132
0.471	-0.00213784	-0.00213784	-0.00213784	-0.00213784	148
0.472	0.000656338	0.000656338	0.000656338	0.000656338	142
0.473	0.000467606	0.000467606	0.000467606	0.000467606	142
0.474	0.00275102	0.00275102	0.00275102	0.00275102	147
0.475	0.00162133	0.00162133	0.00162133	0.00162133	150
0.476	0.00339845	0.00339845	0.00339845	0.00339845	129
0.477	0.00237143	0.00237143	0.00237143	0.00237143	112
0.478	0.00181022	0.00181022	0.00181022	0.00181022	137
0.479	0.000774775	0.000774775	0.000774775	0.000774775	111
0.48	0.000497196	0.000497196	0.000497196	0.000497196	107
0.481	0.000292105	0.000292105	0.000292105	0.000292105	152
0.482	-0.00145098	-0.00145098	-0.00145098	-0.00145098	153
0.483	-0.000344928	-0.000344928	-0.000344928	-0.000344928	138
0.484	-0.000973228	-0.000973228	-0.000973228	-0.000973228	127
0.485	-0.00131915	-0.00131915	-0.00131915	-0.00131915	141
0.486	-0.00112	-0.00112	-0.00112	-0.00112	155
0.487	-0.000122699	-0.000122699	-0.000122699	-0.000122699	163
0.488	-0.000214013	-0.000214013	-0.000214013	-0.000214013	157
0.489	0.0008575	0.0008575	0.0008575	0.0008575	160
0.49	0.000314839	0.000314839	0.000314839	0.000314839	155
0.491	-0.000258065	-0.000258065	-0.000258065	-0.000258065	124
0.492	0.000393846	0.000393846	0.000393846	0.000393846	130
0.493	-0.00101714	-0.00101714	-0.00101714	-0.00101714	140
0.494	0.000878431	0.000878431	0.000878431	0.000878431	153
0.495	0.00230897	0.00230897	0.00230897	0.00230897	145
0.496	0.00231056	0.00231056	0.00231056	0.00231056	161
0.497	0.000782857	0.000782857	0.000782857	0.000782857	140
0.498	0.00114109	0.00114109	0.00114109	0.00114109	129
0.499	0.00153623	0.00153623	0.00153623	0.00153623	138
0.5	0.000181818	0.000181818	0.000181818	0.000181818	143
0.501	0.00198551	0.00198551	0.00198551	0.00198551	138
0.502	0.000602564	0.000602564	0.000602564	0.000602564	156
0.503	0.00147914	0.00147914	0.00147914	0.00147914	139
0.504	-0.000156923	-0.000156923	-0.000156923	-0.000156923	130
0.505	-0.000478788	-0.000478788	-0.000478788	-0.000478788	132
0.506	-0.0012	-0.0012	-0.0012	-0.0012	166
0.507	0.00163636	0.00163636	0.00163636	0.00163636	176
0.508	0.00407463	0.00407463	0.00407463	0.00407463	134
0.509	0.00319728	0.00319728	0.00319728	0.00319728	147
0.51	0.00403537	0.00403537	0.00403537	0.00403537	147
0.511	-0.000422535	-0.000422535	-0.000422535	-0.000422535	142
0.512	0.00016338	0.00016338	0.00016338	0.00016338	142
0.513	-0.00293973	-0.00293973	-0.00293973	-0.00293973	146
0.514	-0.0030902	-0.0030902	-0.0030902	-0.0030902	153
0.515	-0.00123152	-0.00123152	-0.00123152	-0.00123152	165
0.516	-0.000514667	-0.000514667	-0.000514667	-0.000514667	150
0.517	-0.00208555	-0.00208555	-0.00208555	-0.00208555	173
0.518	-0.000556643	-0.000556643	-0.000556643	-0.000556643	143
0.519	-0.00138293	-0.00138293	-0.00138293	-0.00138293	164
0.52	0.0010129	0.0010129	0.0010129	0.0010129	186
0.521	0.00063815	0.00063815	0.00063815	0.00063815	173
0.522	0.00194685	0.00194685	0.00194685	0.00194685	143
0.523	0.00229535	0.00229535	0.00229535	0.00229535	172
0.524	0.000509924	0.000509924	0.000509924	0.000509924	131
0.525	0.00283492	0.00283492	0.00283492	0.00283492	126
0.526	0.00269793	0.00269793	0.00269793	0.00269793	145
0.527	0.000925	0.000925	0.000925	0.000925	128
0.528	0.00217886	0.00217886	0.00217886	0.00217886	123
0.529	0.00349697	0.00349697	0.00349697	0.00349697	132
0.53	0.00128684	0.00128684	0.00128684	0.00128684	152
0.531	0.000996825	0.000996825	0.000996825	0.000996825	126
0.532	2.97297e-05	2.97297e-05	2.97297e-05	2.97297e-05	148
0.533	0.000953425	0.000953425	0.000953425	0.000953425	146
0.534	0.00297067	0.00297067	0.00297067	0.00297067	150
0.535	0.00054069	0.00054069	0.00054069	0.00054069	145
0.536	0.00355034	0.00355034	0.00355034	0.00355034	145
0.537	0.00169167	0.00169167	0.00169167	0.00169167	144
0.538	0.00216	0.00216	0.00216	0.00216	105
0.539	0.00159063	0.00159063	0.00159063	0.00159063	128
0.54	0.00193261	0.00193261	0.00193261	0.00193261	184
0.541	0.00116547	0.00116547	0.00116547	0.00116547	139
0.542	0.0019662	0.0019662	0.0019662	0.0019662	142
0.543	0.000926897	0.000926897	0.000926897	0.000926897	145
0.544	0.001888	0.001888	0.001888	0.001888	125
0.545	0.00131603	0.00131603	0.00131603	0.00131603	131
0.546	-0.000645669	-0.000645669	-0.000645669	-0.000645669	127
0.547	-9.73913e-05	-9.73913e-05	-9.73913e-05	-9.73913e-05	115
0.548	-0.0012058	-0.0012058	-0.0012058	-0.0012058	138
0.549	-0.000525217	-0.000525217	-0.000525217	-0.000525217	115
0.55	-0.00147302	-0.00147302	-0.00147302	-0.00147302	126
0.551	-0.00161739	-0.00161739	-0.00161739	-0.00161739	138
0.552	-0.0014029	-0.0014029	-0.0014029	-0.0014029	138
0.553	-0.00125714	-0.00125714	-0.00125714	-0.00125714	126
0.554	-0.00257181	-0.00257181	-0.00257181	-0.00257181	149
0.555	-0.00208212	-0.00208212	-0.00208212	-0.00208212	151
0.556	-0.000738686	-0.000738686	-0.000738686	-0.000738686	137
0.557	-0.000982781	-0.000982781	-0.000982781	-0.000982781	151
0.558	-0.000218868	-0.000218868	-0.000218868	-0.000218868	159
0.559	-0.00217941	-0.00217941	-0.00217941	-0.00217941	136
0.56	0.00115394	0.00115394	0.00115394	0.00115394	165
0.561	0.000714894	0.000714894	0.000714894	0.000714894	141
0.562	-0.000306748	-0.000306748	-0.000306748	-0.000306748	163
0.563	-0.00127536	-0.00127536	-0.00127536	-0.00127536	138
0.564	-0.0032973	-0.0032973	-0.0032973	-0.0032973	148
0.565	-0.001368	-0.001368	-0.001368	-0.001368	150
0.566	-0.000969412	-0.000969412	-0.000969412	-0.000969412	170
0.567	0.00092093	0.00092093	0.00092093	0.00092093	129
0.568	0.00187714	0.00187714	0.00187714	0.00187714	140
0.569	0.000254015	0.000254015	0.000254015	0.000254015	137
0.57	0.00191489	0.00191489	0.00191489	0.00191489	141
0.571	0.00652893	0.00652893	0.00652893	0.00652893	121
0.572	0.00236333	0.00236333	0.00236333	0.00236333	120
0.573	-0.00135593	-0.00135593	-0.00135593	-0.00135593	118
0.574	-0.0020367	-0.0020367	-0.0020367	-0.0020367	109
0.575	0.0024768	0.0024768	0.0024768	0.0024768	125
0.576	0.000701754	0.000701754	0.000701754	0.000701754	114
0.577	-0.000773333	-0.000773333	-0.000773333	-0.000773333	135
0.578	-6.48649e-05	-6.48649e-05	-6.48649e-05	-6.48649e-05	111
0.579	-8.82759e-05	-8.82759e-05	-8.82759e-05	-8.82759e-05	145
0.58	-0.00170074	-0.00170074	-0.00170074	-0.00170074	135
0.581	-0.00124444	-0.00124444	-0.00124444	-0.00124444	144
0.582	-0.00243019	-0.00243019	-0.00243019	-0.00243019	159
0.583	-0.00221176	-0.00221176	-0.00221176	-0.00221176	136
0.584	0.00166286	0.00166286	0.00166286	0.00166286	140
0.585	-0.0020812	-0.0020812	-0.0020812	-0.0020812	133
0.586	0.00151562	0.00151562	0.00151562	0.00151562	128
0.587	0.00131429	0.00131429	0.00131429	0.00131429	147
0.588	-0.00186577	-0.00186577	-0.00186577	-0.00186577	149
0.589	-0.000508844	-0.000508844	-0.000508844	-0.000508844	147
0.59	-0.001528	-0.001528	-0.001528	-0.001528	150
0.591	-0.00151622	-0.00151622	-0.00151622	-0.00151622	148
0.592	-0.000661905	-0.000661905	-0.000661905	-0.000661905	168
0.593	-5.59441e-06	-5.59441e-06	-5.59441e-06	-5.59441e-06	143
0.594	-0.00136608	-0.00136608	-0.00136608	-0.00136608	171
0.595	-0.000625	-0.000625	-0.000625	-0.000625	160
0.596	-0.00343617	-0.00343617	-0.00343617	-0.00343617	188
0.597	-0.00282093	-0.00282093	-0.00282093	-0.00282093	172
0.598	-0.00463646	-0.00463646	-0.00463646	-0.00463646	181
0.599	-0.00205189	-0.00205189	-0.00205189	-0.00205189	185
0.6	-0.00202876	-0.00202876	-0.00202876	-0.00202876	153
0.601	-0.0024732	-0.0024732	-0.0024732	-0.0024732	153
0.602	-0.00232059	-0.00232059	-0.00232059	-0.00232059	136
0.603	-0.000481356	-0.000481356	-0.000481356	-0.000481356	118
0.604	-0.00409062	-0.00409062	-0.00409062	-0.00409062	128
0.605	0.00124051	0.00124051	0.00124051	0.00124051	158
0.606	0.00125867	0.00125867	0.00125867	0.00125867	150
0.607	-0.000870229	-0.000870229	-0.000870229	-0.000870229	131
0.608	0.00308493	0.00308493	0.00308493	0.00308493	146
0.609	0.00238857	0.00238857	0.00238857	0.00238857	140
0.61	0.000669444	0.000669444	0.000669444	0.000669444	144
0.611	0.000342857	0.000342857	0.000342857	0.000342857	154
0.612	-0.000579104	-0.000579104	-0.000579104	-0.000579104	134
0.613	0.000649383	0.000649383	0.000649383	0.000649383	162
0.614	0.00105	0.00105	0.00105	0.00105	160
0.615	-0.000506806	-0.000506806	-0.000506806	-0.000506806	191
0.616	-0.00137364	-0.00137364	-0.00137364	-0.00137364	129
0.617	0.000794245	0.000794245	0.000794245	0.000794245	139
0.618	0.00207832	0.00207832	0.00207832	0.00207832	143
0.619	0.000417544	0.000417544	0.000417544	0.000417544	114
0.62	0.000698667	0.000698667	0.000698667	0.000698667	150
0.621	0.000382979	0.000382979	0.000382979	0.000382979	141
0.622	0.000273333	0.000273333	0.000273333	0.000273333	120
0.623	-0.00168214	-0.00168214	-0.00168214	-0.00168214	112
0.624	-0.00296508	-0.00296508	-0.00296508	-0.00296508	126
0.625	0.00128493	0.00128493	0.00128493	0.00128493	146
0.626	0.00242353	0.00242353	0.00242353	0.00242353	136
0.627	0.000242857	0.000242857	0.000242857	0.000242857	112
0.628	-0.00210909	-0.00210909	-0.00210909	-0.00210909	99
0.629	-0.000404082	-0.000404082	-0.000404082	-0.000404082	98
0.63	-0.00150085	-0.00150085	-0.00150085	-0.00150085	117
0.631	-0.000858333	-0.000858333	-0.000858333	-0.000858333	144
0.632	-0.000402564	-0.000402564	-0.000402564	-0.000402564	156
0.633	-0.00165039	-0.00165039	-0.00165039	-0.00165039	127
0.634	-0.000790625	-0.000790625	-0.000790625	-0.000790625	128
0.635	-0.00283974	-0.00283974	-0.00283974	-0.00283974	151
0.636	0.000185714	0.000185714	0.000185714	0.000185714	140
0.637	-0.000501408	-0.000501408	-0.000501408	-0.000501408	142
0.638	-0.00183824	-0.00183824	-0.00183824	-0.00183824	136
0.639	0.000571831	0.000571831	0.000571831	0.000571831	142
0.64	0.000141935	0.000141935	0.000141935	0.000141935	155
0.641	0.00311282	0.00311282	0.00311282	0.00311282	156
0.642	0.00215329	0.00215329	0.00215329	0.00215329	167
0.643	-0.00089	-0.00089	-0.00089	-0.00089	160
0.644	0.000675	0.000675	0.000675	0.000675	144
0.645	-0.003192	-0.003192	-0.003192	-0.003192	150
0.646	-0.001536	-0.001536	-0.001536	-0.001536	150
0.647	-0.00169078	-0.00169078	-0.00169078	-0.00169078	141
0.648	-0.000244776	-0.000244776	-0.000244776	-0.000244776	134
0.649	-0.00124317	-0.00124317	-0.00124317	-0.00124317	139
0.65	-0.00130226	-0.00130226	-0.00130226	-0.00130226	133
0.651	-0.00133988	-0.00133988	-0.00133988	-0.00133988	163
0.652	-0.00241613	-0.00241613	-0.00241613	-0.00241613	124
0.653	-0.00259683	-0.00259683	-0.00259683	-0.00259683	126
0.654	0.00172333	0.00172333	0.00172333	0.00172333	120
0.655	-3.4375e-05	-3.4375e-05	-3.4375e-05	-3.4375e-05	128
0.656	0.00122835	0.00122835	0.00122835	0.00122835	127
0.657	0.000332903	0.000332903	0.000332903	0.000332903	155
0.658	-8.88889e-05	-8.88889e-05	-8.88889e-05	-8.88889e-05	126
0.659	0.000512903	0.000512903	0.000512903	0.000512903	124
0.66	-0.000698592	-0.000698592	-0.000698592	-0.000698592	142
0.661	0.000909804	0.000909804	0.000909804	0.000909804	153
0.662	0.000538889	0.000538889	0.000538889	0.000538889	144
0.663	-2.13333e-05	-2.13333e-05	-2.13333e-05	-2.13333e-05	150
0.664	0.00167007	0.00167007	0.00167007	0.00167007	137
0.665	-0.00101558	-0.00101558	-0.00101558	-0.00101558	154
0.666	0.00103401	0.00103401	0.00103401	0.00103401	147
0.667	-0.00101944	-0.00101944	-0.00101944	-0.00101944	144
0.668	-0.000510067	-0.000510067	-0.000510067	-0.000510067	149
0.669	-0.00159155	-0.00159155	-0.00159155	-0.00159155	142
0.67	0.000614013	0.000614013	0.000614013	0.000614013	157
0.671	-0.000861935	-0.000861935	-0.000861935	-0.000861935	155
0.672	-0.00183724	-0.00183724	-0.00183724	-0.00183724	145
0.673	-0.00123077	-0.00123077	-0.00123077	-0.00123077	169
0.674	-0.000951515	-0.000951515	-0.000951515	-0.000951515	132
0.675	0.00293151	0.00293151	0.00293151	0.00293151	146
0.676	-0.000721875	-0.000721875	-0.000721875	-0.000721875	128
0.677	0.000211111	0.000211111	0.000211111	0.000211111	108
0.678	-0.00271212	-0.00271212	-0.00271212	-0.00271212	132
0.679	-0.0010806	-0.0010806	-0.0010806	-0.0010806	134
0.68	0.0017479	0.0017479	0.0017479	0.0017479	119
0.681	0.00150427	0.00150427	0.00150427	0.00150427	117
0.682	0.00366131	0.00366131	0.00366131	0.00366131	137
0.683	3.63636e-05	3.63636e-05	3.63636e-05	3.63636e-05	143
0.684	0.00216552	0.00216552	0.00216552	0.00216552	116
0.685	0.00285333	0.00285333	0.00285333	0.00285333	135
0.686	0.00378621	0.00378621	0.00378621	0.00378621	116
0.687	0.00231304	0.00231304	0.00231304	0.00231304	138
0.688	0.0015218	0.0015218	0.0015218	0.0015218	133
0.689	0.00228235	0.00228235	0.00228235	0.00228235	136
0.69	0.000234483	0.000234483	0.000234483	0.000234483	145
0.691	0.00155161	0.00155161	0.00155161	0.00155161	124
0.692	-0.000705882	-0.000705882	-0.000705882	-0.000705882	136
0.693	9.80132e-05	9.80132e-05	9.80132e-05	9.80132e-05	151
0.694	0.00138933	0.00138933	0.00138933	0.00138933	150
0.695	0.00131077	0.00131077	0.00131077	0.00131077	130
0.696	0.00162857	0.00162857	0.00162857	0.00162857	154
0.697	0.0012456	0.0012456	0.0012456	0.0012456	193
0.698	0.00124211	0.00124211	0.00124211	0.00124211	152
0.699	0.00027013	0.00027013	0.00027013	0.00027013	154
0.7	0.000381714	0.000381714	0.000381714	0.000381714	175
0.701	0.000522876	0.000522876	0.000522876	0.000522876	153
0.702	-0.000611043	-0.000611043	-0.000611043	-0.000611043	163
0.703	0.000814925	0.000814925	0.000814925	0.000814925	134
0.704	-0.000716547	-0.000716547	-0.000716547	-0.000716547	139
0.705	-0.000229677	-0.000229677	-0.000229677	-0.000229677	155
0.706	0.000454422	0.000454422	0.000454422	0.000454422	147
0.707	0.00177103	0.00177103	0.00177103	0.00177103	145
0.708	0.00324539	0.00324539	0.00324539	0.00324539	141
0.709	0.0012225	0.0012225	0.0012225	0.0012225	160
0.71	0.000249275	0.000249275	0.000249275	0.000249275	138
0.711	-0.000760284	-0.000760284	-0.000760284	-0.000760284	141
0.712	0.00266225	0.00266225	0.00266225	0.00266225	151
0.713	0.000402899	0.000402899	0.000402899	0.000402899	138
0.714	0.00247324	0.00247324	0.00247324	0.00247324	142
0.715	8.13008e-05	8.13008e-05	8.13008e-05	8.13008e-05	123
0.716	-0.00160559	-0.00160559	-0.00160559	-0.00160559	143
0.717	-0.00166194	-0.00166194	-0.00166194	-0.00166194	155
0.718	-0.000158273	-0.000158273	-0.000158273	-0.000158273	139
0.719	-0.000308661	-0.000308661	-0.000308661	-0.000308661	127
0.72	0.0028625	0.0028625	0.0028625	0.0028625	160
0.721	0.00158718	0.00158718	0.00158718	0.00158718	156
0.722	-0.000687248	-0.000687248	-0.000687248	-0.000687248	149
0.723	0.000322667	0.000322667	0.000322667	0.000322667	150
0.724	-0.00055814	-0.00055814	-0.00055814	-0.00055814	129
0.725	-7.39496e-05	-7.39496e-05	-7.39496e-05	-7.39496e-05	119
0.726	0.000402941	0.000402941	0.000402941	0.000402941	136
0.727	0.00129048	0.00129048	0.00129048	0.00129048	168
0.728	0.00501053	0.00501053	0.00501053	0.00501053	152
0.729	0.00306918	0.00306918	0.00306918	0.00306918	159
0.73	-0.0007725	-0.0007725	-0.0007725	-0.0007725	160
0.731	-0.00283826	-0.00283826	-0.00283826	-0.00283826	115
0.732	-0.00155328	-0.00155328	-0.00155328	-0.00155328	137
0.733	0.00209927	0.00209927	0.00209927	0.00209927	137
0.734	0.00299852	0.00299852	0.00299852	0.00299852	135
0.735	-0.000652632	-0.000652632	-0.000652632	-0.000652632	152
0.736	0.000503125	0.000503125	0.000503125	0.000503125	128
0.737	-0.00185556	-0.00185556	-0.00185556	-0.00185556	144
0.738	-0.00135032	-0.00135032	-0.00135032	-0.00135032	157
0.739	-0.00270556	-0.00270556	-0.00270556	-0.00270556	144
0.74	-0.000586667	-0.000586667	-0.000586667	-0.000586667	150
0.741	-0.000703896	-0.000703896	-0.000703896	-0.000703896	154
0.742	-0.00104	-0.00104	-0.00104	-0.00104	135
0.743	-0.000765957	-0.000765957	-0.000765957	-0.000765957	141
0.744	-0.000821477	-0.000821477	-0.000821477	-0.000821477	149
0.745	-0.00196992	-0.00196992	-0.00196992	-0.00196992	133
0.746	-0.00132789	-0.00132789	-0.00132789	-0.00132789	147
0.747	-0.002344	-0.002344	-0.002344	-0.002344	150
0.748	-0.000787097	-0.000787097	-0.000787097	-0.000787097	124
0.749	-0.00127887	-0.00127887	-0.00127887	-0.00127887	142
0.75	-0.000209524	-0.000209524	-0.000209524	-0.000209524	168
0.751	0.000755224	0.000755224	0.000755224	0.000755224	134
0.752	-0.00080916	-0.00080916	-0.00080916	-0.00080916	131
0.753	0.000687879	0.000687879	0.000687879	0.000687879	132
0.754	-0.000569536	-0.000569536	-0.000569536	-0.000569536	151
0.755	-0.000270504	-0.000270504	-0.000270504	-0.000270504	139
0.756	-0.00136241	-0.00136241	-0.00136241	-0.00136241	133
0.757	-0.00415639	-0.00415639	-0.00415639	-0.00415639	133
0.758	0.000465625	0.000465625	0.000465625	0.000465625	128
0.759	0.000754362	0.000754362	0.000754362	0.000754362	149
0.76	0.00273488	0.00273488	0.00273488	0.00273488	129
0.761	0.00235342	0.00235342	0.00235342	0.00235342	146
0.762	0.000368421	0.000368421	0.000368421	0.000368421	114
0.763	0.000178723	0.000178723	0.000178723	0.000178723	141
0.764	-0.000757447	-0.000757447	-0.000757447	-0.000757447	141
0.765	-0.00222556	-0.00222556	-0.00222556	-0.00222556	133
0.766	-0.00151825	-0.00151825	-0.00151825	-0.00151825	137
0.767	-0.00194887	-0.00194887	-0.00194887	-0.00194887	133
0.768	-0.00102822	-0.00102822	-0.00102822	-0.00102822	163
0.769	0.000874534	0.000874534	0.000874534	0.000874534	161
0.77	-0.000753741	-0.000753741	-0.000753741	-0.000753741	147
0.771	-0.000311111	-0.000311111	-0.000311111	-0.000311111	135
0.772	-0.000489362	-0.000489362	-0.000489362	-0.000489362	188
0.773	0.00105816	0.00105816	0.00105816	0.00105816	141
0.774	-0.00160567	-0.00160567	-0.00160567	-0.00160567	141
0.775	0.00240258	0.00240258	0.00240258	0.00240258	155
0.776	-0.000696063	-0.000696063	-0.000696063	-0.000696063	127
0.777	-0.00167059	-0.00167059	-0.00167059	-0.00167059	136
0.778	-0.00212327	-0.00212327	-0.00212327	-0.00212327	159
0.779	-0.000627273	-0.000627273	-0.000627273	-0.000627273	132
0.78	0.00365271	0.00365271	0.00365271	0.00365271	129
0.781	0.00209323	0.00209323	0.00209323	0.00209323	133
0.782	0.00103434	0.00103434	0.00103434	0.00103434	99
0.783	0.000124771	0.000124771	0.000124771	0.000124771	109
0.784	-0.000121875	-0.000121875	-0.000121875	-0.000121875	128
0.785	-8.57143e-05	-8.57143e-05	-8.57143e-05	-8.57143e-05	126
0.786	0.00267778	0.00267778	0.00267778	0.00267778	108
0.787	0.0011252	0.0011252	0.0011252	0.0011252	123
0.788	-0.00107368	-0.00107368	-0.00107368	-0.00107368	114
0.789	-0.00256	-0.00256	-0.00256	-0.00256	115
0.79	-0.00171212	-0.00171212	-0.00171212	-0.00171212	132
0.791	0.00231613	0.00231613	0.00231613	0.00231613	124
0.792	0.00449434	0.00449434	0.00449434	0.00449434	106
0.793	0.00214775	0.00214775	0.00214775	0.00214775	111
0.794	0.00406822	0.00406822	0.00406822	0.00406822	129
0.795	0.00188346	0.00188346	0.00188346	0.00188346	127
0.796	0.00432647	0.00432647	0.00432647	0.00432647	136
0.797	0.000377465	0.000377465	0.000377465	0.000377465	142
0.798	0.00211944	0.00211944	0.00211944	0.00211944	144
0.799	0.00154286	0.00154286	0.00154286	0.00154286	119
0.8	0.000597183	0.000597183	0.000597183	0.000597183	142
0.801	-0.000364706	-0.000364706	-0.000364706	-0.000364706	136
0.802	0.00200896	0.00200896	0.00200896	0.00200896	134
0.803	0.000987179	0.000987179	0.000987179	0.000987179	156
0.804	2.5e-05	2.5e-05	2.5e-05	2.5e-05	144
0.805	0.00213333	0.00213333	0.00213333	0.00213333	117
0.806	-0.00245926	-0.00245926	-0.00245926	-0.00245926	135
0.807	-0.000477333	-0.000477333	-0.000477333	-0.000477333	150
0.808	-0.000791724	-0.000791724	-0.000791724	-0.000791724	145
0.809	-0.000502069	-0.000502069	-0.000502069	-0.000502069	145
0.81	0.000494118	0.000494118	0.000494118	0.000494118	153
0.811	0.00209687	0.00209687	0.00209687	0.00209687	128
0.812	0.00165283	0.00165283	0.00165283	0.00165283	106
0.813	0.00245234	0.00245234	0.00245234	0.00245234	107
0.814	-0.000235484	-0.000235484	-0.000235484	-0.000235484	124
0.815	0.000613333	0.000613333	0.000613333	0.000613333	120
0.816	0.00334571	0.00334571	0.00334571	0.00334571	140
0.817	0.0030144	0.0030144	0.0030144	0.0030144	125
0.818	0.00384516	0.00384516	0.00384516	0.00384516	124
0.819	-0.000435374	-0.000435374	-0.000435374	-0.000435374	147
0.82	-0.00163894	-0.00163894	-0.00163894	-0.00163894	113
0.821	0.00151613	0.00151613	0.00151613	0.00151613	124
0.822	0.000485294	0.000485294	0.000485294	0.000485294	136
0.823	0.0006112	0.0006112	0.0006112	0.0006112	125
0.824	-0.000527027	-0.000527027	-0.000527027	-0.000527027	148
0.825	-0.000191453	-0.000191453	-0.000191453	-0.000191453	117
0.826	0.000423529	0.000423529	0.000423529	0.000423529	102
0.827	0.00300357	0.00300357	0.00300357	0.00300357	112
0.828	0.00060678	0.00060678	0.00060678	0.00060678	118
0.829	-0.000384615	-0.000384615	-0.000384615	-0.000384615	104
0.83	0.000627586	0.000627586	0.000627586	0.000627586	116
0.831	0.00201322	0.00201322	0.00201322	0.00201322	121
0.832	-0.00134328	-0.00134328	-0.00134328	-0.00134328	134
0.833	0.000454545	0.000454545	0.000454545	0.000454545	110
0.834	0.0021561	0.0021561	0.0021561	0.0021561	123
0.835	0.00211348	0.00211348	0.00211348	0.00211348	141
0.836	0.00093617	0.00093617	0.00093617	0.00093617	141
0.837	0.00140597	0.00140597	0.00140597	0.00140597	134
0.838	0.000768421	0.000768421	0.000768421	0.000768421	152
0.839	-0.00153377	-0.00153377	-0.00153377	-0.00153377	151
0.84	-0.00184965	-0.00184965	-0.00184965	-0.00184965	141
0.841	-0.00236883	-0.00236883	-0.00236883	-0.00236883	154
0.842	0.00209846	0.00209846	0.00209846	0.00209846	130
0.843	0.000437795	0.000437795	0.000437795	0.000437795	127
0.844	8.69565e-06	8.69565e-06	8.69565e-06	8.69565e-06	138
0.845	-0.00125217	-0.00125217	-0.00125217	-0.00125217	115
0.846	0.00175357	0.00175357	0.00175357	0.00175357	112
0.847	-0.00278	-0.00278	-0.00278	-0.00278	120
0.848	-0.00123175	-0.00123175	-0.00123175	-0.00123175	126
0.849	-0.000203125	-0.000203125	-0.000203125	-0.000203125	128
0.85	0.0012381	0.0012381	0.0012381	0.0012381	147
0.851	0.00211781	0.00211781	0.00211781	0.00211781	146
0.852	0.000846043	0.000846043	0.000846043	0.000846043	139
0.853	0.000196364	0.000196364	0.000196364	0.000196364	110
0.854	0.00170827	0.00170827	0.00170827	0.00170827	133
0.855	-0.00134286	-0.00134286	-0.00134286	-0.00134286	112
0.856	3.44828e-05	3.44828e-05	3.44828e-05	3.44828e-05	116
0.857	-0.00186479	-0.00186479	-0.00186479	-0.00186479	142
0.858	-0.00219403	-0.00219403	-0.00219403	-0.00219403	134
0.859	-0.000406897	-0.000406897	-0.000406897	-0.000406897	116
0.86	-0.00144889	-0.00144889	-0.00144889	-0.00144889	135
0.861	-0.000294017	-0.000294017	-0.000294017	-0.000294017	117
0.862	-0.00084812	-0.00084812	-0.00084812	-0.00084812	133
0.863	0.000903125	0.000903125	0.000903125	0.000903125	128
0.864	0.000552212	0.000552212	0.000552212	0.000552212	113
0.865	-0.00120364	-0.00120364	-0.00120364	-0.00120364	110
0.866	-0.000634711	-0.000634711	-0.000634711	-0.000634711	121
0.867	2.56e-05	2.56e-05	2.56e-05	2.56e-05	125
0.868	0.00159661	0.00159661	0.00159661	0.00159661	118
0.869	0.000998561	0.000998561	0.000998561	0.000998561	139
0.87	0.000854369	0.000854369	0.000854369	0.000854369	103
0.871	0.000967521	0.000967521	0.000967521	0.000967521	117
0.872	-0.000521008	-0.000521008	-0.000521008	-0.000521008	119
0.873	0.00029913	0.00029913	0.00029913	0.00029913	115
0.874	0.000770803	0.000770803	0.000770803	0.000770803	137
0.875	-0.000607595	-0.000607595	-0.000607595	-0.000607595	158
0.876	0.000986861	0.000986861	0.000986861	0.000986861	137
0.877	0.00226357	0.00226357	0.00226357	0.00226357	129
0.878	0.00180274	0.00180274	0.00180274	0.00180274	146
0.879	-0.0013322	-0.0013322	-0.0013322	-0.0013322	118
0.88	0.000234783	0.000234783	0.000234783	0.000234783	138
0.881	0.000944	0.000944	0.000944	0.000944	125
0.882	0.00385987	0.00385987	0.00385987	0.00385987	157
0.883	0.00169474	0.00169474	0.00169474	0.00169474	152
0.884	0.000112977	0.000112977	0.000112977	0.000112977	131
0.885	-0.00101333	-0.00101333	-0.00101333	-0.00101333	120
0.886	0.000723664	0.000723664	0.000723664	0.000723664	131
0.887	-0.0027519	-0.0027519	-0.0027519	-0.0027519	158
0.888	-0.00308952	-0.00308952	-0.00308952	-0.00308952	105
0.889	-0.0021211	-0.0021211	-0.0021211	-0.0021211	109
0.89	-0.00065	-0.00065	-0.00065	-0.00065	120
0.891	0.00015814	0.00015814	0.00015814	0.00015814	129
0.892	-0.000881967	-0.000881967	-0.000881967	-0.000881967	122
0.893	-0.000956028	-0.000956028	-0.000956028	-0.000956028	141
0.894	-0.00338045	-0.00338045	-0.00338045	-0.00338045	133
0.895	-0.00245565	-0.00245565	-0.00245565	-0.00245565	115
0.896	-0.0028625	-0.0028625	-0.0028625	-0.0028625	128
0.897	0.000962069	0.000962069	0.000962069	0.000962069	116
0.898	-5.60748e-05	-5.60748e-05	-5.60748e-05	-5.60748e-05	107
0.899	-0.00162712	-0.00162712	-0.00162712	-0.00162712	118
0.9	0.000309244	0.000309244	0.000309244	0.000309244	119
0.901	0.00127451	0.00127451	0.00127451	0.00127451	102
0.902	-0.000234711	-0.000234711	-0.000234711	-0.000234711	121
0.903	0.00230588	0.00230588	0.00230588	0.00230588	136
0.904	0.000903226	0.000903226	0.000903226	0.000903226	124
0.905	-3.10345e-05	-3.10345e-05	-3.10345e-05	-3.10345e-05	116
0.906	-0.00209106	-0.00209106	-0.00209106	-0.00209106	123
0.907	-0.00134754	-0.00134754	-0.00134754	-0.00134754	122
0.908	-0.00232308	-0.00232308	-0.00232308	-0.00232308	130
0.909	-0.0024	-0.0024	-0.0024	-0.0024	125
0.91	-0.000958779	-0.000958779	-0.000958779	-0.000958779	131
0.911	-0.00254062	-0.00254062	-0.00254062	-0.00254062	128
0.912	-0.000380952	-0.000380952	-0.000380952	-0.000380952	147
0.913	-0.0009	-0.0009	-0.0009	-0.0009	148
0.914	-0.00221069	-0.00221069	-0.00221069	-0.00221069	131
0.915	-0.000678125	-0.000678125	-0.000678125	-0.000678125	128
0.916	0.00052069	0.00052069	0.00052069	0.00052069	116
0.917	0.000789091	0.000789091	0.000789091	0.000789091	110
0.918	0.0012037	0.0012037	0.0012037	0.0012037	108
0.919	0.000330275	0.000330275	0.000330275	0.000330275	109
0.92	0.00191927	0.00191927	0.00191927	0.00191927	109
0.921	0.00142479	0.00142479	0.00142479	0.00142479	121
0.922	0.00183226	0.00183226	0.00183226	0.00183226	124
0.923	0.00128571	0.00128571	0.00128571	0.00128571	140
0.924	0.00125191	0.00125191	0.00125191	0.00125191	131
0.925	-0.000548148	-0.000548148	-0.000548148	-0.000548148	108
0.926	0.00191619	0.00191619	0.00191619	0.00191619	105
0.927	0.00428293	0.00428293	0.00428293	0.00428293	123
0.928	0.000908571	0.000908571	0.000908571	0.000908571	140
0.929	0.00251081	0.00251081	0.00251081	0.00251081	148
0.93	0.000317073	0.000317073	0.000317073	0.000317073	164
0.931	0.000314961	0.000314961	0.000314961	0.000314961	127
0.932	0.00169412	0.00169412	0.00169412	0.00169412	136
0.933	0.00295534	0.00295534	0.00295534	0.00295534	103
0.934	0.00105197	0.00105197	0.00105197	0.00105197	127
0.935	0.000385185	0.000385185	0.000385185	0.000385185	135
0.936	-0.000329078	-0.000329078	-0.000329078	-0.000329078	141
0.937	-0.00220131	-0.00220131	-0.00220131	-0.00220131	153
0.938	0.00198849	0.00198849	0.00198849	0.00198849	139
0.939	0.00178209	0.00178209	0.00178209	0.00178209	134
0.94	0.000768421	0.000768421	0.000768421	0.000768421	114
0.941	0.00385091	0.00385091	0.00385091	0.00385091	110
0.942	0.0014099	0.0014099	0.0014099	0.0014099	101
0.943	0.00328136	0.00328136	0.00328136	0.00328136	118
0.944	0.000942424	0.000942424	0.000942424	0.000942424	132
0.945	0.000871429	0.000871429	0.000871429	0.000871429	168
0.946	-0.00158559	-0.00158559	-0.00158559	-0.00158559	111
0.947	0.000124444	0.000124444	0.000124444	0.000124444	135
0.948	0.00453571	0.00453571	0.00453571	0.00453571	112
0.949	0.000841379	0.000841379	0.000841379	0.000841379	116
0.95	0.00161154	0.00161154	0.00161154	0.00161154	104
0.951	-0.0005	-0.0005	-0.0005	-0.0005	104
0.952	0.00329032	0.00329032	0.00329032	0.00329032	124
0.953	0.00236667	0.00236667	0.00236667	0.00236667	96
0.954	0.000741176	0.000741176	0.000741176	0.000741176	102
0.955	0.00206957	0.00206957	0.00206957	0.00206957	115
0.956	-0.000447059	-0.000447059	-0.000447059	-0.000447059	119
0.957	-0.00140171	-0.00140171	-0.00140171	-0.00140171	117
0.958	0.000472414	0.000472414	0.000472414	0.000472414	116
0.959	0.00229855	0.00229855	0.00229855	0.00229855	138
0.96	0.00114419	0.00114419	0.00114419	0.00114419	129
0.961	0.0006816	0.0006816	0.0006816	0.0006816	125
0.962	0.0011552	0.0011552	0.0011552	0.0011552	125
0.963	0.00328713	0.00328713	0.00328713	0.00328713	101
0.964	0.000472131	0.000472131	0.000472131	0.000472131	122
0.965	0.000515789	0.000515789	0.000515789	0.000515789	114
0.966	0.00115926	0.00115926	0.00115926	0.00115926	108
0.967	0.000508108	0.000508108	0.000508108	0.000508108	111
0.968	0.00204878	0.00204878	0.00204878	0.00204878	123
0.969	0.00446018	0.00446018	0.00446018	0.00446018	113
0.97	0.00261261	0.00261261	0.00261261	0.00261261	111
0.971	-1.90476e-05	-1.90476e-05	-1.90476e-05	-1.90476e-05	105
0.972	0.00105631	0.00105631	0.00105631	0.00105631	103
0.973	0.00158678	0.00158678	0.00158678	0.00158678	121
0.974	0.00179	0.00179	0.00179	0.00179	120
0.975	0.00146415	0.00146415	0.00146415	0.00146415	106
0.976	0.00045812	0.00045812	0.00045812	0.00045812	117
0.977	-8.92562e-05	-8.92562e-05	-8.92562e-05	-8.92562e-05	121
0.978	0.0012736	0.0012736	0.0012736	0.0012736	125
0.979	-0.00168932	-0.00168932	-0.00168932	-0.00168932	103
0.98	0.00402581	0.00402581	0.00402581	0.00402581	124
0.981	0.00177714	0.00177714	0.00177714	0.00177714	140
0.982	-0.000209009	-0.000209009	-0.000209009	-0.000209009	111
0.983	0.0006	0.0006	0.0006	0.0006	120
0.984	0.00226667	0.00226667	0.00226667	0.00226667	123
0.985	0.00208	0.00208	0.00208	0.00208	130
0.986	9.28e-05	9.28e-05	9.28e-05	9.28e-05	125
0.987	-0.00161008	-0.00161008	-0.00161008	-0.00161008	119
0.988	0.000520863	0.000520863	0.000520863	0.000520863	139
0.989	-0.000531034	-0.000531034	-0.000531034	-0.000531034	116
0.99	0.00215224	0.00215224	0.00215224	0.00215224	134
0.991	0.00400702	0.00400702	0.00400702	0.00400702	114
0.992	0.0010931	0.0010931	0.0010931	0.0010931	116
0.993	0.00104533	0.00104533	0.00104533	0.00104533	150
0.994	-0.000490226	-0.000490226	-0.000490226	-0.000490226	133
0.995	1.84615e-05	1.84615e-05	1.84615e-05	1.84615e-05	130
0.996	0.00157313	0.00157313	0.00157313	0.00157313	134
0.997	0.000736667	0.000736667	0.000736667	0.000736667	120
0.998	-0.000283636	-0.000283636	-0.000283636	-0.000283636	110
0.999	0.000563158	0.000563158	0.000563158	0.000563158	152
1	0.0019625	0.0019625	0.0019625	0.0019625	128
