0.001	0.0855904	0.0855904	0.0855904	0.0855904	1206
0.002	0.0768458	0.0768458	0.0768458	0.0768458	891
0.003	0.0722314	0.0722314	0.0722314	0.0722314	676
0.004	0.0651053	0.0651053	0.0651053	0.0651053	490
0.005	0.057221	0.057221	0.057221	0.057221	458
0.006	0.0566616	0.0566616	0.0566616	0.0566616	344
0.007	0.0456232	0.0456232	0.0456232	0.0456232	311
0.008	0.0465155	0.0465155	0.0465155	0.0465155	277
0.009	0.0421577	0.0421577	0.0421577	0.0421577	284
0.01	0.0337721	0.0337721	0.0337721	0.0337721	265
0.011	0.0283457	0.0283457	0.0283457	0.0283457	221
0.012	0.0322222	0.0322222	0.0322222	0.0322222	198
0.013	0.0278355	0.0278355	0.0278355	0.0278355	214
0.014	0.0260523	0.0260523	0.0260523	0.0260523	176
0.015	0.0202704	0.0202704	0.0202704	0.0202704	213
0.016	0.0187222	0.0187222	0.0187222	0.0187222	185
0.017	0.018655	0.018655	0.018655	0.018655	160
0.018	0.0137013	0.0137013	0.0137013	0.0137013	158
0.019	0.0163158	0.0163158	0.0163158	0.0163158	152
0.02	0.0119478	0.0119478	0.0119478	0.0119478	161
0.021	0.0157212	0.0157212	0.0157212	0.0157212	132
0.022	0.00789877	0.00789877	0.00789877	0.00789877	162
0.023	0.0075	0.0075	0.0075	0.0075	132
0.024	0.00565556	0.00565556	0.00565556	0.00565556	144
0.025	0.00858592	0.00858592	0.00858592	0.00858592	142
0.026	0.0128	0.0128	0.0128	0.0128	152
0.027	0.006	0.006	0.006	0.006	125
0.028	0.00704294	0.00704294	0.00704294	0.00704294	163
0.029	0.0103266	0.0103266	0.0103266	0.0103266	158
0.03	0.0105396	0.0105396	0.0105396	0.0105396	169
0.031	0.00675115	0.00675115	0.00675115	0.00675115	131
0.032	0.00889296	0.00889296	0.00889296	0.00889296	142
0.033	0.00799137	0.00799137	0.00799137	0.00799137	139
0.034	0.00737405	0.00737405	0.00737405	0.00737405	131
0.035	0.0105062	0.0105062	0.0105062	0.0105062	128
0.036	0.0035949	0.0035949	0.0035949	0.0035949	157
0.037	0.0123549	0.0123549	0.0123549	0.0123549	142
0.038	0.0113324	0.0113324	0.0113324	0.0113324	142
0.039	0.00664103	0.00664103	0.00664103	0.00664103	156
0.04	0.00468824	0.00468824	0.00468824	0.00468824	136
0.041	0.00465833	0.00465833	0.00465833	0.00465833	144
0.042	0.00548444	0.00548444	0.00548444	0.00548444	135
0.043	0.00647007	0.00647007	0.00647007	0.00647007	137
0.044	0.00882857	0.00882857	0.00882857	0.00882857	140
0.045	0.00967381	0.00967381	0.00967381	0.00967381	168
0.046	0.00646211	0.00646211	0.00646211	0.00646211	161
0.047	0.00624348	0.00624348	0.00624348	0.00624348	138
0.048	0.00581111	0.00581111	0.00581111	0.00581111	144
0.049	-1.48148e-05	-1.48148e-05	-1.48148e-05	-1.48148e-05	135
0.05	0.00578125	0.00578125	0.00578125	0.00578125	128
0.051	0.00256322	0.00256322	0.00256322	0.00256322	174
0.052	0.00639459	0.00639459	0.00639459	0.00639459	148
0.053	0.0057	0.0057	0.0057	0.0057	140
0.054	0.00442687	0.00442687	0.00442687	0.00442687	134
0.055	0.00586269	0.00586269	0.00586269	0.00586269	134
0.056	0.005336	0.005336	0.005336	0.005336	150
0.057	0.00754014	0.00754014	0.00754014	0.00754014	147
0.058	0.00706667	0.00706667	0.00706667	0.00706667	156
0.059	0.00888593	0.00888593	0.00888593	0.00888593	135
0.06	0.00234074	0.00234074	0.00234074	0.00234074	108
0.061	0.00537941	0.00537941	0.00537941	0.00537941	136
0.062	0.000217886	0.000217886	0.000217886	0.000217886	123
0.063	0.00287194	0.00287194	0.00287194	0.00287194	139
0.064	0.010971	0.010971	0.010971	0.010971	138
0.065	0.00558857	0.00558857	0.00558857	0.00558857	140
0.066	0.00790355	0.00790355	0.00790355	0.00790355	141
0.067	0.00711278	0.00711278	0.00711278	0.00711278	133
0.068	0.0072871	0.0072871	0.0072871	0.0072871	124
0.069	0.00385246	0.00385246	0.00385246	0.00385246	122
0.07	0.00484127	0.00484127	0.00484127	0.00484127	126
0.071	0.00227719	0.00227719	0.00227719	0.00227719	114
0.072	-0.000698246	-0.000698246	-0.000698246	-0.000698246	114
0.073	0.00226804	0.00226804	0.00226804	0.00226804	97
0.074	0.00308197	0.00308197	0.00308197	0.00308197	122
0.075	0.00136378	0.00136378	0.00136378	0.00136378	127
0.076	0.00447	0.00447	0.00447	0.00447	120
0.077	0.00292913	0.00292913	0.00292913	0.00292913	127
0.078	0.00342571	0.00342571	0.00342571	0.00342571	140
0.079	0.00249925	0.00249925	0.00249925	0.00249925	133
0.08	0.00272883	0.00272883	0.00272883	0.00272883	163
0.081	0.000679195	0.000679195	0.000679195	0.000679195	149
0.082	0.00448553	0.00448553	0.00448553	0.00448553	159
0.083	0.00023	0.00023	0.00023	0.00023	160
0.084	0.00375118	0.00375118	0.00375118	0.00375118	127
0.085	0.00434687	0.00434687	0.00434687	0.00434687	128
0.086	0.00322087	0.00322087	0.00322087	0.00322087	115
0.087	0.00282748	0.00282748	0.00282748	0.00282748	131
0.088	0.00781176	0.00781176	0.00781176	0.00781176	136
0.089	0.00460134	0.00460134	0.00460134	0.00460134	149
0.09	0.00398168	0.00398168	0.00398168	0.00398168	131
0.091	0.00495534	0.00495534	0.00495534	0.00495534	103
0.092	0.00147556	0.00147556	0.00147556	0.00147556	135
0.093	0.00174468	0.00174468	0.00174468	0.00174468	141
0.094	0.00277	0.00277	0.00277	0.00277	160
0.095	0.00300323	0.00300323	0.00300323	0.00300323	124
0.096	0.00476232	0.00476232	0.00476232	0.00476232	138
0.097	0.00390313	0.00390313	0.00390313	0.00390313	128
0.098	0.000233333	0.000233333	0.000233333	0.000233333	132
0.099	0.0016531	0.0016531	0.0016531	0.0016531	113
0.1	-0.00042449	-0.00042449	-0.00042449	-0.00042449	147
0.101	0.00471343	0.00471343	0.00471343	0.00471343	134
0.102	0.000761905	0.000761905	0.000761905	0.000761905	126
0.103	-0.0012992	-0.0012992	-0.0012992	-0.0012992	125
0.104	0.00088	0.00088	0.00088	0.00088	130
0.105	-0.000863492	-0.000863492	-0.000863492	-0.000863492	126
0.106	0.00074386	0.00074386	0.00074386	0.00074386	114
0.107	0.00323922	0.00323922	0.00323922	0.00323922	102
0.108	0.00113704	0.00113704	0.00113704	0.00113704	108
0.109	0.000900971	0.000900971	0.000900971	0.000900971	103
0.11	0.00350645	0.00350645	0.00350645	0.00350645	124
0.111	0.00256	0.00256	0.00256	0.00256	110
0.112	0.00206182	0.00206182	0.00206182	0.00206182	110
0.113	0.00227368	0.00227368	0.00227368	0.00227368	152
0.114	0.00112109	0.00112109	0.00112109	0.00112109	147
0.115	0.00407714	0.00407714	0.00407714	0.00407714	140
0.116	0.0015	0.0015	0.0015	0.0015	164
0.117	0.00347126	0.00347126	0.00347126	0.00347126	174
0.118	0.00314222	0.00314222	0.00314222	0.00314222	180
0.119	0.00527448	0.00527448	0.00527448	0.00527448	145
0.12	0.00385481	0.00385481	0.00385481	0.00385481	135
0.121	0.00209043	0.00209043	0.00209043	0.00209043	115
0.122	-0.000139394	-0.000139394	-0.000139394	-0.000139394	132
0.123	0.00380522	0.00380522	0.00380522	0.00380522	115
0.124	0.00308889	0.00308889	0.00308889	0.00308889	90
0.125	0.00401575	0.00401575	0.00401575	0.00401575	127
0.126	0.0018336	0.0018336	0.0018336	0.0018336	125
0.127	0.00114711	0.00114711	0.00114711	0.00114711	121
0.128	0.00197187	0.00197187	0.00197187	0.00197187	128
0.129	0.0030112	0.0030112	0.0030112	0.0030112	125
0.13	0.00124483	0.00124483	0.00124483	0.00124483	116
0.131	0.000566667	0.000566667	0.000566667	0.000566667	132
0.132	0.0013662	0.0013662	0.0013662	0.0013662	142
0.133	0.0030156	0.0030156	0.0030156	0.0030156	141
0.134	0.00117122	0.00117122	0.00117122	0.00117122	139
0.135	0.000764865	0.000764865	0.000764865	0.000764865	148
0.136	0.000997368	0.000997368	0.000997368	0.000997368	152
0.137	-0.000947651	-0.000947651	-0.000947651	-0.000947651	149
0.138	-0.00144146	-0.00144146	-0.00144146	-0.00144146	164
0.139	-0.000244444	-0.000244444	-0.000244444	-0.000244444	144
0.14	-0.000920261	-0.000920261	-0.000920261	-0.000920261	153
0.141	0.0012875	0.0012875	0.0012875	0.0012875	128
0.142	0.00136571	0.00136571	0.00136571	0.00136571	140
0.143	0.000964885	0.000964885	0.000964885	0.000964885	131
0.144	0.00283308	0.00283308	0.00283308	0.00283308	133
0.145	0.00316899	0.00316899	0.00316899	0.00316899	129
0.146	0.00157913	0.00157913	0.00157913	0.00157913	115
0.147	0.00133458	0.00133458	0.00133458	0.00133458	107
0.148	0.0026073	0.0026073	0.0026073	0.0026073	137
0.149	0.00258333	0.00258333	0.00258333	0.00258333	120
0.15	0.00103009	0.00103009	0.00103009	0.00103009	113
0.151	-0.000271875	-0.000271875	-0.000271875	-0.000271875	128
0.152	0.00205538	0.00205538	0.00205538	0.00205538	130
0.153	-0.000185143	-0.000185143	-0.000185143	-0.000185143	175
0.154	-0.00148252	-0.00148252	-0.00148252	-0.00148252	143
0.155	-0.000122449	-0.000122449	-0.000122449	-0.000122449	147
0.156	-0.00104965	-0.00104965	-0.00104965	-0.00104965	141
0.157	0.00188923	0.00188923	0.00188923	0.00188923	130
0.158	-0.000452459	-0.000452459	-0.000452459	-0.000452459	122
0.159	0.000925333	0.000925333	0.000925333	0.000925333	150
0.16	-0.00187518	-0.00187518	-0.00187518	-0.00187518	141
0.161	-0.000271605	-0.000271605	-0.000271605	-0.000271605	162
0.162	-0.000254815	-0.000254815	-0.000254815	-0.000254815	135
0.163	0.0021865	0.0021865	0.0021865	0.0021865	163
0.164	0.00093986	0.00093986	0.00093986	0.00093986	143
0.165	0.00264068	0.00264068	0.00264068	0.00264068	118
0.166	0.000949367	0.000949367	0.000949367	0.000949367	158
0.167	-0.00250853	-0.00250853	-0.00250853	-0.00250853	129
0.168	-0.00122025	-0.00122025	-0.00122025	-0.00122025	158
0.169	-0.00252459	-0.00252459	-0.00252459	-0.00252459	122
0.17	-0.00261157	-0.00261157	-0.00261157	-0.00261157	121
0.171	-0.000619847	-0.000619847	-0.000619847	-0.000619847	131
0.172	-0.00319111	-0.00319111	-0.00319111	-0.00319111	135
0.173	-0.00336471	-0.00336471	-0.00336471	-0.00336471	119
0.174	-0.00280721	-0.00280721	-0.00280721	-0.00280721	111
0.175	-0.00181132	-0.00181132	-0.00181132	-0.00181132	106
0.176	-0.000886957	-0.000886957	-0.000886957	-0.000886957	115
0.177	-0.00304	-0.00304	-0.00304	-0.00304	105
0.178	-0.00285294	-0.00285294	-0.00285294	-0.00285294	136
0.179	0.000371681	0.000371681	0.000371681	0.000371681	113
0.18	-0.000543066	-0.000543066	-0.000543066	-0.000543066	137
0.181	0.000105714	0.000105714	0.000105714	0.000105714	140
0.182	-0.0010953	-0.0010953	-0.0010953	-0.0010953	149
0.183	-0.000512329	-0.000512329	-0.000512329	-0.000512329	146
0.184	-0.000204959	-0.000204959	-0.000204959	-0.000204959	121
0.185	-0.000511392	-0.000511392	-0.000511392	-0.000511392	158
0.186	-0.00134328	-0.00134328	-0.00134328	-0.00134328	134
0.187	0.000451534	0.000451534	0.000451534	0.000451534	163
0.188	0.000675325	0.000675325	0.000675325	0.000675325	154
0.189	0.000503704	0.000503704	0.000503704	0.000503704	135
0.19	-0.00152	-0.00152	-0.00152	-0.00152	135
0.191	-0.000681013	-0.000681013	-0.000681013	-0.000681013	158
0.192	0.00377021	0.00377021	0.00377021	0.00377021	141
0.193	0.001976	0.001976	0.001976	0.001976	150
0.194	-0.00224935	-0.00224935	-0.00224935	-0.00224935	154
0.195	-0.00106	-0.00106	-0.00106	-0.00106	160
0.196	-0.000715152	-0.000715152	-0.000715152	-0.000715152	165
0.197	-0.000385401	-0.000385401	-0.000385401	-0.000385401	137
0.198	-0.00196863	-0.00196863	-0.00196863	-0.00196863	153
0.199	-0.000893082	-0.000893082	-0.000893082	-0.000893082	159
0.2	-0.0020988	-0.0020988	-0.0020988	-0.0020988	166
0.201	-0.000617722	-0.000617722	-0.000617722	-0.000617722	158
0.202	0.00103288	0.00103288	0.00103288	0.00103288	146
0.203	0.0026303	0.0026303	0.0026303	0.0026303	165
0.204	0.000194737	0.000194737	0.000194737	0.000194737	152
0.205	-0.00237073	-0.00237073	-0.00237073	-0.00237073	164
0.206	-0.00119124	-0.00119124	-0.00119124	-0.00119124	137
0.207	-0.0024469	-0.0024469	-0.0024469	-0.0024469	145
0.208	-0.000816	-0.000816	-0.000816	-0.000816	150
0.209	-0.000315	-0.000315	-0.000315	-0.000315	160
0.21	-0.00103145	-0.00103145	-0.00103145	-0.00103145	159
0.211	0.00071634	0.00071634	0.00071634	0.00071634	153
0.212	0.0038127	0.0038127	0.0038127	0.0038127	126
0.213	0.00506992	0.00506992	0.00506992	0.00506992	123
0.214	0.00046129	0.00046129	0.00046129	0.00046129	124
0.215	0.00505455	0.00505455	0.00505455	0.00505455	132
0.216	0.00552857	0.00552857	0.00552857	0.00552857	140
0.217	0.00301867	0.00301867	0.00301867	0.00301867	150
0.218	-0.000267669	-0.000267669	-0.000267669	-0.000267669	133
0.219	0.00211163	0.00211163	0.00211163	0.00211163	129
0.22	0.0032878	0.0032878	0.0032878	0.0032878	123
0.221	0.00169143	0.00169143	0.00169143	0.00169143	105
0.222	0.00131803	0.00131803	0.00131803	0.00131803	122
0.223	0.00108085	0.00108085	0.00108085	0.00108085	141
0.224	0.00362951	0.00362951	0.00362951	0.00362951	122
0.225	0.00343415	0.00343415	0.00343415	0.00343415	123
0.226	0.00454579	0.00454579	0.00454579	0.00454579	107
0.227	0.00429355	0.00429355	0.00429355	0.00429355	124
0.228	0.000678992	0.000678992	0.000678992	0.000678992	119
0.229	0.00349643	0.00349643	0.00349643	0.00349643	112
0.23	0.00438182	0.00438182	0.00438182	0.00438182	154
0.231	0.00531594	0.00531594	0.00531594	0.00531594	138
0.232	0.00331899	0.00331899	0.00331899	0.00331899	158
0.233	-1.93103e-05	-1.93103e-05	-1.93103e-05	-1.93103e-05	145
0.234	0.00206936	0.00206936	0.00206936	0.00206936	173
0.235	0.00239524	0.00239524	0.00239524	0.00239524	168
0.236	0.00161379	0.00161379	0.00161379	0.00161379	174
0.237	0.0028375	0.0028375	0.0028375	0.0028375	192
0.238	0.00476564	0.00476564	0.00476564	0.00476564	163
0.239	-0.00166829	-0.00166829	-0.00166829	-0.00166829	164
0.24	0.000692308	0.000692308	0.000692308	0.000692308	156
0.241	0.00101818	0.00101818	0.00101818	0.00101818	132
0.242	0.00236433	0.00236433	0.00236433	0.00236433	157
0.243	0.00323613	0.00323613	0.00323613	0.00323613	155
0.244	0.00321644	0.00321644	0.00321644	0.00321644	146
0.245	0.000781503	0.000781503	0.000781503	0.000781503	173
0.246	-0.000846875	-0.000846875	-0.000846875	-0.000846875	128
0.247	-0.0014156	-0.0014156	-0.0014156	-0.0014156	141
0.248	2.72109e-05	2.72109e-05	2.72109e-05	2.72109e-05	147
0.249	-0.00175302	-0.00175302	-0.00175302	-0.00175302	149
0.25	0.00144643	0.00144643	0.00144643	0.00144643	112
0.251	-0.00106422	-0.00106422	-0.00106422	-0.00106422	109
0.252	0.00236444	0.00236444	0.00236444	0.00236444	135
0.253	0.000369748	0.000369748	0.000369748	0.000369748	119
0.254	0.00177931	0.00177931	0.00177931	0.00177931	145
0.255	0.0024	0.0024	0.0024	0.0024	141
0.256	0.00058963	0.00058963	0.00058963	0.00058963	135
0.257	0.000752941	0.000752941	0.000752941	0.000752941	136
0.258	-0.00135152	-0.00135152	-0.00135152	-0.00135152	132
0.259	-5.90164e-05	-5.90164e-05	-5.90164e-05	-5.90164e-05	122
0.26	-0.00104837	-0.00104837	-0.00104837	-0.00104837	153
0.261	0.00088	0.00088	0.00088	0.00088	120
0.262	-0.000936364	-0.000936364	-0.000936364	-0.000936364	132
0.263	0.000142373	0.000142373	0.000142373	0.000142373	118
0.264	-0.00129333	-0.00129333	-0.00129333	-0.00129333	120
0.265	-0.00212759	-0.00212759	-0.00212759	-0.00212759	116
0.266	0.000453543	0.000453543	0.000453543	0.000453543	127
0.267	-0.00220645	-0.00220645	-0.00220645	-0.00220645	124
0.268	-0.0013541	-0.0013541	-0.0013541	-0.0013541	122
0.269	-0.00204333	-0.00204333	-0.00204333	-0.00204333	120
0.27	0.00110569	0.00110569	0.00110569	0.00110569	123
0.271	0.00128889	0.00128889	0.00128889	0.00128889	135
0.272	0.00210423	0.00210423	0.00210423	0.00210423	142
0.273	9.62963e-05	9.62963e-05	9.62963e-05	9.62963e-05	162
0.274	0.000558442	0.000558442	0.000558442	0.000558442	154
0.275	0.000413793	0.000413793	0.000413793	0.000413793	145
0.276	7.57576e-05	7.57576e-05	7.57576e-05	7.57576e-05	132
0.277	0.00120857	0.00120857	0.00120857	0.00120857	140
0.278	0.000290598	0.000290598	0.000290598	0.000290598	117
0.279	-0.00134795	-0.00134795	-0.00134795	-0.00134795	146
0.28	-0.000868421	-0.000868421	-0.000868421	-0.000868421	152
0.281	-0.000449315	-0.000449315	-0.000449315	-0.000449315	146
0.282	-0.00222154	-0.00222154	-0.00222154	-0.00222154	130
0.283	0.000367568	0.000367568	0.000367568	0.000367568	148
0.284	0.00138305	0.00138305	0.00138305	0.00138305	177
0.285	-0.000216296	-0.000216296	-0.000216296	-0.000216296	135
0.286	0.00310968	0.00310968	0.00310968	0.00310968	155
0.287	9.72973e-05	9.72973e-05	9.72973e-05	9.72973e-05	148
0.288	0.00132549	0.00132549	0.00132549	0.00132549	153
0.289	0.00142133	0.00142133	0.00142133	0.00142133	150
0.29	0.000712409	0.000712409	0.000712409	0.000712409	137
0.291	0.000752239	0.000752239	0.000752239	0.000752239	134
0.292	-0.000201626	-0.000201626	-0.000201626	-0.000201626	123
0.293	-0.000750725	-0.000750725	-0.000750725	-0.000750725	138
0.294	0.00017415	0.00017415	0.00017415	0.00017415	147
0.295	0.000954745	0.000954745	0.000954745	0.000954745	137
0.296	-0.00148732	-0.00148732	-0.00148732	-0.00148732	142
0.297	0.0012512	0.0012512	0.0012512	0.0012512	125
0.298	-0.000812903	-0.000812903	-0.000812903	-0.000812903	124
0.299	-0.00116308	-0.00116308	-0.00116308	-0.00116308	130
0.3	-0.00101722	-0.00101722	-0.00101722	-0.00101722	151
0.301	-0.0007744	-0.0007744	-0.0007744	-0.0007744	125
0.302	-0.0014336	-0.0014336	-0.0014336	-0.0014336	125
0.303	-0.00101481	-0.00101481	-0.00101481	-0.00101481	108
0.304	0.000814815	0.000814815	0.000814815	0.000814815	135
0.305	0.00206822	0.00206822	0.00206822	0.00206822	129
0.306	0.00144	0.00144	0.00144	0.00144	140
0.307	0.00527925	0.00527925	0.00527925	0.00527925	106
0.308	0.00301682	0.00301682	0.00301682	0.00301682	107
0.309	0.00265806	0.00265806	0.00265806	0.00265806	93
0.31	0.00097732	0.00097732	0.00097732	0.00097732	97
0.311	0.00112	0.00112	0.00112	0.00112	105
0.312	0.00213233	0.00213233	0.00213233	0.00213233	133
0.313	0.0029	0.0029	0.0029	0.0029	108
0.314	0.0049203	0.0049203	0.0049203	0.0049203	133
0.315	0.00289925	0.00289925	0.00289925	0.00289925	133
0.316	0.000186301	0.000186301	0.000186301	0.000186301	146
0.317	-0.000637288	-0.000637288	-0.000637288	-0.000637288	118
0.318	-0.000978151	-0.000978151	-0.000978151	-0.000978151	119
0.319	-0.000852308	-0.000852308	-0.000852308	-0.000852308	130
0.32	-0.00216585	-0.00216585	-0.00216585	-0.00216585	123
0.321	-0.000568807	-0.000568807	-0.000568807	-0.000568807	109
0.322	-0.00223784	-0.00223784	-0.00223784	-0.00223784	111
0.323	-0.00114286	-0.00114286	-0.00114286	-0.00114286	147
0.324	8.21429e-05	8.21429e-05	8.21429e-05	8.21429e-05	112
0.325	-0.000964029	-0.000964029	-0.000964029	-0.000964029	139
0.326	0.00269315	0.00269315	0.00269315	0.00269315	146
0.327	0.00166753	0.00166753	0.00166753	0.00166753	154
0.328	0.00404211	0.00404211	0.00404211	0.00404211	133
0.329	0.00276786	0.00276786	0.00276786	0.00276786	112
0.33	0.00154815	0.00154815	0.00154815	0.00154815	108
0.331	0.000350877	0.000350877	0.000350877	0.000350877	114
0.332	0.00301613	0.00301613	0.00301613	0.00301613	124
0.333	0.000223729	0.000223729	0.000223729	0.000223729	118
0.334	0.00225846	0.00225846	0.00225846	0.00225846	130
0.335	-0.000926154	-0.000926154	-0.000926154	-0.000926154	130
0.336	-0.000143662	-0.000143662	-0.000143662	-0.000143662	142
0.337	0.00275313	0.00275313	0.00275313	0.00275313	128
0.338	0.000475248	0.000475248	0.000475248	0.000475248	101
0.339	-0.0015	-0.0015	-0.0015	-0.0015	124
0.34	5.66038e-05	5.66038e-05	5.66038e-05	5.66038e-05	106
0.341	0.00035514	0.00035514	0.00035514	0.00035514	107
0.342	-0.00261443	-0.00261443	-0.00261443	-0.00261443	97
0.343	-0.00303307	-0.00303307	-0.00303307	-0.00303307	127
0.344	0.00110977	0.00110977	0.00110977	0.00110977	133
0.345	-0.0008775	-0.0008775	-0.0008775	-0.0008775	160
0.346	-0.0007072	-0.0007072	-0.0007072	-0.0007072	125
0.347	-0.00220472	-0.00220472	-0.00220472	-0.00220472	127
0.348	-0.000173451	-0.000173451	-0.000173451	-0.000173451	113
0.349	0.00244341	0.00244341	0.00244341	0.00244341	129
0.35	0.00209209	0.00209209	0.00209209	0.00209209	139
0.351	-0.000554622	-0.000554622	-0.000554622	-0.000554622	119
0.352	0.00224615	0.00224615	0.00224615	0.00224615	143
0.353	0.000176667	0.000176667	0.000176667	0.000176667	120
0.354	0.000250746	0.000250746	0.000250746	0.000250746	134
0.355	0.00101606	0.00101606	0.00101606	0.00101606	137
0.356	0.000756688	0.000756688	0.000756688	0.000756688	157
0.357	-0.000955556	-0.000955556	-0.000955556	-0.000955556	162
0.358	0.000563043	0.000563043	0.000563043	0.000563043	184
0.359	0.000631579	0.000631579	0.000631579	0.000631579	171
0.36	0.00128493	0.00128493	0.00128493	0.00128493	146
0.361	0.000536296	0.000536296	0.000536296	0.000536296	135
0.362	-6.44295e-05	-6.44295e-05	-6.44295e-05	-6.44295e-05	149
0.363	-0.00282462	-0.00282462	-0.00282462	-0.00282462	130
0.364	-0.0021707	-0.0021707	-0.0021707	-0.0021707	157
0.365	0.00137813	0.00137813	0.00137813	0.00137813	128
0.366	0.000761111	0.000761111	0.000761111	0.000761111	144
0.367	-0.0013971	-0.0013971	-0.0013971	-0.0013971	138
0.368	-0.00134286	-0.00134286	-0.00134286	-0.00134286	126
0.369	0.00104828	0.00104828	0.00104828	0.00104828	145
0.37	-0.000591429	-0.000591429	-0.000591429	-0.000591429	140
0.371	-0.000525333	-0.000525333	-0.000525333	-0.000525333	150
0.372	0.00132245	0.00132245	0.00132245	0.00132245	147
0.373	-0.00177687	-0.00177687	-0.00177687	-0.00177687	147
0.374	0.00148767	0.00148767	0.00148767	0.00148767	146
0.375	-0.00266234	-0.00266234	-0.00266234	-0.00266234	154
0.376	-0.0030597	-0.0030597	-0.0030597	-0.0030597	134
0.377	-0.000129412	-0.000129412	-0.000129412	-0.000129412	136
0.378	0.00103158	0.00103158	0.00103158	0.00103158	133
0.379	-0.000950355	-0.000950355	-0.000950355	-0.000950355	141
0.38	-0.00249927	-0.00249927	-0.00249927	-0.00249927	137
0.381	0.00220308	0.00220308	0.00220308	0.00220308	130
0.382	0.000851515	0.000851515	0.000851515	0.000851515	132
0.383	-0.00175667	-0.00175667	-0.00175667	-0.00175667	120
0.384	-0.0007936	-0.0007936	-0.0007936	-0.0007936	125
0.385	0.000217687	0.000217687	0.000217687	0.000217687	147
0.386	0.000501449	0.000501449	0.000501449	0.000501449	138
0.387	-0.000517647	-0.000517647	-0.000517647	-0.000517647	136
0.388	0.00115294	0.00115294	0.00115294	0.00115294	119
0.389	0.00134215	0.00134215	0.00134215	0.00134215	121
0.39	0.00140317	0.00140317	0.00140317	0.00140317	126
0.391	0.00168521	0.00168521	0.00168521	0.00168521	169
0.392	0.00152055	0.00152055	0.00152055	0.00152055	146
0.393	-0.0012	-0.0012	-0.0012	-0.0012	154
0.394	-0.000807186	-0.000807186	-0.000807186	-0.000807186	167
0.395	-0.000846626	-0.000846626	-0.000846626	-0.000846626	163
0.396	-0.00193939	-0.00193939	-0.00193939	-0.00193939	165
0.397	-0.000339535	-0.000339535	-0.000339535	-0.000339535	172
0.398	-0.000573545	-0.000573545	-0.000573545	-0.000573545	189
0.399	-0.000475294	-0.000475294	-0.000475294	-0.000475294	170
0.4	0.000501639	0.000501639	0.000501639	0.000501639	122
0.401	0.00125496	0.00125496	0.00125496	0.00125496	131
0.402	-0.000373832	-0.000373832	-0.000373832	-0.000373832	107
0.403	0.000169231	0.000169231	0.000169231	0.000169231	130
0.404	-0.000775194	-0.000775194	-0.000775194	-0.000775194	129
0.405	-0.00144923	-0.00144923	-0.00144923	-0.00144923	130
0.406	-0.00204211	-0.00204211	-0.00204211	-0.00204211	133
0.407	-0.00189606	-0.00189606	-0.00189606	-0.00189606	127
0.408	0.000202857	0.000202857	0.000202857	0.000202857	140
0.409	-0.00135182	-0.00135182	-0.00135182	-0.00135182	137
0.41	0.000756522	0.000756522	0.000756522	0.000756522	138
0.411	0.000993846	0.000993846	0.000993846	0.000993846	130
0.412	0.000978462	0.000978462	0.000978462	0.000978462	130
0.413	0.000886228	0.000886228	0.000886228	0.000886228	167
0.414	-3.88889e-05	-3.88889e-05	-3.88889e-05	-3.88889e-05	144
0.415	-0.000336552	-0.000336552	-0.000336552	-0.000336552	145
0.416	3.12057e-05	3.12057e-05	3.12057e-05	3.12057e-05	141
0.417	0.00016338	0.00016338	0.00016338	0.00016338	142
0.418	-3.63636e-05	-3.63636e-05	-3.63636e-05	-3.63636e-05	143
0.419	-0.00103022	-0.00103022	-0.00103022	-0.00103022	139
0.42	-0.000730709	-0.000730709	-0.000730709	-0.000730709	127
0.421	0.000494964	0.000494964	0.000494964	0.000494964	139
0.422	0.00163582	0.00163582	0.00163582	0.00163582	134
0.423	0.0017479	0.0017479	0.0017479	0.0017479	119
0.424	0.00159	0.00159	0.00159	0.00159	120
0.425	0.000782482	0.000782482	0.000782482	0.000782482	137
0.426	-0.000310769	-0.000310769	-0.000310769	-0.000310769	130
0.427	-6.06061e-05	-6.06061e-05	-6.06061e-05	-6.06061e-05	132
0.428	-0.0011456	-0.0011456	-0.0011456	-0.0011456	125
0.429	-0.000163934	-0.000163934	-0.000163934	-0.000163934	122
0.43	9.54128e-05	9.54128e-05	9.54128e-05	9.54128e-05	109
0.431	0.000332308	0.000332308	0.000332308	0.000332308	130
0.432	-0.000503704	-0.000503704	-0.000503704	-0.000503704	135
0.433	0.0007552	0.0007552	0.0007552	0.0007552	125
0.434	0.00222029	0.00222029	0.00222029	0.00222029	138
0.435	0.000355556	0.000355556	0.000355556	0.000355556	144
0.436	0.00102781	0.00102781	0.00102781	0.00102781	151
0.437	-0.00163101	-0.00163101	-0.00163101	-0.00163101	129
0.438	0.00223529	0.00223529	0.00223529	0.00223529	119
0.439	0.00190435	0.00190435	0.00190435	0.00190435	138
0.44	0.0033641	0.0033641	0.0033641	0.0033641	156
0.441	0.00337143	0.00337143	0.00337143	0.00337143	140
0.442	-8.71795e-05	-8.71795e-05	-8.71795e-05	-8.71795e-05	156
0.443	-0.000709934	-0.000709934	-0.000709934	-0.000709934	151
0.444	-0.00102	-0.00102	-0.00102	-0.00102	120
0.445	0.00341333	0.00341333	0.00341333	0.00341333	135
0.446	-0.00128992	-0.00128992	-0.00128992	-0.00128992	129
0.447	-1.88976e-05	-1.88976e-05	-1.88976e-05	-1.88976e-05	127
0.448	0.000164384	0.000164384	0.000164384	0.000164384	146
0.449	-0.000688	-0.000688	-0.000688	-0.000688	150
0.45	-0.000416107	-0.000416107	-0.000416107	-0.000416107	149
0.451	0.00138531	0.00138531	0.00138531	0.00138531	177
0.452	0.00103038	0.00103038	0.00103038	0.00103038	158
0.453	-0.00221419	-0.00221419	-0.00221419	-0.00221419	155
0.454	-0.00307324	-0.00307324	-0.00307324	-0.00307324	142
0.455	0.000229586	0.000229586	0.000229586	0.000229586	169
0.456	0.000361111	0.000361111	0.000361111	0.000361111	144
0.457	0.000791781	0.000791781	0.000791781	0.000791781	146
0.458	-0.000697297	-0.000697297	-0.000697297	-0.000697297	148
0.459	0.000933333	0.000933333	0.000933333	0.000933333	135
0.46	0.000448921	0.000448921	0.000448921	0.000448921	139
0.461	-0.00122435	-0.00122435	-0.00122435	-0.00122435	115
0.462	-0.00102029	-0.00102029	-0.00102029	-0.00102029	138
0.463	-3.28767e-05	-3.28767e-05	-3.28767e-05	-3.28767e-05	146
0.464	0.00297576	0.00297576	0.00297576	0.00297576	132
0.465	-0.000353125	-0.000353125	-0.000353125	-0.000353125	128
0.466	0.000858716	0.000858716	0.000858716	0.000858716	109
0.467	0.000168067	0.000168067	0.000168067	0.000168067	119
0.468	0.00176667	0.00176667	0.00176667	0.00176667	120
0.469	0.00108235	0.00108235	0.00108235	0.00108235	119
0.47	-0.000422764	-0.000422764	-0.000422764	-0.000422764	123
0.471	-0.00329206	-0.00329206	-0.00329206	-0.00329206	126
0.472	0.000501863	0.000501863	0.000501863	0.000501863	161
0.473	-0.000884932	-0.000884932	-0.000884932	-0.000884932	146
0.474	-0.00235143	-0.00235143	-0.00235143	-0.00235143	140
0.475	-0.00102564	-0.00102564	-0.00102564	-0.00102564	156
0.476	-0.000977215	-0.000977215	-0.000977215	-0.000977215	158
0.477	-0.000749153	-0.000749153	-0.000749153	-0.000749153	118
0.478	-0.00227068	-0.00227068	-0.00227068	-0.00227068	133
0.479	0.000193939	0.000193939	0.000193939	0.000193939	132
0.48	0.000608219	0.000608219	0.000608219	0.000608219	146
0.481	4.64516e-05	4.64516e-05	4.64516e-05	4.64516e-05	155
0.482	-0.0008832	-0.0008832	-0.0008832	-0.0008832	125
0.483	-0.00314161	-0.00314161	-0.00314161	-0.00314161	137
0.484	-0.00142687	-0.00142687	-0.00142687	-0.00142687	134
0.485	-0.0016782	-0.0016782	-0.0016782	-0.0016782	133
0.486	2.38806e-05	2.38806e-05	2.38806e-05	2.38806e-05	134
0.487	-0.00176308	-0.00176308	-0.00176308	-0.00176308	130
0.488	-0.000422785	-0.000422785	-0.000422785	-0.000422785	158
0.489	0.000708333	0.000708333	0.000708333	0.000708333	144
0.49	0.000692437	0.000692437	0.000692437	0.000692437	119
0.491	0.00548254	0.00548254	0.00548254	0.00548254	126
0.492	0.000273684	0.000273684	0.000273684	0.000273684	114
0.493	0.00145614	0.00145614	0.00145614	0.00145614	114
0.494	0.00119063	0.00119063	0.00119063	0.00119063	128
0.495	0.00102149	0.00102149	0.00102149	0.00102149	121
0.496	-0.0016313	-0.0016313	-0.0016313	-0.0016313	115
0.497	-0.00131382	-0.00131382	-0.00131382	-0.00131382	123
0.498	-0.00072518	-0.00072518	-0.00072518	-0.00072518	139
0.499	0.00386087	0.00386087	0.00386087	0.00386087	115
0.5	0.00197297	0.00197297	0.00197297	0.00197297	148
0.501	0.00582647	0.00582647	0.00582647	0.00582647	136
0.502	0.003875	0.003875	0.003875	0.003875	144
0.503	3.4188e-06	3.4188e-06	3.4188e-06	3.4188e-06	117
0.504	0.00263548	0.00263548	0.00263548	0.00263548	124
0.505	0.00118857	0.00118857	0.00118857	0.00118857	140
0.506	0.00171507	0.00171507	0.00171507	0.00171507	146
0.507	0.00500397	0.00500397	0.00500397	0.00500397	151
0.508	3.33333e-05	3.33333e-05	3.33333e-05	3.33333e-05	156
0.509	0.00251358	0.00251358	0.00251358	0.00251358	162
0.51	-0.00172857	-0.00172857	-0.00172857	-0.00172857	140
0.511	0.00101905	0.00101905	0.00101905	0.00101905	168
0.512	0.00050303	0.00050303	0.00050303	0.00050303	132
0.513	0.00100282	0.00100282	0.00100282	0.00100282	142
0.514	0.00101022	0.00101022	0.00101022	0.00101022	137
0.515	-9.79592e-05	-9.79592e-05	-9.79592e-05	-9.79592e-05	147
0.516	-0.000510968	-0.000510968	-0.000510968	-0.000510968	155
0.517	-0.00107068	-0.00107068	-0.00107068	-0.00107068	133
0.518	-0.000627273	-0.000627273	-0.000627273	-0.000627273	132
0.519	0.00247179	0.00247179	0.00247179	0.00247179	117
0.52	-0.00256364	-0.00256364	-0.00256364	-0.00256364	110
0.521	-8.91892e-05	-8.91892e-05	-8.91892e-05	-8.91892e-05	148
0.522	0.000904065	0.000904065	0.000904065	0.000904065	123
0.523	-0.00090137	-0.00090137	-0.00090137	-0.00090137	146
0.524	0.00208696	0.00208696	0.00208696	0.00208696	138
0.525	0.00330882	0.00330882	0.00330882	0.00330882	136
0.526	-0.00066875	-0.00066875	-0.00066875	-0.00066875	128
0.527	-0.0002624	-0.0002624	-0.0002624	-0.0002624	125
0.528	-0.00017094	-0.00017094	-0.00017094	-0.00017094	117
0.529	0.0006208	0.0006208	0.0006208	0.0006208	125
0.53	-0.000941353	-0.000941353	-0.000941353	-0.000941353	133
0.531	-0.00136774	-0.00136774	-0.00136774	-0.00136774	124
0.532	-0.000881967	-0.000881967	-0.000881967	-0.000881967	122
0.533	9.67742e-05	9.67742e-05	9.67742e-05	9.67742e-05	124
0.534	0.000413986	0.000413986	0.000413986	0.000413986	143
0.535	0.00064918	0.00064918	0.00064918	0.00064918	122
0.536	0.0010705	0.0010705	0.0010705	0.0010705	139
0.537	0.00304	0.00304	0.00304	0.00304	175
0.538	0.000396154	0.000396154	0.000396154	0.000396154	104
0.539	-0.0002	-0.0002	-0.0002	-0.0002	130
0.54	-0.00265313	-0.00265313	-0.00265313	-0.00265313	128
0.541	-0.000751402	-0.000751402	-0.000751402	-0.000751402	107
0.542	-0.000565766	-0.000565766	-0.000565766	-0.000565766	111
0.543	-0.000789916	-0.000789916	-0.000789916	-0.000789916	119
0.544	-0.0025536	-0.0025536	-0.0025536	-0.0025536	125
0.545	-0.00252587	-0.00252587	-0.00252587	-0.00252587	143
0.546	-0.000895238	-0.000895238	-0.000895238	-0.000895238	126
0.547	0.00320825	0.00320825	0.00320825	0.00320825	97
0.548	-0.000776119	-0.000776119	-0.000776119	-0.000776119	134
0.549	-0.00105366	-0.00105366	-0.00105366	-0.00105366	123
0.55	-0.00265043	-0.00265043	-0.00265043	-0.00265043	115
0.551	0.000381699	0.000381699	0.000381699	0.000381699	153
0.552	0.00138487	0.00138487	0.00138487	0.00138487	119
0.553	0.00139097	0.00139097	0.00139097	0.00139097	155
0.554	-4.78873e-05	-4.78873e-05	-4.78873e-05	-4.78873e-05	142
0.555	-0.000792982	-0.000792982	-0.000792982	-0.000792982	114
0.556	-0.000994393	-0.000994393	-0.000994393	-0.000994393	107
0.557	-0.000323232	-0.000323232	-0.000323232	-0.000323232	99
0.558	0.00106667	0.00106667	0.00106667	0.00106667	129
0.559	0.00120552	0.00120552	0.00120552	0.00120552	145
0.56	0.00264762	0.00264762	0.00264762	0.00264762	147
0.561	0.000911111	0.000911111	0.000911111	0.000911111	126
0.562	0.00313701	0.00313701	0.00313701	0.00313701	127
0.563	0.0056381	0.0056381	0.0056381	0.0056381	126
0.564	0.00204724	0.00204724	0.00204724	0.00204724	127
0.565	0.00153798	0.00153798	0.00153798	0.00153798	129
0.566	0.00348116	0.00348116	0.00348116	0.00348116	138
0.567	-0.000941844	-0.000941844	-0.000941844	-0.000941844	141
0.568	0.000807742	0.000807742	0.000807742	0.000807742	155
0.569	0.00191467	0.00191467	0.00191467	0.00191467	150
0.57	-0.000194118	-0.000194118	-0.000194118	-0.000194118	136
0.571	2.89855e-06	2.89855e-06	2.89855e-06	2.89855e-06	138
0.572	0.00117429	0.00117429	0.00117429	0.00117429	140
0.573	5.47945e-06	5.47945e-06	5.47945e-06	5.47945e-06	146
0.574	0.00211624	0.00211624	0.00211624	0.00211624	117
0.575	0.00254388	0.00254388	0.00254388	0.00254388	139
0.576	0.0024878	0.0024878	0.0024878	0.0024878	123
0.577	0.00216154	0.00216154	0.00216154	0.00216154	104
0.578	0.00104874	0.00104874	0.00104874	0.00104874	119
0.579	0.00165965	0.00165965	0.00165965	0.00165965	114
0.58	-0.000252459	-0.000252459	-0.000252459	-0.000252459	122
0.581	0.000548276	0.000548276	0.000548276	0.000548276	116
0.582	0.00183309	0.00183309	0.00183309	0.00183309	139
0.583	0.000176667	0.000176667	0.000176667	0.000176667	120
0.584	0.000369925	0.000369925	0.000369925	0.000369925	133
0.585	-0.0002208	-0.0002208	-0.0002208	-0.0002208	125
0.586	0.000180328	0.000180328	0.000180328	0.000180328	122
0.587	-0.00189118	-0.00189118	-0.00189118	-0.00189118	136
0.588	-0.00274188	-0.00274188	-0.00274188	-0.00274188	117
0.589	-0.000975238	-0.000975238	-0.000975238	-0.000975238	105
0.59	0.0025069	0.0025069	0.0025069	0.0025069	116
0.591	0.00181333	0.00181333	0.00181333	0.00181333	135
0.592	0.00442051	0.00442051	0.00442051	0.00442051	156
0.593	0.00298102	0.00298102	0.00298102	0.00298102	137
0.594	0.000967832	0.000967832	0.000967832	0.000967832	143
0.595	0.00401986	0.00401986	0.00401986	0.00401986	141
0.596	0.00371631	0.00371631	0.00371631	0.00371631	141
0.597	0.000576	0.000576	0.000576	0.000576	150
0.598	0.00140597	0.00140597	0.00140597	0.00140597	134
0.599	-0.00198378	-0.00198378	-0.00198378	-0.00198378	148
0.6	-0.00050719	-0.00050719	-0.00050719	-0.00050719	153
0.601	-0.000681481	-0.000681481	-0.000681481	-0.000681481	135
0.602	-0.000374648	-0.000374648	-0.000374648	-0.000374648	142
0.603	-0.000699355	-0.000699355	-0.000699355	-0.000699355	155
0.604	0.000483916	0.000483916	0.000483916	0.000483916	143
0.605	-0.00181161	-0.00181161	-0.00181161	-0.00181161	155
0.606	0.00142651	0.00142651	0.00142651	0.00142651	166
0.607	-0.000298795	-0.000298795	-0.000298795	-0.000298795	166
0.608	-0.00191429	-0.00191429	-0.00191429	-0.00191429	154
0.609	0.00166423	0.00166423	0.00166423	0.00166423	137
0.61	-0.00234963	-0.00234963	-0.00234963	-0.00234963	135
0.611	-0.00123165	-0.00123165	-0.00123165	-0.00123165	139
0.612	-0.00144526	-0.00144526	-0.00144526	-0.00144526	137
0.613	-0.0018944	-0.0018944	-0.0018944	-0.0018944	125
0.614	-0.0019125	-0.0019125	-0.0019125	-0.0019125	128
0.615	-0.00297143	-0.00297143	-0.00297143	-0.00297143	140
0.616	0.0004448	0.0004448	0.0004448	0.0004448	125
0.617	-0.00106187	-0.00106187	-0.00106187	-0.00106187	139
0.618	-0.00266452	-0.00266452	-0.00266452	-0.00266452	124
0.619	0.00118655	0.00118655	0.00118655	0.00118655	119
0.62	0.00119055	0.00119055	0.00119055	0.00119055	127
0.621	6.95652e-05	6.95652e-05	6.95652e-05	6.95652e-05	115
0.622	0.000713043	0.000713043	0.000713043	0.000713043	92
0.623	0.00205289	0.00205289	0.00205289	0.00205289	121
0.624	0.00191145	0.00191145	0.00191145	0.00191145	131
0.625	0.000389655	0.000389655	0.000389655	0.000389655	116
0.626	-0.000762617	-0.000762617	-0.000762617	-0.000762617	107
0.627	-2.08955e-05	-2.08955e-05	-2.08955e-05	-2.08955e-05	134
0.628	-0.000785612	-0.000785612	-0.000785612	-0.000785612	139
0.629	-0.000295122	-0.000295122	-0.000295122	-0.000295122	164
0.63	0.000187368	0.000187368	0.000187368	0.000187368	190
0.631	-0.00170526	-0.00170526	-0.00170526	-0.00170526	171
0.632	0.000449635	0.000449635	0.000449635	0.000449635	137
0.633	-0.00250704	-0.00250704	-0.00250704	-0.00250704	142
0.634	-0.00212069	-0.00212069	-0.00212069	-0.00212069	116
0.635	0.00015	0.00015	0.00015	0.00015	120
0.636	-0.00106061	-0.00106061	-0.00106061	-0.00106061	132
0.637	-0.000784	-0.000784	-0.000784	-0.000784	125
0.638	-0.00274933	-0.00274933	-0.00274933	-0.00274933	150
0.639	0.000570543	0.000570543	0.000570543	0.000570543	129
0.64	0.000359664	0.000359664	0.000359664	0.000359664	119
0.641	0.000590654	0.000590654	0.000590654	0.000590654	107
0.642	-0.000932258	-0.000932258	-0.000932258	-0.000932258	124
0.643	0.0010087	0.0010087	0.0010087	0.0010087	115
0.644	0.0029	0.0029	0.0029	0.0029	116
0.645	0.00172824	0.00172824	0.00172824	0.00172824	131
0.646	0.000983333	0.000983333	0.000983333	0.000983333	120
0.647	-0.0009344	-0.0009344	-0.0009344	-0.0009344	125
0.648	0.00104715	0.00104715	0.00104715	0.00104715	123
0.649	0.000749206	0.000749206	0.000749206	0.000749206	126
0.65	0.00318095	0.00318095	0.00318095	0.00318095	126
0.651	9.12752e-05	9.12752e-05	9.12752e-05	9.12752e-05	149
0.652	0.000531707	0.000531707	0.000531707	0.000531707	164
0.653	0.0003936	0.0003936	0.0003936	0.0003936	125
0.654	-0.000762319	-0.000762319	-0.000762319	-0.000762319	138
0.655	0.00080339	0.00080339	0.00080339	0.00080339	118
0.656	-0.00022	-0.00022	-0.00022	-0.00022	120
0.657	6.83761e-06	6.83761e-06	6.83761e-06	6.83761e-06	117
0.658	0.00183866	0.00183866	0.00183866	0.00183866	119
0.659	-0.00040354	-0.00040354	-0.00040354	-0.00040354	113
0.66	0.000304	0.000304	0.000304	0.000304	100
0.661	-0.00269774	-0.00269774	-0.00269774	-0.00269774	133
0.662	-0.0009952	-0.0009952	-0.0009952	-0.0009952	125
0.663	-0.00180578	-0.00180578	-0.00180578	-0.00180578	173
0.664	4.70588e-05	4.70588e-05	4.70588e-05	4.70588e-05	136
0.665	-0.00299817	-0.00299817	-0.00299817	-0.00299817	109
0.666	-0.0019662	-0.0019662	-0.0019662	-0.0019662	142
0.667	-0.000624837	-0.000624837	-0.000624837	-0.000624837	153
0.668	0.00177632	0.00177632	0.00177632	0.00177632	152
0.669	0.000190909	0.000190909	0.000190909	0.000190909	132
0.67	0.000442975	0.000442975	0.000442975	0.000442975	121
0.671	-0.00221754	-0.00221754	-0.00221754	-0.00221754	114
0.672	-0.00215495	-0.00215495	-0.00215495	-0.00215495	111
0.673	0.000369748	0.000369748	0.000369748	0.000369748	119
0.674	0.00155971	0.00155971	0.00155971	0.00155971	139
0.675	0.000913846	0.000913846	0.000913846	0.000913846	130
0.676	0.00123385	0.00123385	0.00123385	0.00123385	130
0.677	0.00413109	0.00413109	0.00413109	0.00413109	119
0.678	0.00117714	0.00117714	0.00117714	0.00117714	140
0.679	0.0038406	0.0038406	0.0038406	0.0038406	133
0.68	-0.00164516	-0.00164516	-0.00164516	-0.00164516	124
0.681	-0.000900741	-0.000900741	-0.000900741	-0.000900741	135
0.682	-0.000442623	-0.000442623	-0.000442623	-0.000442623	122
0.683	-0.0018	-0.0018	-0.0018	-0.0018	138
0.684	-0.000363889	-0.000363889	-0.000363889	-0.000363889	144
0.685	0.00103622	0.00103622	0.00103622	0.00103622	127
0.686	-3.8806e-05	-3.8806e-05	-3.8806e-05	-3.8806e-05	134
0.687	-0.00261651	-0.00261651	-0.00261651	-0.00261651	109
0.688	0.000667742	0.000667742	0.000667742	0.000667742	124
0.689	-0.00105806	-0.00105806	-0.00105806	-0.00105806	124
0.69	0.00286552	0.00286552	0.00286552	0.00286552	116
0.691	-0.000469841	-0.000469841	-0.000469841	-0.000469841	126
0.692	0.00082963	0.00082963	0.00082963	0.00082963	108
0.693	0.00312063	0.00312063	0.00312063	0.00312063	126
0.694	0.00329231	0.00329231	0.00329231	0.00329231	130
0.695	-0.00162481	-0.00162481	-0.00162481	-0.00162481	129
0.696	0.00178462	0.00178462	0.00178462	0.00178462	130
0.697	0.00233094	0.00233094	0.00233094	0.00233094	139
0.698	0.00417333	0.00417333	0.00417333	0.00417333	120
0.699	0.00151678	0.00151678	0.00151678	0.00151678	149
0.7	0.000863158	0.000863158	0.000863158	0.000863158	114
0.701	0.00063662	0.00063662	0.00063662	0.00063662	142
0.702	0.00352066	0.00352066	0.00352066	0.00352066	121
0.703	0.00120377	0.00120377	0.00120377	0.00120377	106
0.704	0.00245667	0.00245667	0.00245667	0.00245667	120
0.705	0.00289357	0.00289357	0.00289357	0.00289357	171
0.706	0.00378065	0.00378065	0.00378065	0.00378065	124
0.707	0.00206061	0.00206061	0.00206061	0.00206061	132
0.708	0.00205769	0.00205769	0.00205769	0.00205769	104
0.709	0.00461069	0.00461069	0.00461069	0.00461069	131
0.71	0.000775194	0.000775194	0.000775194	0.000775194	129
0.711	0.00257405	0.00257405	0.00257405	0.00257405	131
0.712	-0.00071773	-0.00071773	-0.00071773	-0.00071773	141
0.713	-0.00121875	-0.00121875	-0.00121875	-0.00121875	128
0.714	-0.000184848	-0.000184848	-0.000184848	-0.000184848	132
0.715	0.000921429	0.000921429	0.000921429	0.000921429	112
0.716	0.000922034	0.000922034	0.000922034	0.000922034	118
0.717	0.000681159	0.000681159	0.000681159	0.000681159	138
0.718	0.000113333	0.000113333	0.000113333	0.000113333	120
0.719	0.000530909	0.000530909	0.000530909	0.000530909	110
0.72	0.000672941	0.000672941	0.000672941	0.000672941	85
0.721	7.24409e-05	7.24409e-05	7.24409e-05	7.24409e-05	127
0.722	0.00135	0.00135	0.00135	0.00135	120
0.723	-4.61538e-05	-4.61538e-05	-4.61538e-05	-4.61538e-05	104
0.724	0.0048	0.0048	0.0048	0.0048	134
0.725	0.00162308	0.00162308	0.00162308	0.00162308	104
0.726	-0.000102564	-0.000102564	-0.000102564	-0.000102564	117
0.727	-0.000419417	-0.000419417	-0.000419417	-0.000419417	103
0.728	0.00260522	0.00260522	0.00260522	0.00260522	115
0.729	0.00243836	0.00243836	0.00243836	0.00243836	146
0.73	0.00176129	0.00176129	0.00176129	0.00176129	124
0.731	-0.00179099	-0.00179099	-0.00179099	-0.00179099	111
0.732	-0.000225532	-0.000225532	-0.000225532	-0.000225532	94
0.733	-0.00542712	-0.00542712	-0.00542712	-0.00542712	118
0.734	-0.000218182	-0.000218182	-0.000218182	-0.000218182	132
0.735	-0.000435088	-0.000435088	-0.000435088	-0.000435088	114
0.736	-0.000179817	-0.000179817	-0.000179817	-0.000179817	109
0.737	0.00220357	0.00220357	0.00220357	0.00220357	112
0.738	-0.00175868	-0.00175868	-0.00175868	-0.00175868	121
0.739	-0.0004375	-0.0004375	-0.0004375	-0.0004375	96
0.74	0.000482963	0.000482963	0.000482963	0.000482963	135
0.741	0.000198519	0.000198519	0.000198519	0.000198519	135
0.742	-0.00142632	-0.00142632	-0.00142632	-0.00142632	152
0.743	0.000478947	0.000478947	0.000478947	0.000478947	152
0.744	0.00294146	0.00294146	0.00294146	0.00294146	164
0.745	0.00184675	0.00184675	0.00184675	0.00184675	154
0.746	0.00208857	0.00208857	0.00208857	0.00208857	140
0.747	-0.00148702	-0.00148702	-0.00148702	-0.00148702	131
0.748	-0.00239484	-0.00239484	-0.00239484	-0.00239484	155
0.749	-0.000580645	-0.000580645	-0.000580645	-0.000580645	155
0.75	-0.00155276	-0.00155276	-0.00155276	-0.00155276	127
0.751	-0.00278222	-0.00278222	-0.00278222	-0.00278222	135
0.752	0.000298413	0.000298413	0.000298413	0.000298413	126
0.753	-0.00364956	-0.00364956	-0.00364956	-0.00364956	113
0.754	-0.00237355	-0.00237355	-0.00237355	-0.00237355	121
0.755	0.000134454	0.000134454	0.000134454	0.000134454	119
0.756	-0.00179528	-0.00179528	-0.00179528	-0.00179528	127
0.757	-0.000266667	-0.000266667	-0.000266667	-0.000266667	102
0.758	0.000643636	0.000643636	0.000643636	0.000643636	110
0.759	-0.00202154	-0.00202154	-0.00202154	-0.00202154	130
0.76	-0.00217953	-0.00217953	-0.00217953	-0.00217953	127
0.761	-0.000476033	-0.000476033	-0.000476033	-0.000476033	121
0.762	-0.00107338	-0.00107338	-0.00107338	-0.00107338	139
0.763	-0.00283664	-0.00283664	-0.00283664	-0.00283664	131
0.764	0.0033322	0.0033322	0.0033322	0.0033322	118
0.765	-0.00293443	-0.00293443	-0.00293443	-0.00293443	122
0.766	-0.000663566	-0.000663566	-0.000663566	-0.000663566	129
0.767	6.66667e-05	6.66667e-05	6.66667e-05	6.66667e-05	150
0.768	-0.00121678	-0.00121678	-0.00121678	-0.00121678	143
0.769	-0.000819512	-0.000819512	-0.000819512	-0.000819512	123
0.77	0.00146405	0.00146405	0.00146405	0.00146405	153
0.771	-6.20155e-06	-6.20155e-06	-6.20155e-06	-6.20155e-06	129
0.772	-0.00175407	-0.00175407	-0.00175407	-0.00175407	135
0.773	0.00109752	0.00109752	0.00109752	0.00109752	121
0.774	-0.000631111	-0.000631111	-0.000631111	-0.000631111	135
0.775	-0.001472	-0.001472	-0.001472	-0.001472	125
0.776	-0.00035942	-0.00035942	-0.00035942	-0.00035942	138
0.777	-0.00140979	-0.00140979	-0.00140979	-0.00140979	143
0.778	-0.00243944	-0.00243944	-0.00243944	-0.00243944	142
0.779	-0.00213423	-0.00213423	-0.00213423	-0.00213423	149
0.78	0.000331707	0.000331707	0.000331707	0.000331707	123
0.781	0.000286131	0.000286131	0.000286131	0.000286131	137
0.782	0.00218462	0.00218462	0.00218462	0.00218462	117
0.783	0.00232258	0.00232258	0.00232258	0.00232258	124
0.784	0.000747287	0.000747287	0.000747287	0.000747287	129
0.785	0.00148369	0.00148369	0.00148369	0.00148369	141
0.786	0.00095302	0.00095302	0.00095302	0.00095302	149
0.787	0.00157122	0.00157122	0.00157122	0.00157122	139
0.788	0.000493431	0.000493431	0.000493431	0.000493431	137
0.789	0.00218723	0.00218723	0.00218723	0.00218723	141
0.79	0.00147133	0.00147133	0.00147133	0.00147133	143
0.791	0.00347114	0.00347114	0.00347114	0.00347114	149
0.792	0.00456691	0.00456691	0.00456691	0.00456691	139
0.793	0.00108889	0.00108889	0.00108889	0.00108889	144
0.794	0.00462906	0.00462906	0.00462906	0.00462906	117
0.795	0.00122647	0.00122647	0.00122647	0.00122647	136
0.796	0.00422941	0.00422941	0.00422941	0.00422941	136
0.797	0.00104262	0.00104262	0.00104262	0.00104262	122
0.798	0.00293425	0.00293425	0.00293425	0.00293425	146
0.799	-0.000494286	-0.000494286	-0.000494286	-0.000494286	140
0.8	0.00218417	0.00218417	0.00218417	0.00218417	139
0.801	0.00150924	0.00150924	0.00150924	0.00150924	119
0.802	0.000219753	0.000219753	0.000219753	0.000219753	162
0.803	-0.00232	-0.00232	-0.00232	-0.00232	120
0.804	0.00188777	0.00188777	0.00188777	0.00188777	139
0.805	0.00153714	0.00153714	0.00153714	0.00153714	140
0.806	0.000224837	0.000224837	0.000224837	0.000224837	153
0.807	-0.0010443	-0.0010443	-0.0010443	-0.0010443	149
0.808	-0.000828986	-0.000828986	-0.000828986	-0.000828986	138
0.809	-0.00159433	-0.00159433	-0.00159433	-0.00159433	141
0.81	-0.00204235	-0.00204235	-0.00204235	-0.00204235	170
0.811	-0.00390233	-0.00390233	-0.00390233	-0.00390233	172
0.812	0.000837143	0.000837143	0.000837143	0.000837143	140
0.813	-0.00108919	-0.00108919	-0.00108919	-0.00108919	148
0.814	-0.0028	-0.0028	-0.0028	-0.0028	130
0.815	-0.00110769	-0.00110769	-0.00110769	-0.00110769	143
0.816	-0.0017984	-0.0017984	-0.0017984	-0.0017984	125
0.817	-0.000603279	-0.000603279	-0.000603279	-0.000603279	122
0.818	9.91453e-05	9.91453e-05	9.91453e-05	9.91453e-05	117
0.819	-0.00187156	-0.00187156	-0.00187156	-0.00187156	109
0.82	0.000562025	0.000562025	0.000562025	0.000562025	79
0.821	-0.00228235	-0.00228235	-0.00228235	-0.00228235	85
0.822	-0.00138261	-0.00138261	-0.00138261	-0.00138261	138
0.823	-0.0021351	-0.0021351	-0.0021351	-0.0021351	151
0.824	-0.00112066	-0.00112066	-0.00112066	-0.00112066	121
0.825	-0.000196923	-0.000196923	-0.000196923	-0.000196923	130
0.826	0.0018965	0.0018965	0.0018965	0.0018965	143
0.827	0.000444094	0.000444094	0.000444094	0.000444094	127
0.828	0.00120968	0.00120968	0.00120968	0.00120968	124
0.829	0.00119137	0.00119137	0.00119137	0.00119137	139
0.83	0.000185915	0.000185915	0.000185915	0.000185915	142
0.831	0.00211818	0.00211818	0.00211818	0.00211818	132
0.832	0.00195714	0.00195714	0.00195714	0.00195714	112
0.833	0.00383511	0.00383511	0.00383511	0.00383511	131
0.834	0.0056	0.0056	0.0056	0.0056	119
0.835	0.00706333	0.00706333	0.00706333	0.00706333	120
0.836	0.00405294	0.00405294	0.00405294	0.00405294	136
0.837	0.00420885	0.00420885	0.00420885	0.00420885	113
0.838	0.00551385	0.00551385	0.00551385	0.00551385	130
0.839	0.00391008	0.00391008	0.00391008	0.00391008	129
0.84	0.00526486	0.00526486	0.00526486	0.00526486	111
0.841	0.00189688	0.00189688	0.00189688	0.00189688	128
0.842	0.00305344	0.00305344	0.00305344	0.00305344	131
0.843	0.00273475	0.00273475	0.00273475	0.00273475	141
0.844	0.00200268	0.00200268	0.00200268	0.00200268	149
0.845	0.00180482	0.00180482	0.00180482	0.00180482	166
0.846	0.00236716	0.00236716	0.00236716	0.00236716	134
0.847	0.00304806	0.00304806	0.00304806	0.00304806	129
0.848	0.00346555	0.00346555	0.00346555	0.00346555	119
0.849	0.00100787	0.00100787	0.00100787	0.00100787	127
0.85	0.000165517	0.000165517	0.000165517	0.000165517	116
0.851	0.000653892	0.000653892	0.000653892	0.000653892	167
0.852	0.000405839	0.000405839	0.000405839	0.000405839	137
0.853	0.00328169	0.00328169	0.00328169	0.00328169	142
0.854	0.002192	0.002192	0.002192	0.002192	125
0.855	0.00382946	0.00382946	0.00382946	0.00382946	129
0.856	0.00213333	0.00213333	0.00213333	0.00213333	138
0.857	0.000706329	0.000706329	0.000706329	0.000706329	158
0.858	0.00437863	0.00437863	0.00437863	0.00437863	131
0.859	0.000450394	0.000450394	0.000450394	0.000450394	127
0.86	-0.000571429	-0.000571429	-0.000571429	-0.000571429	140
0.861	-0.000485714	-0.000485714	-0.000485714	-0.000485714	140
0.862	-0.000726957	-0.000726957	-0.000726957	-0.000726957	115
0.863	-5.03937e-05	-5.03937e-05	-5.03937e-05	-5.03937e-05	127
0.864	5.71429e-05	5.71429e-05	5.71429e-05	5.71429e-05	126
0.865	-0.000619868	-0.000619868	-0.000619868	-0.000619868	151
0.866	6.26866e-05	6.26866e-05	6.26866e-05	6.26866e-05	134
0.867	0.00112109	0.00112109	0.00112109	0.00112109	147
0.868	0.000878195	0.000878195	0.000878195	0.000878195	133
0.869	0.00129589	0.00129589	0.00129589	0.00129589	146
0.87	0.00251667	0.00251667	0.00251667	0.00251667	120
0.871	0.00194098	0.00194098	0.00194098	0.00194098	122
0.872	0.00426429	0.00426429	0.00426429	0.00426429	112
0.873	0.00344314	0.00344314	0.00344314	0.00344314	102
0.874	0.00198374	0.00198374	0.00198374	0.00198374	123
0.875	0.00250685	0.00250685	0.00250685	0.00250685	146
0.876	0.00108772	0.00108772	0.00108772	0.00108772	114
0.877	0.000961765	0.000961765	0.000961765	0.000961765	136
0.878	0.00256552	0.00256552	0.00256552	0.00256552	116
0.879	0.00194435	0.00194435	0.00194435	0.00194435	115
0.88	0.000603846	0.000603846	0.000603846	0.000603846	104
0.881	-0.000818462	-0.000818462	-0.000818462	-0.000818462	130
0.882	0.00225965	0.00225965	0.00225965	0.00225965	114
0.883	-0.00187156	-0.00187156	-0.00187156	-0.00187156	109
0.884	0.00291471	0.00291471	0.00291471	0.00291471	136
0.885	0.000555932	0.000555932	0.000555932	0.000555932	118
0.886	0.00121203	0.00121203	0.00121203	0.00121203	133
0.887	0.000422857	0.000422857	0.000422857	0.000422857	105
0.888	0.000168966	0.000168966	0.000168966	0.000168966	116
0.889	-0.000190728	-0.000190728	-0.000190728	-0.000190728	151
0.89	0.00263509	0.00263509	0.00263509	0.00263509	114
0.891	-0.000410169	-0.000410169	-0.000410169	-0.000410169	118
0.892	-0.00135333	-0.00135333	-0.00135333	-0.00135333	120
0.893	-0.000262069	-0.000262069	-0.000262069	-0.000262069	116
0.894	0.000415038	0.000415038	0.000415038	0.000415038	133
0.895	-0.00101081	-0.00101081	-0.00101081	-0.00101081	148
0.896	-0.000630137	-0.000630137	-0.000630137	-0.000630137	146
0.897	0.000217544	0.000217544	0.000217544	0.000217544	114
0.898	0.00506341	0.00506341	0.00506341	0.00506341	123
0.899	0.00325913	0.00325913	0.00325913	0.00325913	115
0.9	0.0028459	0.0028459	0.0028459	0.0028459	122
0.901	0.001104	0.001104	0.001104	0.001104	125
0.902	0.00100444	0.00100444	0.00100444	0.00100444	135
0.903	8.27586e-05	8.27586e-05	8.27586e-05	8.27586e-05	116
0.904	0.00153846	0.00153846	0.00153846	0.00153846	117
0.905	-0.000988235	-0.000988235	-0.000988235	-0.000988235	136
0.906	-0.000632258	-0.000632258	-0.000632258	-0.000632258	124
0.907	0.00277742	0.00277742	0.00277742	0.00277742	124
0.908	0.00198919	0.00198919	0.00198919	0.00198919	111
0.909	0.00282105	0.00282105	0.00282105	0.00282105	114
0.91	-0.000992	-0.000992	-0.000992	-0.000992	125
0.911	0.000183333	0.000183333	0.000183333	0.000183333	120
0.912	-0.00289302	-0.00289302	-0.00289302	-0.00289302	129
0.913	-0.00018963	-0.00018963	-0.00018963	-0.00018963	135
0.914	-0.000703448	-0.000703448	-0.000703448	-0.000703448	116
0.915	0.00134046	0.00134046	0.00134046	0.00134046	131
0.916	0.00316552	0.00316552	0.00316552	0.00316552	116
0.917	-0.00296283	-0.00296283	-0.00296283	-0.00296283	113
0.918	-0.00305455	-0.00305455	-0.00305455	-0.00305455	99
0.919	-0.00208302	-0.00208302	-0.00208302	-0.00208302	106
0.92	0.00021791	0.00021791	0.00021791	0.00021791	134
0.921	-0.00100317	-0.00100317	-0.00100317	-0.00100317	126
0.922	0.000729231	0.000729231	0.000729231	0.000729231	130
0.923	-0.00163137	-0.00163137	-0.00163137	-0.00163137	153
0.924	0.000447059	0.000447059	0.000447059	0.000447059	136
0.925	-0.000988535	-0.000988535	-0.000988535	-0.000988535	157
0.926	-0.00152806	-0.00152806	-0.00152806	-0.00152806	139
0.927	-0.000281159	-0.000281159	-0.000281159	-0.000281159	138
0.928	0.00218125	0.00218125	0.00218125	0.00218125	128
0.929	0.00222636	0.00222636	0.00222636	0.00222636	129
0.93	0.00294803	0.00294803	0.00294803	0.00294803	127
0.931	-0.000831655	-0.000831655	-0.000831655	-0.000831655	139
0.932	-0.0019125	-0.0019125	-0.0019125	-0.0019125	128
0.933	0.000616216	0.000616216	0.000616216	0.000616216	111
0.934	-0.00127451	-0.00127451	-0.00127451	-0.00127451	102
0.935	-0.00263333	-0.00263333	-0.00263333	-0.00263333	96
0.936	-0.0008375	-0.0008375	-0.0008375	-0.0008375	96
0.937	-0.001456	-0.001456	-0.001456	-0.001456	100
0.938	0.00238195	0.00238195	0.00238195	0.00238195	133
0.939	0.00121471	0.00121471	0.00121471	0.00121471	136
0.94	-0.000655118	-0.000655118	-0.000655118	-0.000655118	127
0.941	0.00265586	0.00265586	0.00265586	0.00265586	111
0.942	0.000917647	0.000917647	0.000917647	0.000917647	119
0.943	-0.000808955	-0.000808955	-0.000808955	-0.000808955	134
0.944	-0.00155044	-0.00155044	-0.00155044	-0.00155044	113
0.945	-0.000744118	-0.000744118	-0.000744118	-0.000744118	136
0.946	0.000623776	0.000623776	0.000623776	0.000623776	143
0.947	0.000325373	0.000325373	0.000325373	0.000325373	134
0.948	0.000736111	0.000736111	0.000736111	0.000736111	144
0.949	-0.000762914	-0.000762914	-0.000762914	-0.000762914	151
0.95	0.00191646	0.00191646	0.00191646	0.00191646	158
0.951	0.00165241	0.00165241	0.00165241	0.00165241	145
0.952	-0.000325333	-0.000325333	-0.000325333	-0.000325333	150
0.953	0.00147342	0.00147342	0.00147342	0.00147342	158
0.954	0.00243692	0.00243692	0.00243692	0.00243692	130
0.955	0.00350986	0.00350986	0.00350986	0.00350986	142
0.956	0.00209756	0.00209756	0.00209756	0.00209756	123
0.957	0.0019514	0.0019514	0.0019514	0.0019514	107
0.958	0.0025916	0.0025916	0.0025916	0.0025916	119
0.959	0.00295385	0.00295385	0.00295385	0.00295385	104
0.96	0.0021113	0.0021113	0.0021113	0.0021113	115
0.961	0.00101053	0.00101053	0.00101053	0.00101053	133
0.962	0.00367636	0.00367636	0.00367636	0.00367636	110
0.963	-0.00170303	-0.00170303	-0.00170303	-0.00170303	132
0.964	0.001332	0.001332	0.001332	0.001332	100
0.965	0.00157477	0.00157477	0.00157477	0.00157477	111
0.966	0.000731507	0.000731507	0.000731507	0.000731507	146
0.967	0.000554545	0.000554545	0.000554545	0.000554545	132
0.968	0.00154237	0.00154237	0.00154237	0.00154237	118
0.969	-0.00151636	-0.00151636	-0.00151636	-0.00151636	110
0.97	-0.000388	-0.000388	-0.000388	-0.000388	100
0.971	-0.000437736	-0.000437736	-0.000437736	-0.000437736	106
0.972	0.00114128	0.00114128	0.00114128	0.00114128	109
0.973	-0.00131966	-0.00131966	-0.00131966	-0.00131966	117
0.974	0.000449485	0.000449485	0.000449485	0.000449485	97
0.975	-0.00133913	-0.00133913	-0.00133913	-0.00133913	92
0.976	-4.13793e-05	-4.13793e-05	-4.13793e-05	-4.13793e-05	116
0.977	-0.000731818	-0.000731818	-0.000731818	-0.000731818	88
0.978	0.000768142	0.000768142	0.000768142	0.000768142	113
0.979	-0.000717241	-0.000717241	-0.000717241	-0.000717241	87
0.98	-0.00032967	-0.00032967	-0.00032967	-0.00032967	91
0.981	-0.00036748	-0.00036748	-0.00036748	-0.00036748	123
0.982	-0.0013283	-0.0013283	-0.0013283	-0.0013283	159
0.983	-0.00170081	-0.00170081	-0.00170081	-0.00170081	123
0.984	-0.00129375	-0.00129375	-0.00129375	-0.00129375	128
0.985	-0.00206316	-0.00206316	-0.00206316	-0.00206316	133
0.986	-0.00267778	-0.00267778	-0.00267778	-0.00267778	108
0.987	0.000250382	0.000250382	0.000250382	0.000250382	131
0.988	-0.00108889	-0.00108889	-0.00108889	-0.00108889	108
0.989	0.000693548	0.000693548	0.000693548	0.000693548	124
0.99	-0.00093871	-0.00093871	-0.00093871	-0.00093871	124
0.991	0.000640777	0.000640777	0.000640777	0.000640777	103
0.992	-0.000647788	-0.000647788	-0.000647788	-0.000647788	113
0.993	-0.0011322	-0.0011322	-0.0011322	-0.0011322	118
0.994	-0.000838095	-0.000838095	-0.000838095	-0.000838095	126
0.995	0.00286562	0.00286562	0.00286562	0.00286562	128
0.996	-0.000546875	-0.000546875	-0.000546875	-0.000546875	128
0.997	0.00123333	0.00123333	0.00123333	0.00123333	120
0.998	0.00220667	0.00220667	0.00220667	0.00220667	120
0.999	-0.00296562	-0.00296562	-0.00296562	-0.00296562	128
1	-0.00043964	-0.00043964	-0.00043964	-0.00043964	111
