0.001	0.0843084	0.0843084	0.0843084	0.0843084	1297
0.002	0.0775089	0.0775089	0.0775089	0.0775089	1023
0.003	0.0703106	0.0703106	0.0703106	0.0703106	752
0.004	0.0688012	0.0688012	0.0688012	0.0688012	681
0.005	0.059536	0.059536	0.059536	0.059536	525
0.006	0.0523991	0.0523991	0.0523991	0.0523991	433
0.007	0.0457523	0.0457523	0.0457523	0.0457523	407
0.008	0.0459024	0.0459024	0.0459024	0.0459024	328
0.009	0.0436338	0.0436338	0.0436338	0.0436338	272
0.01	0.0344712	0.0344712	0.0344712	0.0344712	292
0.011	0.0292111	0.0292111	0.0292111	0.0292111	252
0.012	0.0264604	0.0264604	0.0264604	0.0264604	225
0.013	0.0227077	0.0227077	0.0227077	0.0227077	247
0.014	0.0232817	0.0232817	0.0232817	0.0232817	230
0.015	0.0173805	0.0173805	0.0173805	0.0173805	195
0.016	0.0194177	0.0194177	0.0194177	0.0194177	226
0.017	0.0190827	0.0190827	0.0190827	0.0190827	208
0.018	0.0209373	0.0209373	0.0209373	0.0209373	169
0.019	0.0161198	0.0161198	0.0161198	0.0161198	177
0.02	0.0128475	0.0128475	0.0128475	0.0128475	177
0.021	0.0131215	0.0131215	0.0131215	0.0131215	158
0.022	0.0122318	0.0122318	0.0122318	0.0122318	157
0.023	0.0169105	0.0169105	0.0169105	0.0169105	152
0.024	0.014178	0.014178	0.014178	0.014178	191
0.025	0.0120583	0.0120583	0.0120583	0.0120583	151
0.026	0.0106964	0.0106964	0.0106964	0.0106964	193
0.027	0.015035	0.015035	0.015035	0.015035	160
0.028	0.0133459	0.0133459	0.0133459	0.0133459	181
0.029	0.0138327	0.0138327	0.0138327	0.0138327	153
0.03	0.00984204	0.00984204	0.00984204	0.00984204	157
0.031	0.00952927	0.00952927	0.00952927	0.00952927	164
0.032	0.010387	0.010387	0.010387	0.010387	154
0.033	0.00855287	0.00855287	0.00855287	0.00855287	157
0.034	0.00902754	0.00902754	0.00902754	0.00902754	167
0.035	0.00664294	0.00664294	0.00664294	0.00664294	163
0.036	0.00499085	0.00499085	0.00499085	0.00499085	153
0.037	0.00729323	0.00729323	0.00729323	0.00729323	133
0.038	0.00629577	0.00629577	0.00629577	0.00629577	142
0.039	0.002736	0.002736	0.002736	0.002736	125
0.04	0.00689007	0.00689007	0.00689007	0.00689007	151
0.041	0.0040832	0.0040832	0.0040832	0.0040832	125
0.042	0.00918298	0.00918298	0.00918298	0.00918298	141
0.043	0.00625588	0.00625588	0.00625588	0.00625588	136
0.044	0.00885455	0.00885455	0.00885455	0.00885455	176
0.045	0.00374966	0.00374966	0.00374966	0.00374966	147
0.046	0.00691392	0.00691392	0.00691392	0.00691392	158
0.047	0.00842025	0.00842025	0.00842025	0.00842025	158
0.048	0.0056	0.0056	0.0056	0.0056	166
0.049	0.00685	0.00685	0.00685	0.00685	136
0.05	0.00695569	0.00695569	0.00695569	0.00695569	167
0.051	0.00751143	0.00751143	0.00751143	0.00751143	140
0.052	0.00059021	0.00059021	0.00059021	0.00059021	143
0.053	0.00353151	0.00353151	0.00353151	0.00353151	146
0.054	0.00362472	0.00362472	0.00362472	0.00362472	178
0.055	0.0019	0.0019	0.0019	0.0019	164
0.056	0.0037816	0.0037816	0.0037816	0.0037816	163
0.057	0.0040226	0.0040226	0.0040226	0.0040226	177
0.058	0.00451158	0.00451158	0.00451158	0.00451158	190
0.059	0.0021	0.0021	0.0021	0.0021	172
0.06	0.000861146	0.000861146	0.000861146	0.000861146	157
0.061	0.00183358	0.00183358	0.00183358	0.00183358	137
0.062	0.00101067	0.00101067	0.00101067	0.00101067	150
0.063	0.0012525	0.0012525	0.0012525	0.0012525	160
0.064	0.000945665	0.000945665	0.000945665	0.000945665	173
0.065	0.000576471	0.000576471	0.000576471	0.000576471	136
0.066	0.00144828	0.00144828	0.00144828	0.00144828	145
0.067	0.00295714	0.00295714	0.00295714	0.00295714	140
0.068	-0.0019	-0.0019	-0.0019	-0.0019	168
0.069	0.00111508	0.00111508	0.00111508	0.00111508	179
0.07	0.00255778	0.00255778	0.00255778	0.00255778	180
0.071	0.00141149	0.00141149	0.00141149	0.00141149	174
0.072	0.0027978	0.0027978	0.0027978	0.0027978	182
0.073	0.00389016	0.00389016	0.00389016	0.00389016	193
0.074	0.00076044	0.00076044	0.00076044	0.00076044	182
0.075	0.00291572	0.00291572	0.00291572	0.00291572	159
0.076	0.00200222	0.00200222	0.00200222	0.00200222	180
0.077	0.00315646	0.00315646	0.00315646	0.00315646	147
0.078	0.00246879	0.00246879	0.00246879	0.00246879	157
0.079	0.0026575	0.0026575	0.0026575	0.0026575	160
0.08	0.00397808	0.00397808	0.00397808	0.00397808	146
0.081	0.00256599	0.00256599	0.00256599	0.00256599	147
0.082	0.00219714	0.00219714	0.00219714	0.00219714	140
0.083	-0.00103077	-0.00103077	-0.00103077	-0.00103077	156
0.084	0.000702778	0.000702778	0.000702778	0.000702778	144
0.085	-0.000112821	-0.000112821	-0.000112821	-0.000112821	156
0.086	-7.69231e-05	-7.69231e-05	-7.69231e-05	-7.69231e-05	156
0.087	0.00116829	0.00116829	0.00116829	0.00116829	164
0.088	0.00210787	0.00210787	0.00210787	0.00210787	178
0.089	0.00014359	0.00014359	0.00014359	0.00014359	156
0.09	0.002384	0.002384	0.002384	0.002384	125
0.091	-0.00324672	-0.00324672	-0.00324672	-0.00324672	137
0.092	0.000471338	0.000471338	0.000471338	0.000471338	157
0.093	0.000904142	0.000904142	0.000904142	0.000904142	169
0.094	-0.00155128	-0.00155128	-0.00155128	-0.00155128	156
0.095	0.00250682	0.00250682	0.00250682	0.00250682	176
0.096	0.00090411	0.00090411	0.00090411	0.00090411	146
0.097	-0.00104552	-0.00104552	-0.00104552	-0.00104552	145
0.098	0.000260123	0.000260123	0.000260123	0.000260123	163
0.099	0.000120805	0.000120805	0.000120805	0.000120805	149
0.1	0.000456296	0.000456296	0.000456296	0.000456296	135
0.101	0.0008	0.0008	0.0008	0.0008	156
0.102	0.00118537	0.00118537	0.00118537	0.00118537	164
0.103	0.00171059	0.00171059	0.00171059	0.00171059	170
0.104	0.00359456	0.00359456	0.00359456	0.00359456	147
0.105	0.00318239	0.00318239	0.00318239	0.00318239	159
0.106	0.00182368	0.00182368	0.00182368	0.00182368	152
0.107	-0.000118841	-0.000118841	-0.000118841	-0.000118841	138
0.108	0.00383182	0.00383182	0.00383182	0.00383182	176
0.109	0.00681846	0.00681846	0.00681846	0.00681846	130
0.11	0.000564706	0.000564706	0.000564706	0.000564706	136
0.111	0.00121515	0.00121515	0.00121515	0.00121515	132
0.112	-0.000607018	-0.000607018	-0.000607018	-0.000607018	114
0.113	0.0001	0.0001	0.0001	0.0001	148
0.114	-0.00237372	-0.00237372	-0.00237372	-0.00237372	137
0.115	0.00163741	0.00163741	0.00163741	0.00163741	139
0.116	0.00452353	0.00452353	0.00452353	0.00452353	136
0.117	0.00146957	0.00146957	0.00146957	0.00146957	138
0.118	0.00317664	0.00317664	0.00317664	0.00317664	137
0.119	0.00166	0.00166	0.00166	0.00166	160
0.12	0.00612055	0.00612055	0.00612055	0.00612055	146
0.121	0.00489198	0.00489198	0.00489198	0.00489198	187
0.122	0.00375215	0.00375215	0.00375215	0.00375215	163
0.123	0.0028881	0.0028881	0.0028881	0.0028881	168
0.124	0.00151084	0.00151084	0.00151084	0.00151084	166
0.125	0.00373989	0.00373989	0.00373989	0.00373989	183
0.126	0.00221911	0.00221911	0.00221911	0.00221911	157
0.127	-0.000152258	-0.000152258	-0.000152258	-0.000152258	155
0.128	0.00229677	0.00229677	0.00229677	0.00229677	155
0.129	0.00217895	0.00217895	0.00217895	0.00217895	152
0.13	0.00201351	0.00201351	0.00201351	0.00201351	148
0.131	0.000336196	0.000336196	0.000336196	0.000336196	163
0.132	-8.70588e-05	-8.70588e-05	-8.70588e-05	-8.70588e-05	170
0.133	0.00117987	0.00117987	0.00117987	0.00117987	159
0.134	-0.000667416	-0.000667416	-0.000667416	-0.000667416	178
0.135	-0.00064375	-0.00064375	-0.00064375	-0.00064375	192
0.136	-0.000610256	-0.000610256	-0.000610256	-0.000610256	156
0.137	0.00150353	0.00150353	0.00150353	0.00150353	170
0.138	0.00139545	0.00139545	0.00139545	0.00139545	176
0.139	-0.000698	-0.000698	-0.000698	-0.000698	200
0.14	-0.0014	-0.0014	-0.0014	-0.0014	192
0.141	0.0008	0.0008	0.0008	0.0008	183
0.142	0.00227294	0.00227294	0.00227294	0.00227294	170
0.143	-3.29897e-05	-3.29897e-05	-3.29897e-05	-3.29897e-05	194
0.144	0.000434356	0.000434356	0.000434356	0.000434356	163
0.145	-0.0012339	-0.0012339	-0.0012339	-0.0012339	177
0.146	0.0004	0.0004	0.0004	0.0004	188
0.147	0.00151166	0.00151166	0.00151166	0.00151166	163
0.148	0.000397143	0.000397143	0.000397143	0.000397143	140
0.149	-0.000368539	-0.000368539	-0.000368539	-0.000368539	178
0.15	-0.00358621	-0.00358621	-0.00358621	-0.00358621	145
0.151	-0.00118391	-0.00118391	-0.00118391	-0.00118391	174
0.152	0.00294891	0.00294891	0.00294891	0.00294891	137
0.153	0.000341176	0.000341176	0.000341176	0.000341176	136
0.154	-0.00010137	-0.00010137	-0.00010137	-0.00010137	146
0.155	-0.00157067	-0.00157067	-0.00157067	-0.00157067	150
0.156	3.33333e-05	3.33333e-05	3.33333e-05	3.33333e-05	120
0.157	0.00057305	0.00057305	0.00057305	0.00057305	141
0.158	0.00121765	0.00121765	0.00121765	0.00121765	136
0.159	0.0016948	0.0016948	0.0016948	0.0016948	173
0.16	0.000746512	0.000746512	0.000746512	0.000746512	172
0.161	0.000693827	0.000693827	0.000693827	0.000693827	162
0.162	0.00181795	0.00181795	0.00181795	0.00181795	156
0.163	-0.0010809	-0.0010809	-0.0010809	-0.0010809	178
0.164	0.000180892	0.000180892	0.000180892	0.000180892	157
0.165	0.0014987	0.0014987	0.0014987	0.0014987	154
0.166	1.5873e-05	1.5873e-05	1.5873e-05	1.5873e-05	126
0.167	0.00287143	0.00287143	0.00287143	0.00287143	140
0.168	-0.000339869	-0.000339869	-0.000339869	-0.000339869	153
0.169	-0.00171355	-0.00171355	-0.00171355	-0.00171355	155
0.17	-0.00127448	-0.00127448	-0.00127448	-0.00127448	145
0.171	-0.00117962	-0.00117962	-0.00117962	-0.00117962	157
0.172	-0.000906358	-0.000906358	-0.000906358	-0.000906358	173
0.173	0.000431461	0.000431461	0.000431461	0.000431461	178
0.174	0.00128101	0.00128101	0.00128101	0.00128101	158
0.175	0.000632335	0.000632335	0.000632335	0.000632335	167
0.176	-0.00030559	-0.00030559	-0.00030559	-0.00030559	161
0.177	-0.00128175	-0.00128175	-0.00128175	-0.00128175	137
0.178	0.000276316	0.000276316	0.000276316	0.000276316	152
0.179	-0.00211358	-0.00211358	-0.00211358	-0.00211358	162
0.18	0.00113725	0.00113725	0.00113725	0.00113725	153
0.181	0.00116883	0.00116883	0.00116883	0.00116883	154
0.182	-0.000761582	-0.000761582	-0.000761582	-0.000761582	177
0.183	0.00253846	0.00253846	0.00253846	0.00253846	156
0.184	8.05369e-05	8.05369e-05	8.05369e-05	8.05369e-05	149
0.185	-0.000751899	-0.000751899	-0.000751899	-0.000751899	158
0.186	-0.00231842	-0.00231842	-0.00231842	-0.00231842	152
0.187	-0.00197561	-0.00197561	-0.00197561	-0.00197561	164
0.188	-0.00298947	-0.00298947	-0.00298947	-0.00298947	171
0.189	-0.00100741	-0.00100741	-0.00100741	-0.00100741	162
0.19	-0.00166753	-0.00166753	-0.00166753	-0.00166753	154
0.191	0.00117661	0.00117661	0.00117661	0.00117661	171
0.192	-0.00192552	-0.00192552	-0.00192552	-0.00192552	145
0.193	0.00199515	0.00199515	0.00199515	0.00199515	165
0.194	6.84211e-05	6.84211e-05	6.84211e-05	6.84211e-05	152
0.195	-0.00103288	-0.00103288	-0.00103288	-0.00103288	146
0.196	-0.00216774	-0.00216774	-0.00216774	-0.00216774	155
0.197	-0.00230361	-0.00230361	-0.00230361	-0.00230361	166
0.198	-0.000894964	-0.000894964	-0.000894964	-0.000894964	139
0.199	-0.00175276	-0.00175276	-0.00175276	-0.00175276	199
0.2	-7.64331e-06	-7.64331e-06	-7.64331e-06	-7.64331e-06	157
0.201	-0.000658974	-0.000658974	-0.000658974	-0.000658974	156
0.202	-0.00156986	-0.00156986	-0.00156986	-0.00156986	146
0.203	-0.00124497	-0.00124497	-0.00124497	-0.00124497	169
0.204	-0.00257179	-0.00257179	-0.00257179	-0.00257179	156
0.205	-0.00309714	-0.00309714	-0.00309714	-0.00309714	140
0.206	-0.000569444	-0.000569444	-0.000569444	-0.000569444	144
0.207	-0.00162121	-0.00162121	-0.00162121	-0.00162121	132
0.208	-0.00357724	-0.00357724	-0.00357724	-0.00357724	123
0.209	-0.00155259	-0.00155259	-0.00155259	-0.00155259	135
0.21	0.000288889	0.000288889	0.000288889	0.000288889	162
0.211	-0.00045679	-0.00045679	-0.00045679	-0.00045679	162
0.212	-0.000658065	-0.000658065	-0.000658065	-0.000658065	155
0.213	0.00227862	0.00227862	0.00227862	0.00227862	145
0.214	-0.0016961	-0.0016961	-0.0016961	-0.0016961	154
0.215	-0.000777622	-0.000777622	-0.000777622	-0.000777622	143
0.216	-0.00045	-0.00045	-0.00045	-0.00045	136
0.217	0.000984795	0.000984795	0.000984795	0.000984795	171
0.218	0.000137748	0.000137748	0.000137748	0.000137748	151
0.219	0.00175537	0.00175537	0.00175537	0.00175537	121
0.22	0.00181769	0.00181769	0.00181769	0.00181769	147
0.221	-0.000149333	-0.000149333	-0.000149333	-0.000149333	150
0.222	0.00145379	0.00145379	0.00145379	0.00145379	145
0.223	0.000122857	0.000122857	0.000122857	0.000122857	140
0.224	0.000124324	0.000124324	0.000124324	0.000124324	148
0.225	0.000901266	0.000901266	0.000901266	0.000901266	158
0.226	0.00127742	0.00127742	0.00127742	0.00127742	124
0.227	0.00208477	0.00208477	0.00208477	0.00208477	151
0.228	0.00262687	0.00262687	0.00262687	0.00262687	134
0.229	0.00314648	0.00314648	0.00314648	0.00314648	142
0.23	-0.000976119	-0.000976119	-0.000976119	-0.000976119	134
0.231	-7.36842e-05	-7.36842e-05	-7.36842e-05	-7.36842e-05	152
0.232	-0.00270294	-0.00270294	-0.00270294	-0.00270294	136
0.233	-0.00177021	-0.00177021	-0.00177021	-0.00177021	141
0.234	-0.00294688	-0.00294688	-0.00294688	-0.00294688	128
0.235	-0.00182222	-0.00182222	-0.00182222	-0.00182222	171
0.236	0.00174627	0.00174627	0.00174627	0.00174627	134
0.237	0.000827211	0.000827211	0.000827211	0.000827211	147
0.238	0.00266842	0.00266842	0.00266842	0.00266842	152
0.239	-0.00344496	-0.00344496	-0.00344496	-0.00344496	129
0.24	0.00125906	0.00125906	0.00125906	0.00125906	149
0.241	-4.48e-05	-4.48e-05	-4.48e-05	-4.48e-05	125
0.242	0.00271831	0.00271831	0.00271831	0.00271831	142
0.243	0.0024209	0.0024209	0.0024209	0.0024209	134
0.244	0.00152868	0.00152868	0.00152868	0.00152868	129
0.245	0.00202466	0.00202466	0.00202466	0.00202466	146
0.246	0.000698089	0.000698089	0.000698089	0.000698089	157
0.247	0.00101863	0.00101863	0.00101863	0.00101863	161
0.248	-0.00132086	-0.00132086	-0.00132086	-0.00132086	139
0.249	0.00142	0.00142	0.00142	0.00142	120
0.25	-0.00348286	-0.00348286	-0.00348286	-0.00348286	140
0.251	0.000605797	0.000605797	0.000605797	0.000605797	138
0.252	0.00120909	0.00120909	0.00120909	0.00120909	132
0.253	-0.00036129	-0.00036129	-0.00036129	-0.00036129	155
0.254	-0.000550898	-0.000550898	-0.000550898	-0.000550898	167
0.255	-0.000830137	-0.000830137	-0.000830137	-0.000830137	146
0.256	-0.00288649	-0.00288649	-0.00288649	-0.00288649	148
0.257	-0.00196407	-0.00196407	-0.00196407	-0.00196407	167
0.258	-0.000851799	-0.000851799	-0.000851799	-0.000851799	139
0.259	-0.000187013	-0.000187013	-0.000187013	-0.000187013	154
0.26	-0.000978082	-0.000978082	-0.000978082	-0.000978082	146
0.261	0.00269756	0.00269756	0.00269756	0.00269756	164
0.262	-0.00258391	-0.00258391	-0.00258391	-0.00258391	174
0.263	-0.000394444	-0.000394444	-0.000394444	-0.000394444	144
0.264	0.000102326	0.000102326	0.000102326	0.000102326	129
0.265	-0.00247059	-0.00247059	-0.00247059	-0.00247059	136
0.266	-0.00145526	-0.00145526	-0.00145526	-0.00145526	152
0.267	-0.000987755	-0.000987755	-0.000987755	-0.000987755	147
0.268	0.00152308	0.00152308	0.00152308	0.00152308	130
0.269	0.00148364	0.00148364	0.00148364	0.00148364	165
0.27	-0.000691489	-0.000691489	-0.000691489	-0.000691489	188
0.271	-0.000103529	-0.000103529	-0.000103529	-0.000103529	170
0.272	-0.00167517	-0.00167517	-0.00167517	-0.00167517	149
0.273	0.00027486	0.00027486	0.00027486	0.00027486	179
0.274	-0.00103704	-0.00103704	-0.00103704	-0.00103704	162
0.275	-0.000583425	-0.000583425	-0.000583425	-0.000583425	181
0.276	0.000899346	0.000899346	0.000899346	0.000899346	153
0.277	-0.00075	-0.00075	-0.00075	-0.00075	160
0.278	0.00246013	0.00246013	0.00246013	0.00246013	153
0.279	0.000524138	0.000524138	0.000524138	0.000524138	145
0.28	-0.00262036	-0.00262036	-0.00262036	-0.00262036	167
0.281	0.0011012	0.0011012	0.0011012	0.0011012	166
0.282	-0.000675177	-0.000675177	-0.000675177	-0.000675177	141
0.283	0.000824324	0.000824324	0.000824324	0.000824324	148
0.284	-0.0025375	-0.0025375	-0.0025375	-0.0025375	160
0.285	-0.00120822	-0.00120822	-0.00120822	-0.00120822	146
0.286	0.000610778	0.000610778	0.000610778	0.000610778	167
0.287	-0.00126914	-0.00126914	-0.00126914	-0.00126914	162
0.288	0.000102632	0.000102632	0.000102632	0.000102632	152
0.289	-0.00217987	-0.00217987	-0.00217987	-0.00217987	149
0.29	0.00105455	0.00105455	0.00105455	0.00105455	154
0.291	0.000323404	0.000323404	0.000323404	0.000323404	141
0.292	-0.00313243	-0.00313243	-0.00313243	-0.00313243	148
0.293	0.00112471	0.00112471	0.00112471	0.00112471	170
0.294	-0.00165957	-0.00165957	-0.00165957	-0.00165957	141
0.295	0.000416107	0.000416107	0.000416107	0.000416107	149
0.296	0.00013913	0.00013913	0.00013913	0.00013913	161
0.297	0.000346667	0.000346667	0.000346667	0.000346667	165
0.298	-0.000952147	-0.000952147	-0.000952147	-0.000952147	163
0.299	0.000605797	0.000605797	0.000605797	0.000605797	138
0.3	0.00118639	0.00118639	0.00118639	0.00118639	147
0.301	-0.000112941	-0.000112941	-0.000112941	-0.000112941	170
0.302	0.00205241	0.00205241	0.00205241	0.00205241	145
0.303	0.00226752	0.00226752	0.00226752	0.00226752	157
0.304	0.00166753	0.00166753	0.00166753	0.00166753	154
0.305	-0.000179021	-0.000179021	-0.000179021	-0.000179021	143
0.306	0.00126774	0.00126774	0.00126774	0.00126774	124
0.307	-0.000818045	-0.000818045	-0.000818045	-0.000818045	133
0.308	-0.00116944	-0.00116944	-0.00116944	-0.00116944	144
0.309	-0.00107152	-0.00107152	-0.00107152	-0.00107152	165
0.31	-0.000591781	-0.000591781	-0.000591781	-0.000591781	146
0.311	0.0012065	0.0012065	0.0012065	0.0012065	123
0.312	0.00102222	0.00102222	0.00102222	0.00102222	144
0.313	0.00053245	0.00053245	0.00053245	0.00053245	151
0.314	-0.00118345	-0.00118345	-0.00118345	-0.00118345	145
0.315	-0.00159756	-0.00159756	-0.00159756	-0.00159756	164
0.316	0.0003	0.0003	0.0003	0.0003	136
0.317	8.05369e-06	8.05369e-06	8.05369e-06	8.05369e-06	149
0.318	2.41611e-05	2.41611e-05	2.41611e-05	2.41611e-05	149
0.319	0.00115263	0.00115263	0.00115263	0.00115263	152
0.32	-0.000150588	-0.000150588	-0.000150588	-0.000150588	170
0.321	-0.000518072	-0.000518072	-0.000518072	-0.000518072	166
0.322	0.00134133	0.00134133	0.00134133	0.00134133	150
0.323	-0.000219355	-0.000219355	-0.000219355	-0.000219355	155
0.324	-0.00171944	-0.00171944	-0.00171944	-0.00171944	144
0.325	-0.000307692	-0.000307692	-0.000307692	-0.000307692	130
0.326	0.000680272	0.000680272	0.000680272	0.000680272	147
0.327	-0.00082	-0.00082	-0.00082	-0.00082	120
0.328	-0.00122469	-0.00122469	-0.00122469	-0.00122469	162
0.329	-0.000102381	-0.000102381	-0.000102381	-0.000102381	168
0.33	-0.00252766	-0.00252766	-0.00252766	-0.00252766	141
0.331	-0.00128684	-0.00128684	-0.00128684	-0.00128684	152
0.332	-0.00234857	-0.00234857	-0.00234857	-0.00234857	140
0.333	-0.00134783	-0.00134783	-0.00134783	-0.00134783	138
0.334	-0.00262585	-0.00262585	-0.00262585	-0.00262585	147
0.335	-0.00220741	-0.00220741	-0.00220741	-0.00220741	162
0.336	-0.000528962	-0.000528962	-0.000528962	-0.000528962	183
0.337	-0.000383217	-0.000383217	-0.000383217	-0.000383217	143
0.338	0.000486567	0.000486567	0.000486567	0.000486567	134
0.339	-0.000577778	-0.000577778	-0.000577778	-0.000577778	153
0.34	-0.00176608	-0.00176608	-0.00176608	-0.00176608	171
0.341	0.00116491	0.00116491	0.00116491	0.00116491	171
0.342	-0.0011018	-0.0011018	-0.0011018	-0.0011018	167
0.343	-9.52381e-06	-9.52381e-06	-9.52381e-06	-9.52381e-06	168
0.344	0.00233239	0.00233239	0.00233239	0.00233239	142
0.345	0.00163377	0.00163377	0.00163377	0.00163377	154
0.346	0.000255696	0.000255696	0.000255696	0.000255696	158
0.347	-0.00114245	-0.00114245	-0.00114245	-0.00114245	139
0.348	0.0004975	0.0004975	0.0004975	0.0004975	160
0.349	0.00160714	0.00160714	0.00160714	0.00160714	168
0.35	0.00250294	0.00250294	0.00250294	0.00250294	136
0.351	0.00286015	0.00286015	0.00286015	0.00286015	133
0.352	0.00149404	0.00149404	0.00149404	0.00149404	151
0.353	0.000715789	0.000715789	0.000715789	0.000715789	133
0.354	0.000809023	0.000809023	0.000809023	0.000809023	133
0.355	-0.00142338	-0.00142338	-0.00142338	-0.00142338	154
0.356	-0.00011746	-0.00011746	-0.00011746	-0.00011746	126
0.357	-0.00232676	-0.00232676	-0.00232676	-0.00232676	142
0.358	-0.000509091	-0.000509091	-0.000509091	-0.000509091	154
0.359	0.000193939	0.000193939	0.000193939	0.000193939	132
0.36	0.0015976	0.0015976	0.0015976	0.0015976	167
0.361	7.83217e-05	7.83217e-05	7.83217e-05	7.83217e-05	143
0.362	0.00263529	0.00263529	0.00263529	0.00263529	136
0.363	0.00241013	0.00241013	0.00241013	0.00241013	158
0.364	0.00126621	0.00126621	0.00126621	0.00126621	145
0.365	0.00159205	0.00159205	0.00159205	0.00159205	151
0.366	0.00275455	0.00275455	0.00275455	0.00275455	132
0.367	0.00272483	0.00272483	0.00272483	0.00272483	149
0.368	0.0039641	0.0039641	0.0039641	0.0039641	156
0.369	0.00134658	0.00134658	0.00134658	0.00134658	161
0.37	-0.00256579	-0.00256579	-0.00256579	-0.00256579	152
0.371	-0.00072809	-0.00072809	-0.00072809	-0.00072809	178
0.372	0.000207634	0.000207634	0.000207634	0.000207634	131
0.373	0.000382857	0.000382857	0.000382857	0.000382857	140
0.374	-0.0022725	-0.0022725	-0.0022725	-0.0022725	160
0.375	-0.00123714	-0.00123714	-0.00123714	-0.00123714	140
0.376	-0.000111765	-0.000111765	-0.000111765	-0.000111765	136
0.377	-0.00185526	-0.00185526	-0.00185526	-0.00185526	152
0.378	0.000685714	0.000685714	0.000685714	0.000685714	147
0.379	-0.00015493	-0.00015493	-0.00015493	-0.00015493	142
0.38	-9.76378e-05	-9.76378e-05	-9.76378e-05	-9.76378e-05	127
0.381	0.0021635	0.0021635	0.0021635	0.0021635	137
0.382	9.51049e-05	9.51049e-05	9.51049e-05	9.51049e-05	143
0.383	0.000658647	0.000658647	0.000658647	0.000658647	133
0.384	0.000241558	0.000241558	0.000241558	0.000241558	154
0.385	0.000477612	0.000477612	0.000477612	0.000477612	134
0.386	0.000938095	0.000938095	0.000938095	0.000938095	168
0.387	0.000135172	0.000135172	0.000135172	0.000135172	145
0.388	-0.00109068	-0.00109068	-0.00109068	-0.00109068	161
0.389	-0.00065	-0.00065	-0.00065	-0.00065	160
0.39	0.00166897	0.00166897	0.00166897	0.00166897	145
0.391	0.000995973	0.000995973	0.000995973	0.000995973	149
0.392	-0.000690141	-0.000690141	-0.000690141	-0.000690141	142
0.393	-0.000981818	-0.000981818	-0.000981818	-0.000981818	176
0.394	-0.0008	-0.0008	-0.0008	-0.0008	150
0.395	-0.0011102	-0.0011102	-0.0011102	-0.0011102	147
0.396	0.000481529	0.000481529	0.000481529	0.000481529	157
0.397	0.00316478	0.00316478	0.00316478	0.00316478	159
0.398	0.0008	0.0008	0.0008	0.0008	158
0.399	0.000248175	0.000248175	0.000248175	0.000248175	137
0.4	0.00194023	0.00194023	0.00194023	0.00194023	174
0.401	-0.000308725	-0.000308725	-0.000308725	-0.000308725	149
0.402	0.0073635	0.0073635	0.0073635	0.0073635	137
0.403	0.00423899	0.00423899	0.00423899	0.00423899	159
0.404	0.00271942	0.00271942	0.00271942	0.00271942	139
0.405	0.00246525	0.00246525	0.00246525	0.00246525	141
0.406	0.0026806	0.0026806	0.0026806	0.0026806	134
0.407	0.0008	0.0008	0.0008	0.0008	136
0.408	0.00283359	0.00283359	0.00283359	0.00283359	131
0.409	0.00246612	0.00246612	0.00246612	0.00246612	121
0.41	0.00294194	0.00294194	0.00294194	0.00294194	155
0.411	0.00328308	0.00328308	0.00328308	0.00328308	130
0.412	0.00364409	0.00364409	0.00364409	0.00364409	127
0.413	-0.000321212	-0.000321212	-0.000321212	-0.000321212	132
0.414	-0.000638168	-0.000638168	-0.000638168	-0.000638168	131
0.415	0.0024292	0.0024292	0.0024292	0.0024292	137
0.416	0.000376238	0.000376238	0.000376238	0.000376238	101
0.417	0.00106099	0.00106099	0.00106099	0.00106099	141
0.418	0.000742857	0.000742857	0.000742857	0.000742857	119
0.419	0.00177838	0.00177838	0.00177838	0.00177838	148
0.42	0.00127179	0.00127179	0.00127179	0.00127179	156
0.421	0.00164341	0.00164341	0.00164341	0.00164341	129
0.422	0.000406452	0.000406452	0.000406452	0.000406452	124
0.423	0.000554037	0.000554037	0.000554037	0.000554037	161
0.424	-0.000484058	-0.000484058	-0.000484058	-0.000484058	138
0.425	-3.38462e-05	-3.38462e-05	-3.38462e-05	-3.38462e-05	130
0.426	-0.00144336	-0.00144336	-0.00144336	-0.00144336	143
0.427	-0.00236962	-0.00236962	-0.00236962	-0.00236962	158
0.428	-0.00101519	-0.00101519	-0.00101519	-0.00101519	158
0.429	-0.000871111	-0.000871111	-0.000871111	-0.000871111	180
0.43	-0.00225556	-0.00225556	-0.00225556	-0.00225556	180
0.431	0.000382822	0.000382822	0.000382822	0.000382822	163
0.432	0.00197233	0.00197233	0.00197233	0.00197233	159
0.433	0.00298519	0.00298519	0.00298519	0.00298519	162
0.434	0.00104818	0.00104818	0.00104818	0.00104818	137
0.435	0.00149333	0.00149333	0.00149333	0.00149333	150
0.436	0.00356056	0.00356056	0.00356056	0.00356056	142
0.437	0.00372893	0.00372893	0.00372893	0.00372893	121
0.438	0.00273803	0.00273803	0.00273803	0.00273803	142
0.439	0.00372214	0.00372214	0.00372214	0.00372214	131
0.44	0.00240548	0.00240548	0.00240548	0.00240548	146
0.441	0.000372881	0.000372881	0.000372881	0.000372881	118
0.442	0.0023646	0.0023646	0.0023646	0.0023646	113
0.443	-0.000907143	-0.000907143	-0.000907143	-0.000907143	112
0.444	0.00254648	0.00254648	0.00254648	0.00254648	142
0.445	0.00206	0.00206	0.00206	0.00206	140
0.446	-0.00108976	-0.00108976	-0.00108976	-0.00108976	127
0.447	0.000635294	0.000635294	0.000635294	0.000635294	136
0.448	0.00128	0.00128	0.00128	0.00128	135
0.449	-0.001752	-0.001752	-0.001752	-0.001752	150
0.45	0.00166412	0.00166412	0.00166412	0.00166412	131
0.451	0.00245638	0.00245638	0.00245638	0.00245638	149
0.452	-0.00199006	-0.00199006	-0.00199006	-0.00199006	161
0.453	0.000105785	0.000105785	0.000105785	0.000105785	121
0.454	0.000820126	0.000820126	0.000820126	0.000820126	159
0.455	-0.00203796	-0.00203796	-0.00203796	-0.00203796	137
0.456	0.00205315	0.00205315	0.00205315	0.00205315	143
0.457	-0.000148344	-0.000148344	-0.000148344	-0.000148344	151
0.458	-0.00152426	-0.00152426	-0.00152426	-0.00152426	169
0.459	0.00045641	0.00045641	0.00045641	0.00045641	156
0.46	-0.00164337	-0.00164337	-0.00164337	-0.00164337	166
0.461	0.000418792	0.000418792	0.000418792	0.000418792	149
0.462	-0.000700621	-0.000700621	-0.000700621	-0.000700621	161
0.463	5.44218e-06	5.44218e-06	5.44218e-06	5.44218e-06	147
0.464	-0.0013801	-0.0013801	-0.0013801	-0.0013801	191
0.465	-0.000301408	-0.000301408	-0.000301408	-0.000301408	142
0.466	0.0022069	0.0022069	0.0022069	0.0022069	116
0.467	6.77419e-05	6.77419e-05	6.77419e-05	6.77419e-05	124
0.468	-0.00100571	-0.00100571	-0.00100571	-0.00100571	140
0.469	-0.00103622	-0.00103622	-0.00103622	-0.00103622	127
0.47	-0.000270588	-0.000270588	-0.000270588	-0.000270588	136
0.471	0.000369863	0.000369863	0.000369863	0.000369863	146
0.472	-0.00109008	-0.00109008	-0.00109008	-0.00109008	131
0.473	-0.00460126	-0.00460126	-0.00460126	-0.00460126	159
0.474	-0.00150545	-0.00150545	-0.00150545	-0.00150545	165
0.475	-0.00224651	-0.00224651	-0.00224651	-0.00224651	172
0.476	-0.00244138	-0.00244138	-0.00244138	-0.00244138	174
0.477	-0.00180714	-0.00180714	-0.00180714	-0.00180714	168
0.478	-0.00150824	-0.00150824	-0.00150824	-0.00150824	170
0.479	0.000769863	0.000769863	0.000769863	0.000769863	146
0.48	-0.00266587	-0.00266587	-0.00266587	-0.00266587	167
0.481	-0.00198272	-0.00198272	-0.00198272	-0.00198272	162
0.482	-0.00213008	-0.00213008	-0.00213008	-0.00213008	123
0.483	-4.63415e-05	-4.63415e-05	-4.63415e-05	-4.63415e-05	164
0.484	0.00141714	0.00141714	0.00141714	0.00141714	140
0.485	0.000416552	0.000416552	0.000416552	0.000416552	145
0.486	0.000694737	0.000694737	0.000694737	0.000694737	152
0.487	-0.00148571	-0.00148571	-0.00148571	-0.00148571	175
0.488	-0.000580556	-0.000580556	-0.000580556	-0.000580556	144
0.489	0.0018797	0.0018797	0.0018797	0.0018797	133
0.49	0.00159155	0.00159155	0.00159155	0.00159155	142
0.491	0.00145455	0.00145455	0.00145455	0.00145455	132
0.492	0.0010592	0.0010592	0.0010592	0.0010592	125
0.493	0.000759124	0.000759124	0.000759124	0.000759124	137
0.494	-0.00210314	-0.00210314	-0.00210314	-0.00210314	159
0.495	0.000769811	0.000769811	0.000769811	0.000769811	106
0.496	0.00287442	0.00287442	0.00287442	0.00287442	129
0.497	-0.000444156	-0.000444156	-0.000444156	-0.000444156	154
0.498	0.001935	0.001935	0.001935	0.001935	160
0.499	0.000935211	0.000935211	0.000935211	0.000935211	142
0.5	0.00151847	0.00151847	0.00151847	0.00151847	157
0.501	-0.00014026	-0.00014026	-0.00014026	-0.00014026	154
0.502	0.00401481	0.00401481	0.00401481	0.00401481	162
0.503	0.00549	0.00549	0.00549	0.00549	160
0.504	0.00140408	0.00140408	0.00140408	0.00140408	147
0.505	4.11765e-05	4.11765e-05	4.11765e-05	4.11765e-05	136
0.506	0.000695385	0.000695385	0.000695385	0.000695385	130
0.507	0.000101961	0.000101961	0.000101961	0.000101961	153
0.508	-0.000829448	-0.000829448	-0.000829448	-0.000829448	163
0.509	0.00067619	0.00067619	0.00067619	0.00067619	126
0.51	0.00062695	0.00062695	0.00062695	0.00062695	141
0.511	0.00151489	0.00151489	0.00151489	0.00151489	141
0.512	0.00300763	0.00300763	0.00300763	0.00300763	131
0.513	-0.000884553	-0.000884553	-0.000884553	-0.000884553	123
0.514	0.000215385	0.000215385	0.000215385	0.000215385	156
0.515	0.00123879	0.00123879	0.00123879	0.00123879	165
0.516	-0.000609524	-0.000609524	-0.000609524	-0.000609524	126
0.517	0.00127089	0.00127089	0.00127089	0.00127089	158
0.518	-0.000609524	-0.000609524	-0.000609524	-0.000609524	126
0.519	0.00167941	0.00167941	0.00167941	0.00167941	136
0.52	-1.51899e-05	-1.51899e-05	-1.51899e-05	-1.51899e-05	158
0.521	-0.00322443	-0.00322443	-0.00322443	-0.00322443	131
0.522	0.000738235	0.000738235	0.000738235	0.000738235	136
0.523	0.00103696	0.00103696	0.00103696	0.00103696	184
0.524	-0.000678261	-0.000678261	-0.000678261	-0.000678261	161
0.525	-0.00195065	-0.00195065	-0.00195065	-0.00195065	154
0.526	-0.00224364	-0.00224364	-0.00224364	-0.00224364	110
0.527	-0.00155152	-0.00155152	-0.00155152	-0.00155152	132
0.528	0.0013425	0.0013425	0.0013425	0.0013425	160
0.529	-0.000991176	-0.000991176	-0.000991176	-0.000991176	136
0.53	0.00151351	0.00151351	0.00151351	0.00151351	148
0.531	0.00250667	0.00250667	0.00250667	0.00250667	150
0.532	0.00216721	0.00216721	0.00216721	0.00216721	122
0.533	0.00330068	0.00330068	0.00330068	0.00330068	147
0.534	0.00187042	0.00187042	0.00187042	0.00187042	142
0.535	-0.00180787	-0.00180787	-0.00180787	-0.00180787	127
0.536	-0.000322759	-0.000322759	-0.000322759	-0.000322759	145
0.537	-0.00291966	-0.00291966	-0.00291966	-0.00291966	117
0.538	-0.00281322	-0.00281322	-0.00281322	-0.00281322	121
0.539	-0.000104	-0.000104	-0.000104	-0.000104	150
0.54	-0.00100144	-0.00100144	-0.00100144	-0.00100144	139
0.541	-0.000327273	-0.000327273	-0.000327273	-0.000327273	165
0.542	-0.00161418	-0.00161418	-0.00161418	-0.00161418	141
0.543	0.000147368	0.000147368	0.000147368	0.000147368	152
0.544	0.00291971	0.00291971	0.00291971	0.00291971	137
0.545	0.000133333	0.000133333	0.000133333	0.000133333	120
0.546	0.00235692	0.00235692	0.00235692	0.00235692	130
0.547	0.00342903	0.00342903	0.00342903	0.00342903	124
0.548	0.00290667	0.00290667	0.00290667	0.00290667	135
0.549	0.00262571	0.00262571	0.00262571	0.00262571	140
0.55	5.45455e-05	5.45455e-05	5.45455e-05	5.45455e-05	154
0.551	0.000868085	0.000868085	0.000868085	0.000868085	141
0.552	-6.2585e-05	-6.2585e-05	-6.2585e-05	-6.2585e-05	147
0.553	0.00162941	0.00162941	0.00162941	0.00162941	136
0.554	0.000787097	0.000787097	0.000787097	0.000787097	155
0.555	-0.0022094	-0.0022094	-0.0022094	-0.0022094	149
0.556	0.00060979	0.00060979	0.00060979	0.00060979	143
0.557	-0.00169925	-0.00169925	-0.00169925	-0.00169925	133
0.558	-0.000606061	-0.000606061	-0.000606061	-0.000606061	132
0.559	-0.00224918	-0.00224918	-0.00224918	-0.00224918	122
0.56	0.00118473	0.00118473	0.00118473	0.00118473	131
0.561	0.00306129	0.00306129	0.00306129	0.00306129	124
0.562	-0.00133214	-0.00133214	-0.00133214	-0.00133214	112
0.563	-0.00119333	-0.00119333	-0.00119333	-0.00119333	120
0.564	-0.000418605	-0.000418605	-0.000418605	-0.000418605	129
0.565	-0.00137364	-0.00137364	-0.00137364	-0.00137364	129
0.566	-3.30579e-05	-3.30579e-05	-3.30579e-05	-3.30579e-05	121
0.567	0.00155738	0.00155738	0.00155738	0.00155738	122
0.568	0.000958621	0.000958621	0.000958621	0.000958621	116
0.569	0.000976224	0.000976224	0.000976224	0.000976224	143
0.57	-0.0019942	-0.0019942	-0.0019942	-0.0019942	138
0.571	-0.00156986	-0.00156986	-0.00156986	-0.00156986	146
0.572	-0.000672109	-0.000672109	-0.000672109	-0.000672109	147
0.573	0.000363889	0.000363889	0.000363889	0.000363889	144
0.574	-0.000164516	-0.000164516	-0.000164516	-0.000164516	124
0.575	0.00150924	0.00150924	0.00150924	0.00150924	119
0.576	0.000601653	0.000601653	0.000601653	0.000601653	121
0.577	-1.71429e-05	-1.71429e-05	-1.71429e-05	-1.71429e-05	140
0.578	-9.19255e-05	-9.19255e-05	-9.19255e-05	-9.19255e-05	161
0.579	0.0011634	0.0011634	0.0011634	0.0011634	153
0.58	-0.00187302	-0.00187302	-0.00187302	-0.00187302	126
0.581	-0.00228732	-0.00228732	-0.00228732	-0.00228732	142
0.582	-0.00227451	-0.00227451	-0.00227451	-0.00227451	153
0.583	0.000593548	0.000593548	0.000593548	0.000593548	155
0.584	0.00160784	0.00160784	0.00160784	0.00160784	153
0.585	-0.000905263	-0.000905263	-0.000905263	-0.000905263	152
0.586	-0.00200663	-0.00200663	-0.00200663	-0.00200663	181
0.587	-0.00111026	-0.00111026	-0.00111026	-0.00111026	156
0.588	-0.000895597	-0.000895597	-0.000895597	-0.000895597	159
0.589	0.0013557	0.0013557	0.0013557	0.0013557	149
0.59	0.00108889	0.00108889	0.00108889	0.00108889	144
0.591	-0.00145882	-0.00145882	-0.00145882	-0.00145882	136
0.592	-0.00274043	-0.00274043	-0.00274043	-0.00274043	141
0.593	0.000102703	0.000102703	0.000102703	0.000102703	148
0.594	-0.00153333	-0.00153333	-0.00153333	-0.00153333	132
0.595	0.00136267	0.00136267	0.00136267	0.00136267	150
0.596	0.00204706	0.00204706	0.00204706	0.00204706	136
0.597	-0.000570992	-0.000570992	-0.000570992	-0.000570992	131
0.598	-0.00133846	-0.00133846	-0.00133846	-0.00133846	130
0.599	-0.000786301	-0.000786301	-0.000786301	-0.000786301	146
0.6	-0.000752239	-0.000752239	-0.000752239	-0.000752239	134
0.601	-0.0023845	-0.0023845	-0.0023845	-0.0023845	129
0.602	-0.000786207	-0.000786207	-0.000786207	-0.000786207	145
0.603	-0.00241739	-0.00241739	-0.00241739	-0.00241739	138
0.604	-0.0015234	-0.0015234	-0.0015234	-0.0015234	141
0.605	-0.00248852	-0.00248852	-0.00248852	-0.00248852	122
0.606	-0.000537705	-0.000537705	-0.000537705	-0.000537705	122
0.607	-0.000677419	-0.000677419	-0.000677419	-0.000677419	124
0.608	-0.000390323	-0.000390323	-0.000390323	-0.000390323	124
0.609	-0.00259415	-0.00259415	-0.00259415	-0.00259415	171
0.61	-0.000552113	-0.000552113	-0.000552113	-0.000552113	142
0.611	-0.00133239	-0.00133239	-0.00133239	-0.00133239	142
0.612	-0.00227536	-0.00227536	-0.00227536	-0.00227536	138
0.613	-0.00338	-0.00338	-0.00338	-0.00338	140
0.614	-0.00183724	-0.00183724	-0.00183724	-0.00183724	145
0.615	-0.000727273	-0.000727273	-0.000727273	-0.000727273	132
0.616	0.00067563	0.00067563	0.00067563	0.00067563	119
0.617	0.000987826	0.000987826	0.000987826	0.000987826	115
0.618	0.000367213	0.000367213	0.000367213	0.000367213	122
0.619	0.000302439	0.000302439	0.000302439	0.000302439	123
0.62	0.000643636	0.000643636	0.000643636	0.000643636	110
0.621	0.00215935	0.00215935	0.00215935	0.00215935	123
0.622	-0.000703268	-0.000703268	-0.000703268	-0.000703268	153
0.623	0.000448408	0.000448408	0.000448408	0.000448408	157
0.624	0.0018275	0.0018275	0.0018275	0.0018275	160
0.625	-0.00157436	-0.00157436	-0.00157436	-0.00157436	156
0.626	-0.0016044	-0.0016044	-0.0016044	-0.0016044	182
0.627	-0.00211489	-0.00211489	-0.00211489	-0.00211489	188
0.628	-0.000513158	-0.000513158	-0.000513158	-0.000513158	152
0.629	-0.00178759	-0.00178759	-0.00178759	-0.00178759	145
0.63	-0.000397436	-0.000397436	-0.000397436	-0.000397436	156
0.631	-0.00230365	-0.00230365	-0.00230365	-0.00230365	137
0.632	-0.001555	-0.001555	-0.001555	-0.001555	160
0.633	-0.00172222	-0.00172222	-0.00172222	-0.00172222	144
0.634	0.0018	0.0018	0.0018	0.0018	164
0.635	-0.00203125	-0.00203125	-0.00203125	-0.00203125	128
0.636	0.00288855	0.00288855	0.00288855	0.00288855	131
0.637	0.00147673	0.00147673	0.00147673	0.00147673	159
0.638	0.0013457	0.0013457	0.0013457	0.0013457	151
0.639	-0.00161006	-0.00161006	-0.00161006	-0.00161006	159
0.64	-9.62406e-05	-9.62406e-05	-9.62406e-05	-9.62406e-05	133
0.641	-0.00131095	-0.00131095	-0.00131095	-0.00131095	137
0.642	0.000456774	0.000456774	0.000456774	0.000456774	155
0.643	0.000783893	0.000783893	0.000783893	0.000783893	149
0.644	-0.00253605	-0.00253605	-0.00253605	-0.00253605	147
0.645	-0.00122188	-0.00122188	-0.00122188	-0.00122188	128
0.646	0.00266074	0.00266074	0.00266074	0.00266074	135
0.647	-0.000465041	-0.000465041	-0.000465041	-0.000465041	123
0.648	0.000931613	0.000931613	0.000931613	0.000931613	155
0.649	0.00196596	0.00196596	0.00196596	0.00196596	141
0.65	0.000573529	0.000573529	0.000573529	0.000573529	136
0.651	0.00108188	0.00108188	0.00108188	0.00108188	149
0.652	0.000197436	0.000197436	0.000197436	0.000197436	156
0.653	0.00036	0.00036	0.00036	0.00036	140
0.654	-0.000529577	-0.000529577	-0.000529577	-0.000529577	142
0.655	-0.00179494	-0.00179494	-0.00179494	-0.00179494	158
0.656	-0.000901961	-0.000901961	-0.000901961	-0.000901961	153
0.657	0.00042449	0.00042449	0.00042449	0.00042449	147
0.658	0.00137175	0.00137175	0.00137175	0.00137175	177
0.659	0.000102732	0.000102732	0.000102732	0.000102732	183
0.66	0.00163537	0.00163537	0.00163537	0.00163537	147
0.661	0.00113425	0.00113425	0.00113425	0.00113425	146
0.662	0.0012929	0.0012929	0.0012929	0.0012929	155
0.663	0.00203444	0.00203444	0.00203444	0.00203444	151
0.664	0.00358209	0.00358209	0.00358209	0.00358209	134
0.665	-0.000647887	-0.000647887	-0.000647887	-0.000647887	142
0.666	-0.000548428	-0.000548428	-0.000548428	-0.000548428	159
0.667	-0.00119752	-0.00119752	-0.00119752	-0.00119752	161
0.668	-0.000869677	-0.000869677	-0.000869677	-0.000869677	155
0.669	-0.00126512	-0.00126512	-0.00126512	-0.00126512	129
0.67	-0.00206842	-0.00206842	-0.00206842	-0.00206842	152
0.671	-0.00127812	-0.00127812	-0.00127812	-0.00127812	128
0.672	-0.000302098	-0.000302098	-0.000302098	-0.000302098	143
0.673	0.000533333	0.000533333	0.000533333	0.000533333	141
0.674	-0.000241611	-0.000241611	-0.000241611	-0.000241611	149
0.675	-0.00226569	-0.00226569	-0.00226569	-0.00226569	137
0.676	-0.00192516	-0.00192516	-0.00192516	-0.00192516	155
0.677	-0.000385629	-0.000385629	-0.000385629	-0.000385629	167
0.678	0.00130685	0.00130685	0.00130685	0.00130685	146
0.679	-0.002095	-0.002095	-0.002095	-0.002095	160
0.68	-0.00197257	-0.00197257	-0.00197257	-0.00197257	175
0.681	-0.00141401	-0.00141401	-0.00141401	-0.00141401	157
0.682	0.000421918	0.000421918	0.000421918	0.000421918	146
0.683	-0.00193659	-0.00193659	-0.00193659	-0.00193659	164
0.684	0.000933333	0.000933333	0.000933333	0.000933333	156
0.685	0.00133784	0.00133784	0.00133784	0.00133784	148
0.686	0.000585714	0.000585714	0.000585714	0.000585714	168
0.687	0.000173793	0.000173793	0.000173793	0.000173793	145
0.688	-0.000489172	-0.000489172	-0.000489172	-0.000489172	157
0.689	-0.000220339	-0.000220339	-0.000220339	-0.000220339	118
0.69	-0.00233846	-0.00233846	-0.00233846	-0.00233846	130
0.691	0.00139007	0.00139007	0.00139007	0.00139007	141
0.692	-5.75758e-05	-5.75758e-05	-5.75758e-05	-5.75758e-05	132
0.693	0.000132374	0.000132374	0.000132374	0.000132374	139
0.694	-0.00302519	-0.00302519	-0.00302519	-0.00302519	135
0.695	0.00186667	0.00186667	0.00186667	0.00186667	150
0.696	0.00210435	0.00210435	0.00210435	0.00210435	138
0.697	0.00140763	0.00140763	0.00140763	0.00140763	131
0.698	0.0025575	0.0025575	0.0025575	0.0025575	160
0.699	0.00058	0.00058	0.00058	0.00058	140
0.7	0.000551515	0.000551515	0.000551515	0.000551515	132
0.701	0.0023697	0.0023697	0.0023697	0.0023697	132
0.702	0.00100645	0.00100645	0.00100645	0.00100645	124
0.703	0.00223175	0.00223175	0.00223175	0.00223175	126
0.704	0.00532055	0.00532055	0.00532055	0.00532055	146
0.705	0.00320256	0.00320256	0.00320256	0.00320256	156
0.706	0.00165301	0.00165301	0.00165301	0.00165301	166
0.707	0.00145157	0.00145157	0.00145157	0.00145157	159
0.708	0.00197447	0.00197447	0.00197447	0.00197447	141
0.709	0.000935714	0.000935714	0.000935714	0.000935714	168
0.71	0.00170588	0.00170588	0.00170588	0.00170588	170
0.711	0.00193684	0.00193684	0.00193684	0.00193684	152
0.712	-0.00159497	-0.00159497	-0.00159497	-0.00159497	159
0.713	0.00130759	0.00130759	0.00130759	0.00130759	145
0.714	-0.00194161	-0.00194161	-0.00194161	-0.00194161	137
0.715	-4.77987e-05	-4.77987e-05	-4.77987e-05	-4.77987e-05	159
0.716	-0.000659649	-0.000659649	-0.000659649	-0.000659649	171
0.717	0.000541463	0.000541463	0.000541463	0.000541463	164
0.718	0.000542857	0.000542857	0.000542857	0.000542857	154
0.719	0.000843077	0.000843077	0.000843077	0.000843077	130
0.72	0.000523741	0.000523741	0.000523741	0.000523741	139
0.721	-0.00126126	-0.00126126	-0.00126126	-0.00126126	111
0.722	0.000121212	0.000121212	0.000121212	0.000121212	99
0.723	-0.000145714	-0.000145714	-0.000145714	-0.000145714	140
0.724	-0.00157293	-0.00157293	-0.00157293	-0.00157293	133
0.725	0.00236433	0.00236433	0.00236433	0.00236433	157
0.726	-0.000275969	-0.000275969	-0.000275969	-0.000275969	129
0.727	0.00224161	0.00224161	0.00224161	0.00224161	149
0.728	-0.000715646	-0.000715646	-0.000715646	-0.000715646	147
0.729	-0.000858667	-0.000858667	-0.000858667	-0.000858667	150
0.73	0.00100294	0.00100294	0.00100294	0.00100294	136
0.731	-0.000188387	-0.000188387	-0.000188387	-0.000188387	155
0.732	-0.000779085	-0.000779085	-0.000779085	-0.000779085	153
0.733	-0.000677124	-0.000677124	-0.000677124	-0.000677124	153
0.734	-0.00258	-0.00258	-0.00258	-0.00258	160
0.735	-0.00129128	-0.00129128	-0.00129128	-0.00129128	149
0.736	-0.00115484	-0.00115484	-0.00115484	-0.00115484	124
0.737	-0.000198742	-0.000198742	-0.000198742	-0.000198742	159
0.738	-0.000586243	-0.000586243	-0.000586243	-0.000586243	189
0.739	-0.00181243	-0.00181243	-0.00181243	-0.00181243	177
0.74	0.000252121	0.000252121	0.000252121	0.000252121	165
0.741	-0.000532468	-0.000532468	-0.000532468	-0.000532468	154
0.742	-0.00103284	-0.00103284	-0.00103284	-0.00103284	134
0.743	0.000609524	0.000609524	0.000609524	0.000609524	168
0.744	-0.00103377	-0.00103377	-0.00103377	-0.00103377	154
0.745	-0.000264242	-0.000264242	-0.000264242	-0.000264242	165
0.746	-0.00113766	-0.00113766	-0.00113766	-0.00113766	154
0.747	-0.000785	-0.000785	-0.000785	-0.000785	160
0.748	-0.00268	-0.00268	-0.00268	-0.00268	140
0.749	-0.00145344	-0.00145344	-0.00145344	-0.00145344	131
0.75	0.000134228	0.000134228	0.000134228	0.000134228	149
0.751	0.000666667	0.000666667	0.000666667	0.000666667	132
0.752	0.000330303	0.000330303	0.000330303	0.000330303	132
0.753	-0.000618182	-0.000618182	-0.000618182	-0.000618182	110
0.754	-0.00200851	-0.00200851	-0.00200851	-0.00200851	141
0.755	0.000316547	0.000316547	0.000316547	0.000316547	139
0.756	-0.000122835	-0.000122835	-0.000122835	-0.000122835	127
0.757	-0.000347692	-0.000347692	-0.000347692	-0.000347692	130
0.758	0.000491525	0.000491525	0.000491525	0.000491525	118
0.759	3.33333e-06	3.33333e-06	3.33333e-06	3.33333e-06	120
0.76	0.000570588	0.000570588	0.000570588	0.000570588	136
0.761	0.000480576	0.000480576	0.000480576	0.000480576	139
0.762	-0.000264706	-0.000264706	-0.000264706	-0.000264706	136
0.763	-0.000211765	-0.000211765	-0.000211765	-0.000211765	153
0.764	0.000486567	0.000486567	0.000486567	0.000486567	134
0.765	-0.000345714	-0.000345714	-0.000345714	-0.000345714	140
0.766	0.00132533	0.00132533	0.00132533	0.00132533	150
0.767	-0.000521127	-0.000521127	-0.000521127	-0.000521127	142
0.768	-0.000265517	-0.000265517	-0.000265517	-0.000265517	116
0.769	-0.00206107	-0.00206107	-0.00206107	-0.00206107	131
0.77	-0.00049697	-0.00049697	-0.00049697	-0.00049697	132
0.771	-0.00115229	-0.00115229	-0.00115229	-0.00115229	109
0.772	-0.00236812	-0.00236812	-0.00236812	-0.00236812	138
0.773	-0.00141417	-0.00141417	-0.00141417	-0.00141417	127
0.774	-0.00233719	-0.00233719	-0.00233719	-0.00233719	121
0.775	-0.00342385	-0.00342385	-0.00342385	-0.00342385	109
0.776	-0.00051134	-0.00051134	-0.00051134	-0.00051134	97
0.777	0.000961832	0.000961832	0.000961832	0.000961832	131
0.778	-0.00224234	-0.00224234	-0.00224234	-0.00224234	137
0.779	-0.000704478	-0.000704478	-0.000704478	-0.000704478	134
0.78	-0.00176276	-0.00176276	-0.00176276	-0.00176276	145
0.781	-0.000428986	-0.000428986	-0.000428986	-0.000428986	138
0.782	0.000256954	0.000256954	0.000256954	0.000256954	151
0.783	-0.00271888	-0.00271888	-0.00271888	-0.00271888	143
0.784	-0.00316364	-0.00316364	-0.00316364	-0.00316364	154
0.785	-0.00298503	-0.00298503	-0.00298503	-0.00298503	147
0.786	-0.0031976	-0.0031976	-0.0031976	-0.0031976	167
0.787	-0.000986861	-0.000986861	-0.000986861	-0.000986861	137
0.788	-0.00122647	-0.00122647	-0.00122647	-0.00122647	136
0.789	-0.000927059	-0.000927059	-0.000927059	-0.000927059	170
0.79	-0.00235068	-0.00235068	-0.00235068	-0.00235068	146
0.791	-0.00259108	-0.00259108	-0.00259108	-0.00259108	157
0.792	0.00160876	0.00160876	0.00160876	0.00160876	137
0.793	-0.000802778	-0.000802778	-0.000802778	-0.000802778	144
0.794	-0.000227848	-0.000227848	-0.000227848	-0.000227848	158
0.795	0.000415152	0.000415152	0.000415152	0.000415152	132
0.796	0.002264	0.002264	0.002264	0.002264	150
0.797	0.00297572	0.00297572	0.00297572	0.00297572	173
0.798	0.0026649	0.0026649	0.0026649	0.0026649	151
0.799	0.000793985	0.000793985	0.000793985	0.000793985	133
0.8	0.00166944	0.00166944	0.00166944	0.00166944	144
0.801	-0.000630872	-0.000630872	-0.000630872	-0.000630872	149
0.802	0.00267636	0.00267636	0.00267636	0.00267636	165
0.803	-0.00093012	-0.00093012	-0.00093012	-0.00093012	166
0.804	0.00074359	0.00074359	0.00074359	0.00074359	156
0.805	-0.00193987	-0.00193987	-0.00193987	-0.00193987	153
0.806	0.000183333	0.000183333	0.000183333	0.000183333	144
0.807	0.000512281	0.000512281	0.000512281	0.000512281	114
0.808	0.000665649	0.000665649	0.000665649	0.000665649	131
0.809	-0.00184132	-0.00184132	-0.00184132	-0.00184132	121
0.81	0.00176901	0.00176901	0.00176901	0.00176901	142
0.811	0.000288722	0.000288722	0.000288722	0.000288722	133
0.812	0.000215873	0.000215873	0.000215873	0.000215873	126
0.813	-0.000164179	-0.000164179	-0.000164179	-0.000164179	134
0.814	0.000997297	0.000997297	0.000997297	0.000997297	148
0.815	0.000368627	0.000368627	0.000368627	0.000368627	153
0.816	-0.00064	-0.00064	-0.00064	-0.00064	165
0.817	-0.000349701	-0.000349701	-0.000349701	-0.000349701	167
0.818	-0.00230769	-0.00230769	-0.00230769	-0.00230769	169
0.819	-0.000657343	-0.000657343	-0.000657343	-0.000657343	143
0.82	-0.0013095	-0.0013095	-0.0013095	-0.0013095	179
0.821	-0.00118554	-0.00118554	-0.00118554	-0.00118554	166
0.822	-0.000822535	-0.000822535	-0.000822535	-0.000822535	142
0.823	0.000315385	0.000315385	0.000315385	0.000315385	156
0.824	-0.000940881	-0.000940881	-0.000940881	-0.000940881	159
0.825	-0.00255556	-0.00255556	-0.00255556	-0.00255556	144
0.826	-0.00237551	-0.00237551	-0.00237551	-0.00237551	147
0.827	0.000736691	0.000736691	0.000736691	0.000736691	139
0.828	-0.0005408	-0.0005408	-0.0005408	-0.0005408	125
0.829	-0.000231933	-0.000231933	-0.000231933	-0.000231933	119
0.83	-0.000487671	-0.000487671	-0.000487671	-0.000487671	146
0.831	-0.00198519	-0.00198519	-0.00198519	-0.00198519	162
0.832	-0.0021958	-0.0021958	-0.0021958	-0.0021958	143
0.833	-0.00022585	-0.00022585	-0.00022585	-0.00022585	147
0.834	-0.000808889	-0.000808889	-0.000808889	-0.000808889	135
0.835	-0.000311111	-0.000311111	-0.000311111	-0.000311111	144
0.836	-0.000561765	-0.000561765	-0.000561765	-0.000561765	136
0.837	-0.00218231	-0.00218231	-0.00218231	-0.00218231	147
0.838	-0.00282667	-0.00282667	-0.00282667	-0.00282667	150
0.839	0.000137662	0.000137662	0.000137662	0.000137662	154
0.84	0.000613699	0.000613699	0.000613699	0.000613699	146
0.841	-0.000765714	-0.000765714	-0.000765714	-0.000765714	140
0.842	-0.000541333	-0.000541333	-0.000541333	-0.000541333	150
0.843	-0.000486076	-0.000486076	-0.000486076	-0.000486076	158
0.844	0.000563158	0.000563158	0.000563158	0.000563158	152
0.845	0.00212464	0.00212464	0.00212464	0.00212464	138
0.846	0.000252941	0.000252941	0.000252941	0.000252941	136
0.847	0.00317647	0.00317647	0.00317647	0.00317647	136
0.848	0.00273418	0.00273418	0.00273418	0.00273418	158
0.849	-0.000447222	-0.000447222	-0.000447222	-0.000447222	144
0.85	0.00230137	0.00230137	0.00230137	0.00230137	146
0.851	0.00172579	0.00172579	0.00172579	0.00172579	159
0.852	0.00403953	0.00403953	0.00403953	0.00403953	172
0.853	0.00052093	0.00052093	0.00052093	0.00052093	172
0.854	0.00324557	0.00324557	0.00324557	0.00324557	158
0.855	0.000309756	0.000309756	0.000309756	0.000309756	164
0.856	0.000868712	0.000868712	0.000868712	0.000868712	163
0.857	-0.0014701	-0.0014701	-0.0014701	-0.0014701	194
0.858	0.000575	0.000575	0.000575	0.000575	160
0.859	0.00115065	0.00115065	0.00115065	0.00115065	154
0.86	-0.00180308	-0.00180308	-0.00180308	-0.00180308	130
0.861	-0.00248052	-0.00248052	-0.00248052	-0.00248052	154
0.862	-0.0022156	-0.0022156	-0.0022156	-0.0022156	141
0.863	-0.00152752	-0.00152752	-0.00152752	-0.00152752	149
0.864	0.000888073	0.000888073	0.000888073	0.000888073	109
0.865	0.000708397	0.000708397	0.000708397	0.000708397	131
0.866	6.57534e-05	6.57534e-05	6.57534e-05	6.57534e-05	146
0.867	-0.00218554	-0.00218554	-0.00218554	-0.00218554	166
0.868	0.000776774	0.000776774	0.000776774	0.000776774	155
0.869	-2.7972e-06	-2.7972e-06	-2.7972e-06	-2.7972e-06	143
0.87	0.00180699	0.00180699	0.00180699	0.00180699	143
0.871	-0.00129394	-0.00129394	-0.00129394	-0.00129394	132
0.872	-0.0019125	-0.0019125	-0.0019125	-0.0019125	160
0.873	-0.00184691	-0.00184691	-0.00184691	-0.00184691	162
0.874	-0.000679245	-0.000679245	-0.000679245	-0.000679245	159
0.875	-0.000673684	-0.000673684	-0.000673684	-0.000673684	133
0.876	-0.00099085	-0.00099085	-0.00099085	-0.00099085	153
0.877	-0.000211594	-0.000211594	-0.000211594	-0.000211594	138
0.878	-0.00174444	-0.00174444	-0.00174444	-0.00174444	144
0.879	-0.00119752	-0.00119752	-0.00119752	-0.00119752	161
0.88	9.4964e-05	9.4964e-05	9.4964e-05	9.4964e-05	139
0.881	-0.00084	-0.00084	-0.00084	-0.00084	130
0.882	-0.000543662	-0.000543662	-0.000543662	-0.000543662	142
0.883	0.0009344	0.0009344	0.0009344	0.0009344	125
0.884	0.00037047	0.00037047	0.00037047	0.00037047	149
0.885	0.00126043	0.00126043	0.00126043	0.00126043	139
0.886	0.00102857	0.00102857	0.00102857	0.00102857	112
0.887	0.00227143	0.00227143	0.00227143	0.00227143	140
0.888	0.00513821	0.00513821	0.00513821	0.00513821	123
0.889	0.00281958	0.00281958	0.00281958	0.00281958	143
0.89	-0.00105197	-0.00105197	-0.00105197	-0.00105197	127
0.891	0.00111818	0.00111818	0.00111818	0.00111818	132
0.892	0.00197895	0.00197895	0.00197895	0.00197895	114
0.893	0.00343103	0.00343103	0.00343103	0.00343103	116
0.894	0.00291852	0.00291852	0.00291852	0.00291852	108
0.895	0.00230462	0.00230462	0.00230462	0.00230462	130
0.896	-0.00108627	-0.00108627	-0.00108627	-0.00108627	102
0.897	0.0010381	0.0010381	0.0010381	0.0010381	126
0.898	0.00179504	0.00179504	0.00179504	0.00179504	121
0.899	-0.00110746	-0.00110746	-0.00110746	-0.00110746	134
0.9	-0.000994286	-0.000994286	-0.000994286	-0.000994286	140
0.901	-0.000545455	-0.000545455	-0.000545455	-0.000545455	132
0.902	-0.00120992	-0.00120992	-0.00120992	-0.00120992	121
0.903	-0.00064	-0.00064	-0.00064	-0.00064	155
0.904	-0.00229041	-0.00229041	-0.00229041	-0.00229041	146
0.905	-0.000908571	-0.000908571	-0.000908571	-0.000908571	140
0.906	-0.000183206	-0.000183206	-0.000183206	-0.000183206	131
0.907	-0.000284848	-0.000284848	-0.000284848	-0.000284848	132
0.908	-0.00119456	-0.00119456	-0.00119456	-0.00119456	147
0.909	0.00104444	0.00104444	0.00104444	0.00104444	126
0.91	-0.000669504	-0.000669504	-0.000669504	-0.000669504	141
0.911	-0.00160615	-0.00160615	-0.00160615	-0.00160615	130
0.912	-0.00211429	-0.00211429	-0.00211429	-0.00211429	133
0.913	-0.00218129	-0.00218129	-0.00218129	-0.00218129	139
0.914	-0.000619672	-0.000619672	-0.000619672	-0.000619672	122
0.915	-0.00184	-0.00184	-0.00184	-0.00184	105
0.916	-0.0003	-0.0003	-0.0003	-0.0003	128
0.917	-0.00294017	-0.00294017	-0.00294017	-0.00294017	117
0.918	-0.00225481	-0.00225481	-0.00225481	-0.00225481	135
0.919	0.000715232	0.000715232	0.000715232	0.000715232	151
0.92	0.000614765	0.000614765	0.000614765	0.000614765	149
0.921	0.000328358	0.000328358	0.000328358	0.000328358	134
0.922	0.00138551	0.00138551	0.00138551	0.00138551	138
0.923	-0.000316981	-0.000316981	-0.000316981	-0.000316981	106
0.924	0.000972263	0.000972263	0.000972263	0.000972263	137
0.925	0.00121301	0.00121301	0.00121301	0.00121301	123
0.926	-0.00110741	-0.00110741	-0.00110741	-0.00110741	108
0.927	0.0031942	0.0031942	0.0031942	0.0031942	138
0.928	0.00634154	0.00634154	0.00634154	0.00634154	130
0.929	0.00234375	0.00234375	0.00234375	0.00234375	128
0.93	-0.00186667	-0.00186667	-0.00186667	-0.00186667	153
0.931	-0.00151429	-0.00151429	-0.00151429	-0.00151429	126
0.932	-0.00163636	-0.00163636	-0.00163636	-0.00163636	143
0.933	-0.00213775	-0.00213775	-0.00213775	-0.00213775	151
0.934	0.0015874	0.0015874	0.0015874	0.0015874	127
0.935	0.000237681	0.000237681	0.000237681	0.000237681	138
0.936	0.00166944	0.00166944	0.00166944	0.00166944	144
0.937	0.00200244	0.00200244	0.00200244	0.00200244	164
0.938	0.000539007	0.000539007	0.000539007	0.000539007	141
0.939	0.0010042	0.0010042	0.0010042	0.0010042	143
0.94	0.000851351	0.000851351	0.000851351	0.000851351	148
0.941	-0.00169778	-0.00169778	-0.00169778	-0.00169778	135
0.942	-0.00187838	-0.00187838	-0.00187838	-0.00187838	148
0.943	-0.000546154	-0.000546154	-0.000546154	-0.000546154	156
0.944	-0.000688	-0.000688	-0.000688	-0.000688	175
0.945	-0.00077	-0.00077	-0.00077	-0.00077	160
0.946	-0.000169014	-0.000169014	-0.000169014	-0.000169014	142
0.947	2.0915e-05	2.0915e-05	2.0915e-05	2.0915e-05	153
0.948	-0.000637762	-0.000637762	-0.000637762	-0.000637762	143
0.949	-0.00183791	-0.00183791	-0.00183791	-0.00183791	153
0.95	-0.0020655	-0.0020655	-0.0020655	-0.0020655	171
0.951	-0.000853165	-0.000853165	-0.000853165	-0.000853165	158
0.952	0.000271698	0.000271698	0.000271698	0.000271698	159
0.953	-0.0009	-0.0009	-0.0009	-0.0009	152
0.954	0.00152558	0.00152558	0.00152558	0.00152558	129
0.955	0.000849655	0.000849655	0.000849655	0.000849655	145
0.956	0.00107586	0.00107586	0.00107586	0.00107586	174
0.957	0.00064	0.00064	0.00064	0.00064	160
0.958	0.000147826	0.000147826	0.000147826	0.000147826	138
0.959	0.000214194	0.000214194	0.000214194	0.000214194	155
0.96	-0.000227097	-0.000227097	-0.000227097	-0.000227097	155
0.961	0.000569863	0.000569863	0.000569863	0.000569863	146
0.962	0.000963265	0.000963265	0.000963265	0.000963265	147
0.963	-0.000884091	-0.000884091	-0.000884091	-0.000884091	176
0.964	0.000579592	0.000579592	0.000579592	0.000579592	147
0.965	-0.000248193	-0.000248193	-0.000248193	-0.000248193	166
0.966	0.00216667	0.00216667	0.00216667	0.00216667	168
0.967	-0.00124121	-0.00124121	-0.00124121	-0.00124121	165
0.968	-0.00275276	-0.00275276	-0.00275276	-0.00275276	127
0.969	0.00207397	0.00207397	0.00207397	0.00207397	146
0.97	0.00168116	0.00168116	0.00168116	0.00168116	138
0.971	0.00108652	0.00108652	0.00108652	0.00108652	141
0.972	0.00173554	0.00173554	0.00173554	0.00173554	121
0.973	-0.00119683	-0.00119683	-0.00119683	-0.00119683	126
0.974	-0.00122177	-0.00122177	-0.00122177	-0.00122177	147
0.975	7.27273e-05	7.27273e-05	7.27273e-05	7.27273e-05	132
0.976	-0.00127682	-0.00127682	-0.00127682	-0.00127682	151
0.977	-0.00118095	-0.00118095	-0.00118095	-0.00118095	126
0.978	-0.00121633	-0.00121633	-0.00121633	-0.00121633	147
0.979	-0.00262857	-0.00262857	-0.00262857	-0.00262857	161
0.98	-0.00349419	-0.00349419	-0.00349419	-0.00349419	155
0.981	0.000359124	0.000359124	0.000359124	0.000359124	137
0.982	-0.00188986	-0.00188986	-0.00188986	-0.00188986	138
0.983	-0.00244225	-0.00244225	-0.00244225	-0.00244225	142
0.984	-0.00159365	-0.00159365	-0.00159365	-0.00159365	126
0.985	0.00176203	0.00176203	0.00176203	0.00176203	158
0.986	0.000528859	0.000528859	0.000528859	0.000528859	149
0.987	0.000831746	0.000831746	0.000831746	0.000831746	126
0.988	-0.00157391	-0.00157391	-0.00157391	-0.00157391	138
0.989	1.83206e-05	1.83206e-05	1.83206e-05	1.83206e-05	131
0.99	0.00155789	0.00155789	0.00155789	0.00155789	114
0.991	-0.00193333	-0.00193333	-0.00193333	-0.00193333	132
0.992	0.000997297	0.000997297	0.000997297	0.000997297	148
0.993	0.0029617	0.0029617	0.0029617	0.0029617	141
0.994	-0.000785185	-0.000785185	-0.000785185	-0.000785185	135
0.995	-0.000319403	-0.000319403	-0.000319403	-0.000319403	134
0.996	-0.000915152	-0.000915152	-0.000915152	-0.000915152	132
0.997	-0.000724812	-0.000724812	-0.000724812	-0.000724812	133
0.998	-0.000669841	-0.000669841	-0.000669841	-0.000669841	126
0.999	-0.000972308	-0.000972308	-0.000972308	-0.000972308	130
1	-0.000309333	-0.000309333	-0.000309333	-0.000309333	150
