0.001	0.0709102	0.0709102	0.0709102	0.0709102	2483
0.002	0.0673474	0.0673474	0.0673474	0.0673474	2079
0.003	0.061983	0.061983	0.061983	0.061983	1745
0.004	0.0570693	0.0570693	0.0570693	0.0570693	1622
0.005	0.0548493	0.0548493	0.0548493	0.0548493	1413
0.006	0.0543514	0.0543514	0.0543514	0.0543514	1317
0.007	0.0499686	0.0499686	0.0499686	0.0499686	1248
0.008	0.0473384	0.0473384	0.0473384	0.0473384	1272
0.009	0.0470919	0.0470919	0.0470919	0.0470919	1106
0.01	0.0428503	0.0428503	0.0428503	0.0428503	1050
0.011	0.0423555	0.0423555	0.0423555	0.0423555	1034
0.012	0.0418994	0.0418994	0.0418994	0.0418994	1078
0.013	0.0360974	0.0360974	0.0360974	0.0360974	1043
0.014	0.0380751	0.0380751	0.0380751	0.0380751	1007
0.015	0.0361242	0.0361242	0.0361242	0.0361242	1002
0.016	0.0347855	0.0347855	0.0347855	0.0347855	910
0.017	0.0355628	0.0355628	0.0355628	0.0355628	957
0.018	0.0337511	0.0337511	0.0337511	0.0337511	929
0.019	0.0350164	0.0350164	0.0350164	0.0350164	939
0.02	0.0331048	0.0331048	0.0331048	0.0331048	857
0.021	0.0309397	0.0309397	0.0309397	0.0309397	879
0.022	0.0330226	0.0330226	0.0330226	0.0330226	893
0.023	0.0299253	0.0299253	0.0299253	0.0299253	857
0.024	0.0331575	0.0331575	0.0331575	0.0331575	865
0.025	0.030949	0.030949	0.030949	0.030949	832
0.026	0.0278313	0.0278313	0.0278313	0.0278313	863
0.027	0.0304162	0.0304162	0.0304162	0.0304162	842
0.028	0.0287329	0.0287329	0.0287329	0.0287329	841
0.029	0.0277662	0.0277662	0.0277662	0.0277662	864
0.03	0.0284173	0.0284173	0.0284173	0.0284173	832
0.031	0.0269548	0.0269548	0.0269548	0.0269548	845
0.032	0.0280286	0.0280286	0.0280286	0.0280286	838
0.033	0.0260723	0.0260723	0.0260723	0.0260723	835
0.034	0.0272303	0.0272303	0.0272303	0.0272303	806
0.035	0.0274884	0.0274884	0.0274884	0.0274884	799
0.036	0.0251564	0.0251564	0.0251564	0.0251564	845
0.037	0.0262434	0.0262434	0.0262434	0.0262434	830
0.038	0.0273885	0.0273885	0.0273885	0.0273885	781
0.039	0.0255044	0.0255044	0.0255044	0.0255044	791
0.04	0.025738	0.025738	0.025738	0.025738	835
0.041	0.0230474	0.0230474	0.0230474	0.0230474	776
0.042	0.0244734	0.0244734	0.0244734	0.0244734	801
0.043	0.0207012	0.0207012	0.0207012	0.0207012	745
0.044	0.0236267	0.0236267	0.0236267	0.0236267	794
0.045	0.0227658	0.0227658	0.0227658	0.0227658	795
0.046	0.0199939	0.0199939	0.0199939	0.0199939	787
0.047	0.0192043	0.0192043	0.0192043	0.0192043	746
0.048	0.0196828	0.0196828	0.0196828	0.0196828	754
0.049	0.0198314	0.0198314	0.0198314	0.0198314	821
0.05	0.0187082	0.0187082	0.0187082	0.0187082	754
0.051	0.0188315	0.0188315	0.0188315	0.0188315	737
0.052	0.0193065	0.0193065	0.0193065	0.0193065	721
0.053	0.016989	0.016989	0.016989	0.016989	724
0.054	0.0174381	0.0174381	0.0174381	0.0174381	719
0.055	0.0197071	0.0197071	0.0197071	0.0197071	706
0.056	0.0195547	0.0195547	0.0195547	0.0195547	733
0.057	0.0176165	0.0176165	0.0176165	0.0176165	776
0.058	0.0187214	0.0187214	0.0187214	0.0187214	718
0.059	0.0162836	0.0162836	0.0162836	0.0162836	715
0.06	0.0172744	0.0172744	0.0172744	0.0172744	737
0.061	0.0180697	0.0180697	0.0180697	0.0180697	700
0.062	0.017009	0.017009	0.017009	0.017009	689
0.063	0.0176218	0.0176218	0.0176218	0.0176218	678
0.064	0.0161199	0.0161199	0.0161199	0.0161199	754
0.065	0.0159592	0.0159592	0.0159592	0.0159592	687
0.066	0.017679	0.017679	0.017679	0.017679	699
0.067	0.01599	0.01599	0.01599	0.01599	718
0.068	0.01792	0.01792	0.01792	0.01792	745
0.069	0.0172041	0.0172041	0.0172041	0.0172041	679
0.07	0.0172947	0.0172947	0.0172947	0.0172947	718
0.071	0.0175978	0.0175978	0.0175978	0.0175978	728
0.072	0.0166178	0.0166178	0.0166178	0.0166178	742
0.073	0.0160113	0.0160113	0.0160113	0.0160113	635
0.074	0.0149459	0.0149459	0.0149459	0.0149459	680
0.075	0.0144175	0.0144175	0.0144175	0.0144175	663
0.076	0.0153555	0.0153555	0.0153555	0.0153555	661
0.077	0.0155886	0.0155886	0.0155886	0.0155886	704
0.078	0.0115265	0.0115265	0.0115265	0.0115265	713
0.079	0.0141777	0.0141777	0.0141777	0.0141777	707
0.08	0.0157373	0.0157373	0.0157373	0.0157373	632
0.081	0.0140707	0.0140707	0.0140707	0.0140707	707
0.082	0.0161851	0.0161851	0.0161851	0.0161851	670
0.083	0.0152012	0.0152012	0.0152012	0.0152012	689
0.084	0.0142955	0.0142955	0.0142955	0.0142955	666
0.085	0.0122768	0.0122768	0.0122768	0.0122768	711
0.086	0.0126843	0.0126843	0.0126843	0.0126843	719
0.087	0.0127512	0.0127512	0.0127512	0.0127512	680
0.088	0.0130438	0.0130438	0.0130438	0.0130438	771
0.089	0.0124044	0.0124044	0.0124044	0.0124044	724
0.09	0.0131473	0.0131473	0.0131473	0.0131473	676
0.091	0.0130423	0.0130423	0.0130423	0.0130423	662
0.092	0.0110376	0.0110376	0.0110376	0.0110376	675
0.093	0.0104065	0.0104065	0.0104065	0.0104065	672
0.094	0.00978257	0.00978257	0.00978257	0.00978257	677
0.095	0.00879358	0.00879358	0.00879358	0.00879358	685
0.096	0.0104243	0.0104243	0.0104243	0.0104243	690
0.097	0.0102107	0.0102107	0.0102107	0.0102107	636
0.098	0.0103693	0.0103693	0.0103693	0.0103693	703
0.099	0.0106441	0.0106441	0.0106441	0.0106441	662
0.1	0.0107426	0.0107426	0.0107426	0.0107426	676
0.101	0.0111134	0.0111134	0.0111134	0.0111134	674
0.102	0.011016	0.011016	0.011016	0.011016	637
0.103	0.0104496	0.0104496	0.0104496	0.0104496	670
0.104	0.00850346	0.00850346	0.00850346	0.00850346	665
0.105	0.01081	0.01081	0.01081	0.01081	678
0.106	0.0101565	0.0101565	0.0101565	0.0101565	657
0.107	0.0102534	0.0102534	0.0102534	0.0102534	704
0.108	0.00968172	0.00968172	0.00968172	0.00968172	651
0.109	0.00766715	0.00766715	0.00766715	0.00766715	685
0.11	0.00940391	0.00940391	0.00940391	0.00940391	716
0.111	0.00740848	0.00740848	0.00740848	0.00740848	637
0.112	0.00956706	0.00956706	0.00956706	0.00956706	680
0.113	0.00875266	0.00875266	0.00875266	0.00875266	676
0.114	0.0105673	0.0105673	0.0105673	0.0105673	684
0.115	0.00764782	0.00764782	0.00764782	0.00764782	711
0.116	0.00793783	0.00793783	0.00793783	0.00793783	682
0.117	0.00676379	0.00676379	0.00676379	0.00676379	696
0.118	0.00743276	0.00743276	0.00743276	0.00743276	641
0.119	0.0067691	0.0067691	0.0067691	0.0067691	686
0.12	0.00614124	0.00614124	0.00614124	0.00614124	725
0.121	0.00806355	0.00806355	0.00806355	0.00806355	705
0.122	0.00807167	0.00807167	0.00807167	0.00807167	653
0.123	0.00839717	0.00839717	0.00839717	0.00839717	706
0.124	0.00875439	0.00875439	0.00875439	0.00875439	649
0.125	0.00745269	0.00745269	0.00745269	0.00745269	687
0.126	0.0097908	0.0097908	0.0097908	0.0097908	696
0.127	0.00871429	0.00871429	0.00871429	0.00871429	644
0.128	0.00815644	0.00815644	0.00815644	0.00815644	675
0.129	0.0076655	0.0076655	0.0076655	0.0076655	629
0.13	0.00613203	0.00613203	0.00613203	0.00613203	615
0.131	0.00728217	0.00728217	0.00728217	0.00728217	628
0.132	0.00787059	0.00787059	0.00787059	0.00787059	680
0.133	0.00870822	0.00870822	0.00870822	0.00870822	645
0.134	0.00781634	0.00781634	0.00781634	0.00781634	673
0.135	0.00888267	0.00888267	0.00888267	0.00888267	629
0.136	0.00667488	0.00667488	0.00667488	0.00667488	649
0.137	0.00747586	0.00747586	0.00747586	0.00747586	696
0.138	0.00814597	0.00814597	0.00814597	0.00814597	633
0.139	0.00656211	0.00656211	0.00656211	0.00656211	607
0.14	0.00701267	0.00701267	0.00701267	0.00701267	647
0.141	0.00720125	0.00720125	0.00720125	0.00720125	638
0.142	0.00658344	0.00658344	0.00658344	0.00658344	604
0.143	0.00765127	0.00765127	0.00765127	0.00765127	632
0.144	0.00619676	0.00619676	0.00619676	0.00619676	618
0.145	0.00830545	0.00830545	0.00830545	0.00830545	605
0.146	0.00656863	0.00656863	0.00656863	0.00656863	593
0.147	0.0054003	0.0054003	0.0054003	0.0054003	665
0.148	0.00588899	0.00588899	0.00588899	0.00588899	681
0.149	0.00691533	0.00691533	0.00691533	0.00691533	711
0.15	0.00531848	0.00531848	0.00531848	0.00531848	709
0.151	0.00535539	0.00535539	0.00535539	0.00535539	659
0.152	0.00490642	0.00490642	0.00490642	0.00490642	654
0.153	0.00481356	0.00481356	0.00481356	0.00481356	649
0.154	0.00474141	0.00474141	0.00474141	0.00474141	669
0.155	0.00478444	0.00478444	0.00478444	0.00478444	694
0.156	0.0054275	0.0054275	0.0054275	0.0054275	749
0.157	0.00502739	0.00502739	0.00502739	0.00502739	679
0.158	0.00483167	0.00483167	0.00483167	0.00483167	682
0.159	0.00447473	0.00447473	0.00447473	0.00447473	653
0.16	0.006354	0.006354	0.006354	0.006354	687
0.161	0.00464508	0.00464508	0.00464508	0.00464508	630
0.162	0.00404753	0.00404753	0.00404753	0.00404753	648
0.163	0.0045353	0.0045353	0.0045353	0.0045353	677
0.164	0.00576185	0.00576185	0.00576185	0.00576185	692
0.165	0.00312712	0.00312712	0.00312712	0.00312712	719
0.166	0.00454194	0.00454194	0.00454194	0.00454194	775
0.167	0.00621267	0.00621267	0.00621267	0.00621267	726
0.168	0.00502849	0.00502849	0.00502849	0.00502849	695
0.169	0.00386327	0.00386327	0.00386327	0.00386327	667
0.17	0.00420468	0.00420468	0.00420468	0.00420468	684
0.171	0.00325363	0.00325363	0.00325363	0.00325363	634
0.172	0.00366892	0.00366892	0.00366892	0.00366892	621
0.173	0.00315679	0.00315679	0.00315679	0.00315679	685
0.174	0.00354671	0.00354671	0.00354671	0.00354671	623
0.175	0.00311391	0.00311391	0.00311391	0.00311391	604
0.176	0.004064	0.004064	0.004064	0.004064	625
0.177	0.00404527	0.00404527	0.00404527	0.00404527	645
0.178	0.00437244	0.00437244	0.00437244	0.00437244	624
0.179	0.00415988	0.00415988	0.00415988	0.00415988	643
0.18	0.00317843	0.00317843	0.00317843	0.00317843	649
0.181	0.00451065	0.00451065	0.00451065	0.00451065	629
0.182	0.00269297	0.00269297	0.00269297	0.00269297	669
0.183	0.00358675	0.00358675	0.00358675	0.00358675	634
0.184	0.00373748	0.00373748	0.00373748	0.00373748	643
0.185	0.00511542	0.00511542	0.00511542	0.00511542	681
0.186	0.00293296	0.00293296	0.00293296	0.00293296	710
0.187	0.00366231	0.00366231	0.00366231	0.00366231	674
0.188	0.00298072	0.00298072	0.00298072	0.00298072	664
0.189	0.00296832	0.00296832	0.00296832	0.00296832	644
0.19	0.00185605	0.00185605	0.00185605	0.00185605	678
0.191	0.00205487	0.00205487	0.00205487	0.00205487	678
0.192	0.00243198	0.00243198	0.00243198	0.00243198	663
0.193	0.00195277	0.00195277	0.00195277	0.00195277	669
0.194	0.00220189	0.00220189	0.00220189	0.00220189	634
0.195	0.00176159	0.00176159	0.00176159	0.00176159	656
0.196	0.00196471	0.00196471	0.00196471	0.00196471	612
0.197	0.0032068	0.0032068	0.0032068	0.0032068	647
0.198	0.00369265	0.00369265	0.00369265	0.00369265	626
0.199	0.00350929	0.00350929	0.00350929	0.00350929	635
0.2	0.00309616	0.00309616	0.00309616	0.00309616	651
0.201	0.00341502	0.00341502	0.00341502	0.00341502	666
0.202	0.00286191	0.00286191	0.00286191	0.00286191	659
0.203	0.00270149	0.00270149	0.00270149	0.00270149	670
0.204	0.0022711	0.0022711	0.0022711	0.0022711	692
0.205	0.00231071	0.00231071	0.00231071	0.00231071	672
0.206	0.00327445	0.00327445	0.00327445	0.00327445	591
0.207	0.00309568	0.00309568	0.00309568	0.00309568	648
0.208	0.00300467	0.00300467	0.00300467	0.00300467	643
0.209	0.00426787	0.00426787	0.00426787	0.00426787	663
0.21	0.00372442	0.00372442	0.00372442	0.00372442	643
0.211	0.0028877	0.0028877	0.0028877	0.0028877	634
0.212	0.00228372	0.00228372	0.00228372	0.00228372	602
0.213	0.00360196	0.00360196	0.00360196	0.00360196	611
0.214	0.00232926	0.00232926	0.00232926	0.00232926	622
0.215	0.00289225	0.00289225	0.00289225	0.00289225	581
0.216	0.00162392	0.00162392	0.00162392	0.00162392	602
0.217	0.00145906	0.00145906	0.00145906	0.00145906	596
0.218	0.00226992	0.00226992	0.00226992	0.00226992	655
0.219	0.00105511	0.00105511	0.00105511	0.00105511	646
0.22	0.00321677	0.00321677	0.00321677	0.00321677	620
0.221	0.00197673	0.00197673	0.00197673	0.00197673	636
0.222	0.00223918	0.00223918	0.00223918	0.00223918	679
0.223	0.00187649	0.00187649	0.00187649	0.00187649	638
0.224	0.00234057	0.00234057	0.00234057	0.00234057	599
0.225	0.00111324	0.00111324	0.00111324	0.00111324	627
0.226	0.000941368	0.000941368	0.000941368	0.000941368	614
0.227	0.00133844	0.00133844	0.00133844	0.00133844	627
0.228	0.00155646	0.00155646	0.00155646	0.00155646	588
0.229	6.30473e-06	6.30473e-06	6.30473e-06	6.30473e-06	571
0.23	0.00143624	0.00143624	0.00143624	0.00143624	574
0.231	9.31973e-05	9.31973e-05	9.31973e-05	9.31973e-05	588
0.232	0.00057124	0.00057124	0.00057124	0.00057124	605
0.233	0.000183248	0.000183248	0.000183248	0.000183248	585
0.234	0.00230197	0.00230197	0.00230197	0.00230197	559
0.235	0.00147329	0.00147329	0.00147329	0.00147329	584
0.236	0.00257837	0.00257837	0.00257837	0.00257837	601
0.237	0.000449423	0.000449423	0.000449423	0.000449423	607
0.238	0.00214669	0.00214669	0.00214669	0.00214669	529
0.239	0.00206179	0.00206179	0.00206179	0.00206179	615
0.24	0.00415205	0.00415205	0.00415205	0.00415205	584
0.241	0.00173542	0.00173542	0.00173542	0.00173542	576
0.242	0.000801325	0.000801325	0.000801325	0.000801325	604
0.243	0.0014161	0.0014161	0.0014161	0.0014161	646
0.244	0.00107175	0.00107175	0.00107175	0.00107175	577
0.245	0.000387919	0.000387919	0.000387919	0.000387919	596
0.246	0.000250498	0.000250498	0.000250498	0.000250498	602
0.247	0.00176054	0.00176054	0.00176054	0.00176054	593
0.248	0.000821795	0.000821795	0.000821795	0.000821795	624
0.249	0.00116913	0.00116913	0.00116913	0.00116913	635
0.25	0.00141486	0.00141486	0.00141486	0.00141486	592
0.251	0.00221372	0.00221372	0.00221372	0.00221372	627
0.252	0.00206086	0.00206086	0.00206086	0.00206086	677
0.253	0.00119377	0.00119377	0.00119377	0.00119377	706
0.254	0.000597568	0.000597568	0.000597568	0.000597568	658
0.255	-4.35897e-05	-4.35897e-05	-4.35897e-05	-4.35897e-05	624
0.256	-0.000117972	-0.000117972	-0.000117972	-0.000117972	651
0.257	0.00048479	0.00048479	0.00048479	0.00048479	618
0.258	-0.000103962	-0.000103962	-0.000103962	-0.000103962	631
0.259	-1.16883e-05	-1.16883e-05	-1.16883e-05	-1.16883e-05	616
0.26	-0.000341667	-0.000341667	-0.000341667	-0.000341667	576
0.261	5.74359e-05	5.74359e-05	5.74359e-05	5.74359e-05	585
0.262	-0.000559578	-0.000559578	-0.000559578	-0.000559578	569
0.263	0.000946459	0.000946459	0.000946459	0.000946459	579
0.264	0.000520365	0.000520365	0.000520365	0.000520365	658
0.265	-0.000158833	-0.000158833	-0.000158833	-0.000158833	617
0.266	0.000747508	0.000747508	0.000747508	0.000747508	602
0.267	0.000868158	0.000868158	0.000868158	0.000868158	581
0.268	0.000501684	0.000501684	0.000501684	0.000501684	594
0.269	0.000523404	0.000523404	0.000523404	0.000523404	564
0.27	0.000231893	0.000231893	0.000231893	0.000231893	671
0.271	0.000948428	0.000948428	0.000948428	0.000948428	636
0.272	0.00149856	0.00149856	0.00149856	0.00149856	627
0.273	0.000370206	0.000370206	0.000370206	0.000370206	631
0.274	0.00085802	0.00085802	0.00085802	0.00085802	586
0.275	0.000710744	0.000710744	0.000710744	0.000710744	605
0.276	-1.78512e-05	-1.78512e-05	-1.78512e-05	-1.78512e-05	605
0.277	0.000487324	0.000487324	0.000487324	0.000487324	568
0.278	0.000276341	0.000276341	0.000276341	0.000276341	634
0.279	0.000606614	0.000606614	0.000606614	0.000606614	635
0.28	0.000726635	0.000726635	0.000726635	0.000726635	627
0.281	0.001026	0.001026	0.001026	0.001026	623
0.282	0.000420593	0.000420593	0.000420593	0.000420593	641
0.283	0.000314793	0.000314793	0.000314793	0.000314793	676
0.284	0.00150805	0.00150805	0.00150805	0.00150805	596
0.285	0.0012094	0.0012094	0.0012094	0.0012094	681
0.286	0.00154312	0.00154312	0.00154312	0.00154312	647
0.287	0.000692758	0.000692758	0.000692758	0.000692758	649
0.288	0.00106286	0.00106286	0.00106286	0.00106286	665
0.289	0.000638832	0.000638832	0.000638832	0.000638832	685
0.29	0.00065098	0.00065098	0.00065098	0.00065098	663
0.291	0.000992068	0.000992068	0.000992068	0.000992068	706
0.292	0.00025644	0.00025644	0.00025644	0.00025644	691
0.293	0.000672353	0.000672353	0.000672353	0.000672353	680
0.294	0.00102046	0.00102046	0.00102046	0.00102046	655
0.295	0.00146101	0.00146101	0.00146101	0.00146101	613
0.296	0.000580473	0.000580473	0.000580473	0.000580473	676
0.297	0.000456662	0.000456662	0.000456662	0.000456662	713
0.298	0.000777914	0.000777914	0.000777914	0.000777914	652
0.299	0.000717774	0.000717774	0.000717774	0.000717774	647
0.3	0.00190491	0.00190491	0.00190491	0.00190491	631
0.301	0.00169419	0.00169419	0.00169419	0.00169419	637
0.302	0.00143338	0.00143338	0.00143338	0.00143338	677
0.303	0.00129028	0.00129028	0.00129028	0.00129028	638
0.304	0.00197647	0.00197647	0.00197647	0.00197647	612
0.305	0.000216613	0.000216613	0.000216613	0.000216613	626
0.306	0.00129282	0.00129282	0.00129282	0.00129282	655
0.307	0.00189254	0.00189254	0.00189254	0.00189254	670
0.308	0.00117346	0.00117346	0.00117346	0.00117346	618
0.309	0.00121407	0.00121407	0.00121407	0.00121407	597
0.31	0.00153712	0.00153712	0.00153712	0.00153712	617
0.311	0.000976373	0.000976373	0.000976373	0.000976373	601
0.312	0.00149424	0.00149424	0.00149424	0.00149424	677
0.313	0.000637377	0.000637377	0.000637377	0.000637377	610
0.314	0.000711988	0.000711988	0.000711988	0.000711988	659
0.315	-0.000433677	-0.000433677	-0.000433677	-0.000433677	582
0.316	6.21951e-05	6.21951e-05	6.21951e-05	6.21951e-05	656
0.317	0.00134669	0.00134669	0.00134669	0.00134669	589
0.318	0.000403035	0.000403035	0.000403035	0.000403035	659
0.319	0.00168287	0.00168287	0.00168287	0.00168287	642
0.32	0.00154452	0.00154452	0.00154452	0.00154452	620
0.321	9.57929e-05	9.57929e-05	9.57929e-05	9.57929e-05	618
0.322	0.000406697	0.000406697	0.000406697	0.000406697	657
0.323	0.00160319	0.00160319	0.00160319	0.00160319	627
0.324	0.00198483	0.00198483	0.00198483	0.00198483	633
0.325	0.00120065	0.00120065	0.00120065	0.00120065	616
0.326	-0.00019376	-0.00019376	-0.00019376	-0.00019376	609
0.327	0.000363399	0.000363399	0.000363399	0.000363399	612
0.328	0.000760067	0.000760067	0.000760067	0.000760067	601
0.329	0.000960615	0.000960615	0.000960615	0.000960615	650
0.33	0.000753374	0.000753374	0.000753374	0.000753374	652
0.331	0.000778884	0.000778884	0.000778884	0.000778884	663
0.332	0.00104204	0.00104204	0.00104204	0.00104204	666
0.333	0.000260578	0.000260578	0.000260578	0.000260578	657
0.334	0.0004	0.0004	0.0004	0.0004	685
0.335	0.000859711	0.000859711	0.000859711	0.000859711	623
0.336	0.00122226	0.00122226	0.00122226	0.00122226	647
0.337	0.00060672	0.00060672	0.00060672	0.00060672	625
0.338	0.000582334	0.000582334	0.000582334	0.000582334	634
0.339	0.000795906	0.000795906	0.000795906	0.000795906	684
0.34	0.000576945	0.000576945	0.000576945	0.000576945	694
0.341	0.00097971	0.00097971	0.00097971	0.00097971	621
0.342	0.0020568	0.0020568	0.0020568	0.0020568	662
0.343	0.000855591	0.000855591	0.000855591	0.000855591	626
0.344	0.00156575	0.00156575	0.00156575	0.00156575	619
0.345	0.000793548	0.000793548	0.000793548	0.000793548	620
0.346	0.00149179	0.00149179	0.00149179	0.00149179	621
0.347	0.000616752	0.000616752	0.000616752	0.000616752	585
0.348	0.000242525	0.000242525	0.000242525	0.000242525	602
0.349	0.000598095	0.000598095	0.000598095	0.000598095	630
0.35	0.00118016	0.00118016	0.00118016	0.00118016	625
0.351	0.000551656	0.000551656	0.000551656	0.000551656	604
0.352	0.000482334	0.000482334	0.000482334	0.000482334	617
0.353	0.00194535	0.00194535	0.00194535	0.00194535	666
0.354	0.00119171	0.00119171	0.00119171	0.00119171	627
0.355	0.000587234	0.000587234	0.000587234	0.000587234	611
0.356	0.000104746	0.000104746	0.000104746	0.000104746	611
0.357	0.000926708	0.000926708	0.000926708	0.000926708	644
0.358	-0.000603685	-0.000603685	-0.000603685	-0.000603685	597
0.359	0.00109573	0.00109573	0.00109573	0.00109573	633
0.36	0.0003	0.0003	0.0003	0.0003	576
0.361	0.000939071	0.000939071	0.000939071	0.000939071	581
0.362	0.000117007	0.000117007	0.000117007	0.000117007	588
0.363	0.00198238	0.00198238	0.00198238	0.00198238	613
0.364	0.000761043	0.000761043	0.000761043	0.000761043	575
0.365	0.000945516	0.000945516	0.000945516	0.000945516	591
0.366	0.000171981	0.000171981	0.000171981	0.000171981	621
0.367	0.000945781	0.000945781	0.000945781	0.000945781	557
0.368	0.000503114	0.000503114	0.000503114	0.000503114	578
0.369	0.000703425	0.000703425	0.000703425	0.000703425	584
0.37	-8.85813e-05	-8.85813e-05	-8.85813e-05	-8.85813e-05	578
0.371	0.000738408	0.000738408	0.000738408	0.000738408	578
0.372	0.00121212	0.00121212	0.00121212	0.00121212	594
0.373	0.0011878	0.0011878	0.0011878	0.0011878	590
0.374	0.00228687	0.00228687	0.00228687	0.00228687	594
0.375	0.0012	0.0012	0.0012	0.0012	640
0.376	0.00128096	0.00128096	0.00128096	0.00128096	583
0.377	0.000452399	0.000452399	0.000452399	0.000452399	542
0.378	0.00125685	0.00125685	0.00125685	0.00125685	591
0.379	0.00157455	0.00157455	0.00157455	0.00157455	550
0.38	0.000346798	0.000346798	0.000346798	0.000346798	609
0.381	0.00205631	0.00205631	0.00205631	0.00205631	618
0.382	2.32804e-05	2.32804e-05	2.32804e-05	2.32804e-05	567
0.383	0.00075298	0.00075298	0.00075298	0.00075298	604
0.384	0.000958596	0.000958596	0.000958596	0.000958596	570
0.385	0.000132374	0.000132374	0.000132374	0.000132374	556
0.386	-0.000212978	-0.000212978	-0.000212978	-0.000212978	601
0.387	-0.000568905	-0.000568905	-0.000568905	-0.000568905	566
0.388	0.000951795	0.000951795	0.000951795	0.000951795	585
0.389	0.000753274	0.000753274	0.000753274	0.000753274	565
0.39	-0.000156918	-0.000156918	-0.000156918	-0.000156918	571
0.391	0.000742222	0.000742222	0.000742222	0.000742222	540
0.392	-0.000303679	-0.000303679	-0.000303679	-0.000303679	598
0.393	-0.000189077	-0.000189077	-0.000189077	-0.000189077	531
0.394	0.000490169	0.000490169	0.000490169	0.000490169	590
0.395	0.00116385	0.00116385	0.00116385	0.00116385	509
0.396	0.00161704	0.00161704	0.00161704	0.00161704	540
0.397	0.00100335	0.00100335	0.00100335	0.00100335	537
0.398	0.0014617	0.0014617	0.0014617	0.0014617	564
0.399	0.00107314	0.00107314	0.00107314	0.00107314	618
0.4	0.00125878	0.00125878	0.00125878	0.00125878	524
0.401	0.000644797	0.000644797	0.000644797	0.000644797	567
0.402	0.000652189	0.000652189	0.000652189	0.000652189	571
0.403	0.000856478	0.000856478	0.000856478	0.000856478	602
0.404	0.0020358	0.0020358	0.0020358	0.0020358	581
0.405	0.00179611	0.00179611	0.00179611	0.00179611	565
0.406	0.00132224	0.00132224	0.00132224	0.00132224	589
0.407	0.00154512	0.00154512	0.00154512	0.00154512	605
0.408	0.00112107	0.00112107	0.00112107	0.00112107	598
0.409	0.000951987	0.000951987	0.000951987	0.000951987	629
0.41	0.00112012	0.00112012	0.00112012	0.00112012	651
0.411	0.000941284	0.000941284	0.000941284	0.000941284	654
0.412	0.00154914	0.00154914	0.00154914	0.00154914	637
0.413	0.000705333	0.000705333	0.000705333	0.000705333	600
0.414	0.000335897	0.000335897	0.000335897	0.000335897	624
0.415	3.73957e-05	3.73957e-05	3.73957e-05	3.73957e-05	599
0.416	0.0005939	0.0005939	0.0005939	0.0005939	623
0.417	5.81602e-05	5.81602e-05	5.81602e-05	5.81602e-05	674
0.418	0.000661201	0.000661201	0.000661201	0.000661201	683
0.419	0.000304387	0.000304387	0.000304387	0.000304387	661
0.42	0.00131205	0.00131205	0.00131205	0.00131205	664
0.421	0.000898975	0.000898975	0.000898975	0.000898975	683
0.422	0.00122595	0.00122595	0.00122595	0.00122595	632
0.423	0.00100403	0.00100403	0.00100403	0.00100403	596
0.424	0.00189124	0.00189124	0.00189124	0.00189124	651
0.425	0.000748686	0.000748686	0.000748686	0.000748686	647
0.426	0.00117647	0.00117647	0.00117647	0.00117647	629
0.427	0.00173176	0.00173176	0.00173176	0.00173176	592
0.428	0.00133057	0.00133057	0.00133057	0.00133057	628
0.429	0.00293689	0.00293689	0.00293689	0.00293689	637
0.43	0.00151149	0.00151149	0.00151149	0.00151149	705
0.431	0.00067177	0.00067177	0.00067177	0.00067177	627
0.432	0.00226018	0.00226018	0.00226018	0.00226018	658
0.433	0.0015686	0.0015686	0.0015686	0.0015686	637
0.434	0.00127948	0.00127948	0.00127948	0.00127948	619
0.435	0.00125823	0.00125823	0.00125823	0.00125823	632
0.436	0.00231429	0.00231429	0.00231429	0.00231429	630
0.437	0.00113458	0.00113458	0.00113458	0.00113458	642
0.438	0.00159817	0.00159817	0.00159817	0.00159817	657
0.439	0.000518616	0.000518616	0.000518616	0.000518616	607
0.44	0.000541479	0.000541479	0.000541479	0.000541479	622
0.441	0.00114003	0.00114003	0.00114003	0.00114003	647
0.442	0.00146177	0.00146177	0.00146177	0.00146177	599
0.443	0.0011793	0.0011793	0.0011793	0.0011793	657
0.444	-0.000598113	-0.000598113	-0.000598113	-0.000598113	636
0.445	-0.000146772	-0.000146772	-0.000146772	-0.000146772	635
0.446	-5.20593e-05	-5.20593e-05	-5.20593e-05	-5.20593e-05	607
0.447	3.18937e-05	3.18937e-05	3.18937e-05	3.18937e-05	602
0.448	0.00014142	0.00014142	0.00014142	0.00014142	676
0.449	0.000177313	0.000177313	0.000177313	0.000177313	670
0.45	0.000980923	0.000980923	0.000980923	0.000980923	650
0.451	-0.000156287	-0.000156287	-0.000156287	-0.000156287	668
0.452	-0.000469219	-0.000469219	-0.000469219	-0.000469219	653
0.453	-0.000945331	-0.000945331	-0.000945331	-0.000945331	589
0.454	-0.000246822	-0.000246822	-0.000246822	-0.000246822	645
0.455	-0.000731852	-0.000731852	-0.000731852	-0.000731852	675
0.456	-0.00085661	-0.00085661	-0.00085661	-0.00085661	643
0.457	-0.000116693	-0.000116693	-0.000116693	-0.000116693	641
0.458	-0.000195679	-0.000195679	-0.000195679	-0.000195679	648
0.459	-0.000404145	-0.000404145	-0.000404145	-0.000404145	579
0.46	0.000694805	0.000694805	0.000694805	0.000694805	616
0.461	-0.000294352	-0.000294352	-0.000294352	-0.000294352	602
0.462	0.00119811	0.00119811	0.00119811	0.00119811	634
0.463	8.22785e-05	8.22785e-05	8.22785e-05	8.22785e-05	632
0.464	-0.000777855	-0.000777855	-0.000777855	-0.000777855	578
0.465	0.000917333	0.000917333	0.000917333	0.000917333	600
0.466	0.00195175	0.00195175	0.00195175	0.00195175	630
0.467	0.0019	0.0019	0.0019	0.0019	620
0.468	0.000521212	0.000521212	0.000521212	0.000521212	594
0.469	0.000111002	0.000111002	0.000111002	0.000111002	609
0.47	0.00016563	0.00016563	0.00016563	0.00016563	611
0.471	0.00081479	0.00081479	0.00081479	0.00081479	595
0.472	0.00012875	0.00012875	0.00012875	0.00012875	640
0.473	0.000758496	0.000758496	0.000758496	0.000758496	665
0.474	0.00137124	0.00137124	0.00137124	0.00137124	591
0.475	0.000556006	0.000556006	0.000556006	0.000556006	641
0.476	0.000462264	0.000462264	0.000462264	0.000462264	636
0.477	0.000464238	0.000464238	0.000464238	0.000464238	604
0.478	-0.000341493	-0.000341493	-0.000341493	-0.000341493	670
0.479	0.000242835	0.000242835	0.000242835	0.000242835	649
0.48	0.00106536	0.00106536	0.00106536	0.00106536	612
0.481	0.000898188	0.000898188	0.000898188	0.000898188	607
0.482	0.000363813	0.000363813	0.000363813	0.000363813	619
0.483	1.80995e-06	1.80995e-06	1.80995e-06	1.80995e-06	663
0.484	0.00011307	0.00011307	0.00011307	0.00011307	658
0.485	-0.000183704	-0.000183704	-0.000183704	-0.000183704	675
0.486	0.00156667	0.00156667	0.00156667	0.00156667	540
0.487	0.00130675	0.00130675	0.00130675	0.00130675	607
0.488	0.000870142	0.000870142	0.000870142	0.000870142	633
0.489	0.000263591	0.000263591	0.000263591	0.000263591	607
0.49	0.000390894	0.000390894	0.000390894	0.000390894	615
0.491	0.000576761	0.000576761	0.000576761	0.000576761	568
0.492	-0.000358756	-0.000358756	-0.000358756	-0.000358756	611
0.493	-0.000346711	-0.000346711	-0.000346711	-0.000346711	608
0.494	-2.30653e-05	-2.30653e-05	-2.30653e-05	-2.30653e-05	659
0.495	-0.000638765	-0.000638765	-0.000638765	-0.000638765	583
0.496	-0.00118289	-0.00118289	-0.00118289	-0.00118289	608
0.497	0.000145516	0.000145516	0.000145516	0.000145516	591
0.498	0.000505861	0.000505861	0.000505861	0.000505861	563
0.499	-0.000807509	-0.000807509	-0.000807509	-0.000807509	586
0.5	-0.00112079	-0.00112079	-0.00112079	-0.00112079	606
0.501	-0.00041518	-0.00041518	-0.00041518	-0.00041518	527
0.502	-0.000830246	-0.000830246	-0.000830246	-0.000830246	529
0.503	-0.000293015	-0.000293015	-0.000293015	-0.000293015	587
0.504	0.000566378	0.000566378	0.000566378	0.000566378	577
0.505	-0.000406704	-0.000406704	-0.000406704	-0.000406704	537
0.506	0.00013916	0.00013916	0.00013916	0.00013916	595
0.507	-0.000222006	-0.000222006	-0.000222006	-0.000222006	618
0.508	0.000155908	0.000155908	0.000155908	0.000155908	567
0.509	5.13181e-05	5.13181e-05	5.13181e-05	5.13181e-05	569
0.51	-0.000448967	-0.000448967	-0.000448967	-0.000448967	629
0.511	1.6835e-05	1.6835e-05	1.6835e-05	1.6835e-05	594
0.512	0.000734959	0.000734959	0.000734959	0.000734959	615
0.513	0.000868631	0.000868631	0.000868631	0.000868631	577
0.514	0.000970854	0.000970854	0.000970854	0.000970854	597
0.515	-0.000611003	-0.000611003	-0.000611003	-0.000611003	618
0.516	-0.000423158	-0.000423158	-0.000423158	-0.000423158	570
0.517	0.000239316	0.000239316	0.000239316	0.000239316	585
0.518	0.000530835	0.000530835	0.000530835	0.000530835	587
0.519	-0.000644254	-0.000644254	-0.000644254	-0.000644254	583
0.52	-0.000692193	-0.000692193	-0.000692193	-0.000692193	538
0.521	-0.000360269	-0.000360269	-0.000360269	-0.000360269	594
0.522	-0.00110143	-0.00110143	-0.00110143	-0.00110143	560
0.523	-0.00123529	-0.00123529	-0.00123529	-0.00123529	612
0.524	0.000103339	0.000103339	0.000103339	0.000103339	569
0.525	-0.000415434	-0.000415434	-0.000415434	-0.000415434	622
0.526	-0.000202	-0.000202	-0.000202	-0.000202	600
0.527	-0.000228197	-0.000228197	-0.000228197	-0.000228197	610
0.528	-0.000683721	-0.000683721	-0.000683721	-0.000683721	602
0.529	-0.000339568	-0.000339568	-0.000339568	-0.000339568	556
0.53	-0.00110737	-0.00110737	-0.00110737	-0.00110737	570
0.531	-0.00170922	-0.00170922	-0.00170922	-0.00170922	586
0.532	-0.000666874	-0.000666874	-0.000666874	-0.000666874	643
0.533	-0.000614433	-0.000614433	-0.000614433	-0.000614433	679
0.534	7.3065e-05	7.3065e-05	7.3065e-05	7.3065e-05	646
0.535	-0.000752656	-0.000752656	-0.000752656	-0.000752656	659
0.536	-0.000463711	-0.000463711	-0.000463711	-0.000463711	609
0.537	-0.000802744	-0.000802744	-0.000802744	-0.000802744	583
0.538	-0.000304976	-0.000304976	-0.000304976	-0.000304976	623
0.539	-0.000513993	-0.000513993	-0.000513993	-0.000513993	586
0.54	-0.000775395	-0.000775395	-0.000775395	-0.000775395	569
0.541	0.000839935	0.000839935	0.000839935	0.000839935	611
0.542	0.000203448	0.000203448	0.000203448	0.000203448	580
0.543	-0.000192346	-0.000192346	-0.000192346	-0.000192346	601
0.544	0.00115874	0.00115874	0.00115874	0.00115874	601
0.545	0.000558824	0.000558824	0.000558824	0.000558824	612
0.546	3.88991e-05	3.88991e-05	3.88991e-05	3.88991e-05	545
0.547	-0.000597924	-0.000597924	-0.000597924	-0.000597924	578
0.548	0.000121417	0.000121417	0.000121417	0.000121417	593
0.549	0.000347005	0.000347005	0.000347005	0.000347005	551
0.55	-0.000197631	-0.000197631	-0.000197631	-0.000197631	591
0.551	-9.30979e-05	-9.30979e-05	-9.30979e-05	-9.30979e-05	623
0.552	-0.00016259	-0.00016259	-0.00016259	-0.00016259	556
0.553	-0.0004	-0.0004	-0.0004	-0.0004	578
0.554	0.000370648	0.000370648	0.000370648	0.000370648	586
0.555	0.000564895	0.000564895	0.000564895	0.000564895	621
0.556	9.67239e-05	9.67239e-05	9.67239e-05	9.67239e-05	641
0.557	0.000343147	0.000343147	0.000343147	0.000343147	591
0.558	-0.000146535	-0.000146535	-0.000146535	-0.000146535	606
0.559	0.000443019	0.000443019	0.000443019	0.000443019	530
0.56	-0.000164366	-0.000164366	-0.000164366	-0.000164366	623
0.561	5.34296e-05	5.34296e-05	5.34296e-05	5.34296e-05	554
0.562	0.000122083	0.000122083	0.000122083	0.000122083	557
0.563	0.000380919	0.000380919	0.000380919	0.000380919	566
0.564	0.000558423	0.000558423	0.000558423	0.000558423	558
0.565	0.000835948	0.000835948	0.000835948	0.000835948	612
0.566	0.000474815	0.000474815	0.000474815	0.000474815	540
0.567	0.000801258	0.000801258	0.000801258	0.000801258	636
0.568	0.00125948	0.00125948	0.00125948	0.00125948	538
0.569	0.000853333	0.000853333	0.000853333	0.000853333	585
0.57	0.00123289	0.00123289	0.00123289	0.00123289	608
0.571	0.00104452	0.00104452	0.00104452	0.00104452	620
0.572	0.00134403	0.00134403	0.00134403	0.00134403	586
0.573	0.000307591	0.000307591	0.000307591	0.000307591	606
0.574	2.0598e-05	2.0598e-05	2.0598e-05	2.0598e-05	602
0.575	-0.000217691	-0.000217691	-0.000217691	-0.000217691	667
0.576	-7.30318e-05	-7.30318e-05	-7.30318e-05	-7.30318e-05	597
0.577	0.000709285	0.000709285	0.000709285	0.000709285	657
0.578	0.000850085	0.000850085	0.000850085	0.000850085	591
0.579	0.000389985	0.000389985	0.000389985	0.000389985	679
0.58	0.000970957	0.000970957	0.000970957	0.000970957	606
0.581	0.00118816	0.00118816	0.00118816	0.00118816	608
0.582	7.05009e-05	7.05009e-05	7.05009e-05	7.05009e-05	539
0.583	0.000314132	0.000314132	0.000314132	0.000314132	559
0.584	0.000191864	0.000191864	0.000191864	0.000191864	590
0.585	-6.89431e-05	-6.89431e-05	-6.89431e-05	-6.89431e-05	615
0.586	0.000672884	0.000672884	0.000672884	0.000672884	579
0.587	0.00109825	0.00109825	0.00109825	0.00109825	629
0.588	0.00169786	0.00169786	0.00169786	0.00169786	560
0.589	0.000964331	0.000964331	0.000964331	0.000964331	628
0.59	0.000183158	0.000183158	0.000183158	0.000183158	570
0.591	-0.000236453	-0.000236453	-0.000236453	-0.000236453	609
0.592	0.000108475	0.000108475	0.000108475	0.000108475	590
0.593	0.000142966	0.000142966	0.000142966	0.000142966	526
0.594	-0.000664505	-0.000664505	-0.000664505	-0.000664505	555
0.595	0.000129174	0.000129174	0.000129174	0.000129174	545
0.596	0.000877863	0.000877863	0.000877863	0.000877863	524
0.597	-0.000437671	-0.000437671	-0.000437671	-0.000437671	584
0.598	-0.0010669	-0.0010669	-0.0010669	-0.0010669	562
0.599	0.000608784	0.000608784	0.000608784	0.000608784	592
0.6	-0.00137886	-0.00137886	-0.00137886	-0.00137886	577
0.601	0.000316117	0.000316117	0.000316117	0.000316117	515
0.602	0.000659107	0.000659107	0.000659107	0.000659107	582
0.603	-0.00134706	-0.00134706	-0.00134706	-0.00134706	612
0.604	-8.33058e-05	-8.33058e-05	-8.33058e-05	-8.33058e-05	605
0.605	0.000473203	0.000473203	0.000473203	0.000473203	612
0.606	2.54733e-05	2.54733e-05	2.54733e-05	2.54733e-05	581
0.607	-0.000377224	-0.000377224	-0.000377224	-0.000377224	562
0.608	0.000735135	0.000735135	0.000735135	0.000735135	592
0.609	0.000560132	0.000560132	0.000560132	0.000560132	607
0.61	-0.000257143	-0.000257143	-0.000257143	-0.000257143	560
0.611	7.27903e-05	7.27903e-05	7.27903e-05	7.27903e-05	577
0.612	0.000905455	0.000905455	0.000905455	0.000905455	550
0.613	-0.000491938	-0.000491938	-0.000491938	-0.000491938	583
0.614	0.00084794	0.00084794	0.00084794	0.00084794	534
0.615	8.20144e-05	8.20144e-05	8.20144e-05	8.20144e-05	556
0.616	-0.000376801	-0.000376801	-0.000376801	-0.000376801	569
0.617	-0.000120076	-0.000120076	-0.000120076	-0.000120076	523
0.618	0.000301974	0.000301974	0.000301974	0.000301974	608
0.619	5.53734e-05	5.53734e-05	5.53734e-05	5.53734e-05	549
0.62	0.000977027	0.000977027	0.000977027	0.000977027	592
0.621	0.000997531	0.000997531	0.000997531	0.000997531	567
0.622	0.000556835	0.000556835	0.000556835	0.000556835	556
0.623	0.000213097	0.000213097	0.000213097	0.000213097	565
0.624	0.00118792	0.00118792	0.00118792	0.00118792	563
0.625	6.84932e-05	6.84932e-05	6.84932e-05	6.84932e-05	584
0.626	0.000330233	0.000330233	0.000330233	0.000330233	602
0.627	7.58942e-05	7.58942e-05	7.58942e-05	7.58942e-05	643
0.628	-0.000142631	-0.000142631	-0.000142631	-0.000142631	631
0.629	-0.000197092	-0.000197092	-0.000197092	-0.000197092	619
0.63	-0.000704991	-0.000704991	-0.000704991	-0.000704991	581
0.631	-0.000522632	-0.000522632	-0.000522632	-0.000522632	623
0.632	0.000278261	0.000278261	0.000278261	0.000278261	598
0.633	-3.20513e-06	-3.20513e-06	-3.20513e-06	-3.20513e-06	624
0.634	-0.000141538	-0.000141538	-0.000141538	-0.000141538	585
0.635	0.000107432	0.000107432	0.000107432	0.000107432	592
0.636	-0.00110662	-0.00110662	-0.00110662	-0.00110662	544
0.637	-0.00153629	-0.00153629	-0.00153629	-0.00153629	609
0.638	-0.000887102	-0.000887102	-0.000887102	-0.000887102	597
0.639	-0.000568889	-0.000568889	-0.000568889	-0.000568889	630
0.64	0.000433544	0.000433544	0.000433544	0.000433544	632
0.641	0.000269711	0.000269711	0.000269711	0.000269711	657
0.642	-0.000374539	-0.000374539	-0.000374539	-0.000374539	597
0.643	0.000778767	0.000778767	0.000778767	0.000778767	584
0.644	-0.000943013	-0.000943013	-0.000943013	-0.000943013	551
0.645	-0.000144898	-0.000144898	-0.000144898	-0.000144898	588
0.646	-0.000965449	-0.000965449	-0.000965449	-0.000965449	602
0.647	-0.000610783	-0.000610783	-0.000610783	-0.000610783	575
0.648	-0.000625623	-0.000625623	-0.000625623	-0.000625623	562
0.649	0.00094589	0.00094589	0.00094589	0.00094589	584
0.65	-5.40541e-05	-5.40541e-05	-5.40541e-05	-5.40541e-05	555
0.651	0.000505373	0.000505373	0.000505373	0.000505373	577
0.652	-0.000768111	-0.000768111	-0.000768111	-0.000768111	577
0.653	-0.000395596	-0.000395596	-0.000395596	-0.000395596	545
0.654	-0.000423841	-0.000423841	-0.000423841	-0.000423841	604
0.655	-0.00053	-0.00053	-0.00053	-0.00053	560
0.656	-0.000994888	-0.000994888	-0.000994888	-0.000994888	626
0.657	-0.000398614	-0.000398614	-0.000398614	-0.000398614	577
0.658	0.00175758	0.00175758	0.00175758	0.00175758	594
0.659	-4.42831e-05	-4.42831e-05	-4.42831e-05	-4.42831e-05	551
0.66	0.000138408	0.000138408	0.000138408	0.000138408	578
0.661	-0.000573585	-0.000573585	-0.000573585	-0.000573585	583
0.662	0.00107579	0.00107579	0.00107579	0.00107579	541
0.663	0.000117766	0.000117766	0.000117766	0.000117766	591
0.664	-0.000380602	-0.000380602	-0.000380602	-0.000380602	598
0.665	-0.000627713	-0.000627713	-0.000627713	-0.000627713	599
0.666	0.000831597	0.000831597	0.000831597	0.000831597	595
0.667	-0.000437807	-0.000437807	-0.000437807	-0.000437807	529
0.668	9.41176e-06	9.41176e-06	9.41176e-06	9.41176e-06	510
0.669	0.000298582	0.000298582	0.000298582	0.000298582	564
0.67	-0.00032766	-0.00032766	-0.00032766	-0.00032766	564
0.671	-3.27645e-05	-3.27645e-05	-3.27645e-05	-3.27645e-05	586
0.672	-0.000692007	-0.000692007	-0.000692007	-0.000692007	563
0.673	8.25291e-05	8.25291e-05	8.25291e-05	8.25291e-05	601
0.674	-0.000121831	-0.000121831	-0.000121831	-0.000121831	568
0.675	-0.000367763	-0.000367763	-0.000367763	-0.000367763	608
0.676	0.000300625	0.000300625	0.000300625	0.000300625	640
0.677	-0.000248505	-0.000248505	-0.000248505	-0.000248505	602
0.678	0.000506977	0.000506977	0.000506977	0.000506977	602
0.679	0.000680069	0.000680069	0.000680069	0.000680069	577
0.68	-0.00022281	-0.00022281	-0.00022281	-0.00022281	605
0.681	0.0015218	0.0015218	0.0015218	0.0015218	578
0.682	-0.000344501	-0.000344501	-0.000344501	-0.000344501	591
0.683	0.000370897	0.000370897	0.000370897	0.000370897	591
0.684	0.000612893	0.000612893	0.000612893	0.000612893	605
0.685	0.00127555	0.00127555	0.00127555	0.00127555	593
0.686	-0.000784	-0.000784	-0.000784	-0.000784	600
0.687	-0.000340328	-0.000340328	-0.000340328	-0.000340328	610
0.688	0.000278957	0.000278957	0.000278957	0.000278957	575
0.689	-0.000325683	-0.000325683	-0.000325683	-0.000325683	549
0.69	0.000317384	0.000317384	0.000317384	0.000317384	581
0.691	-0.00101059	-0.00101059	-0.00101059	-0.00101059	623
0.692	0.000273647	0.000273647	0.000273647	0.000273647	573
0.693	-0.000991126	-0.000991126	-0.000991126	-0.000991126	586
0.694	-0.000934653	-0.000934653	-0.000934653	-0.000934653	606
0.695	-0.00068381	-0.00068381	-0.00068381	-0.00068381	630
0.696	-0.0003343	-0.0003343	-0.0003343	-0.0003343	621
0.697	-0.000766843	-0.000766843	-0.000766843	-0.000766843	567
0.698	-0.000189545	-0.000189545	-0.000189545	-0.000189545	593
0.699	-0.000572899	-0.000572899	-0.000572899	-0.000572899	583
0.7	-0.000782007	-0.000782007	-0.000782007	-0.000782007	578
0.701	-0.000701661	-0.000701661	-0.000701661	-0.000701661	602
0.702	0.000163696	0.000163696	0.000163696	0.000163696	606
0.703	-0.00049141	-0.00049141	-0.00049141	-0.00049141	617
0.704	-8.4507e-05	-8.4507e-05	-8.4507e-05	-8.4507e-05	639
0.705	0.000607107	0.000607107	0.000607107	0.000607107	591
0.706	-0.000193485	-0.000193485	-0.000193485	-0.000193485	614
0.707	-0.000747563	-0.000747563	-0.000747563	-0.000747563	595
0.708	-4.89209e-05	-4.89209e-05	-4.89209e-05	-4.89209e-05	556
0.709	0.000638342	0.000638342	0.000638342	0.000638342	579
0.71	-0.000454	-0.000454	-0.000454	-0.000454	600
0.711	0.000194562	0.000194562	0.000194562	0.000194562	662
0.712	-0.00015786	-0.00015786	-0.00015786	-0.00015786	598
0.713	-5.58923e-05	-5.58923e-05	-5.58923e-05	-5.58923e-05	594
0.714	-0.000935177	-0.000935177	-0.000935177	-0.000935177	651
0.715	0.000158814	0.000158814	0.000158814	0.000158814	607
0.716	5.41935e-05	5.41935e-05	5.41935e-05	5.41935e-05	620
0.717	0.000655806	0.000655806	0.000655806	0.000655806	577
0.718	0.000642254	0.000642254	0.000642254	0.000642254	568
0.719	0.000394286	0.000394286	0.000394286	0.000394286	560
0.72	0.000362761	0.000362761	0.000362761	0.000362761	623
0.721	0.000654983	0.000654983	0.000654983	0.000654983	582
0.722	0.00116042	0.00116042	0.00116042	0.00116042	576
0.723	0.00022848	0.00022848	0.00022848	0.00022848	625
0.724	0.000658023	0.000658023	0.000658023	0.000658023	617
0.725	-0.00070625	-0.00070625	-0.00070625	-0.00070625	640
0.726	-0.00116805	-0.00116805	-0.00116805	-0.00116805	651
0.727	0.000364959	0.000364959	0.000364959	0.000364959	605
0.728	0.000418065	0.000418065	0.000418065	0.000418065	620
0.729	0.00104403	0.00104403	0.00104403	0.00104403	595
0.73	0.000109213	0.000109213	0.000109213	0.000109213	597
0.731	-5.46816e-05	-5.46816e-05	-5.46816e-05	-5.46816e-05	534
0.732	0.000761356	0.000761356	0.000761356	0.000761356	590
0.733	-0.000407987	-0.000407987	-0.000407987	-0.000407987	601
0.734	-0.000165472	-0.000165472	-0.000165472	-0.000165472	614
0.735	2.7907e-05	2.7907e-05	2.7907e-05	2.7907e-05	602
0.736	0.000192988	0.000192988	0.000192988	0.000192988	599
0.737	-9.12752e-05	-9.12752e-05	-9.12752e-05	-9.12752e-05	596
0.738	-0.000618792	-0.000618792	-0.000618792	-0.000618792	596
0.739	-0.000537439	-0.000537439	-0.000537439	-0.000537439	617
0.74	-4.01316e-05	-4.01316e-05	-4.01316e-05	-4.01316e-05	608
0.741	-0.000203279	-0.000203279	-0.000203279	-0.000203279	610
0.742	-0.000579645	-0.000579645	-0.000579645	-0.000579645	619
0.743	0.00041804	0.00041804	0.00041804	0.00041804	643
0.744	-0.00017984	-0.00017984	-0.00017984	-0.00017984	625
0.745	0.000874074	0.000874074	0.000874074	0.000874074	621
0.746	-0.000131137	-0.000131137	-0.000131137	-0.000131137	607
0.747	-0.00037175	-0.00037175	-0.00037175	-0.00037175	623
0.748	5.58442e-05	5.58442e-05	5.58442e-05	5.58442e-05	616
0.749	-0.000740692	-0.000740692	-0.000740692	-0.000740692	607
0.75	-0.000298339	-0.000298339	-0.000298339	-0.000298339	602
0.751	-0.00104236	-0.00104236	-0.00104236	-0.00104236	543
0.752	-0.000710653	-0.000710653	-0.000710653	-0.000710653	582
0.753	-0.00146024	-0.00146024	-0.00146024	-0.00146024	581
0.754	-0.00130805	-0.00130805	-0.00130805	-0.00130805	596
0.755	-9.84071e-05	-9.84071e-05	-9.84071e-05	-9.84071e-05	565
0.756	0.000171714	0.000171714	0.000171714	0.000171714	601
0.757	-0.000248972	-0.000248972	-0.000248972	-0.000248972	535
0.758	0.000154167	0.000154167	0.000154167	0.000154167	576
0.759	-6.56304e-05	-6.56304e-05	-6.56304e-05	-6.56304e-05	579
0.76	0.00029527	0.00029527	0.00029527	0.00029527	592
0.761	0.000453333	0.000453333	0.000453333	0.000453333	570
0.762	-0.000562914	-0.000562914	-0.000562914	-0.000562914	604
0.763	-0.000572973	-0.000572973	-0.000572973	-0.000572973	592
0.764	0.00060746	0.00060746	0.00060746	0.00060746	563
0.765	0.000775	0.000775	0.000775	0.000775	560
0.766	0.000527599	0.000527599	0.000527599	0.000527599	558
0.767	-0.000260434	-0.000260434	-0.000260434	-0.000260434	599
0.768	4.04803e-05	4.04803e-05	4.04803e-05	4.04803e-05	583
0.769	0.0008864	0.0008864	0.0008864	0.0008864	625
0.77	0.000567918	0.000567918	0.000567918	0.000567918	586
0.771	-0.0006	-0.0006	-0.0006	-0.0006	604
0.772	0.000817953	0.000817953	0.000817953	0.000817953	557
0.773	-0.000230741	-0.000230741	-0.000230741	-0.000230741	553
0.774	0.000826162	0.000826162	0.000826162	0.000826162	581
0.775	-5.24823e-05	-5.24823e-05	-5.24823e-05	-5.24823e-05	564
0.776	0.000520074	0.000520074	0.000520074	0.000520074	543
0.777	-2.02166e-05	-2.02166e-05	-2.02166e-05	-2.02166e-05	554
0.778	0.00080868	0.00080868	0.00080868	0.00080868	553
0.779	0.000839706	0.000839706	0.000839706	0.000839706	544
0.78	-0.000366038	-0.000366038	-0.000366038	-0.000366038	530
0.781	0.000334142	0.000334142	0.000334142	0.000334142	577
0.782	0.000323774	0.000323774	0.000323774	0.000323774	530
0.783	-0.000533066	-0.000533066	-0.000533066	-0.000533066	499
0.784	0.000238951	0.000238951	0.000238951	0.000238951	534
0.785	0.00109258	0.00109258	0.00109258	0.00109258	566
0.786	-0.000683304	-0.000683304	-0.000683304	-0.000683304	569
0.787	0.000187097	0.000187097	0.000187097	0.000187097	558
0.788	0.00023676	0.00023676	0.00023676	0.00023676	642
0.789	0.000323188	0.000323188	0.000323188	0.000323188	552
0.79	-7.19723e-05	-7.19723e-05	-7.19723e-05	-7.19723e-05	578
0.791	-0.00058022	-0.00058022	-0.00058022	-0.00058022	546
0.792	5.12998e-05	5.12998e-05	5.12998e-05	5.12998e-05	577
0.793	-0.00151797	-0.00151797	-0.00151797	-0.00151797	551
0.794	-0.000517254	-0.000517254	-0.000517254	-0.000517254	539
0.795	-0.000144649	-0.000144649	-0.000144649	-0.000144649	542
0.796	-0.000727402	-0.000727402	-0.000727402	-0.000727402	562
0.797	-0.00137429	-0.00137429	-0.00137429	-0.00137429	560
0.798	-0.000534058	-0.000534058	-0.000534058	-0.000534058	552
0.799	-0.000825418	-0.000825418	-0.000825418	-0.000825418	598
0.8	-0.000913761	-0.000913761	-0.000913761	-0.000913761	545
0.801	-0.000823762	-0.000823762	-0.000823762	-0.000823762	505
0.802	-0.000352941	-0.000352941	-0.000352941	-0.000352941	561
0.803	-0.000601429	-0.000601429	-0.000601429	-0.000601429	560
0.804	-0.000772242	-0.000772242	-0.000772242	-0.000772242	562
0.805	-0.000588889	-0.000588889	-0.000588889	-0.000588889	576
0.806	-0.00103879	-0.00103879	-0.00103879	-0.00103879	531
0.807	4.92308e-05	4.92308e-05	4.92308e-05	4.92308e-05	520
0.808	-0.000612203	-0.000612203	-0.000612203	-0.000612203	590
0.809	-0.00099	-0.00099	-0.00099	-0.00099	520
0.81	-0.000244055	-0.000244055	-0.000244055	-0.000244055	513
0.811	-1.20527e-05	-1.20527e-05	-1.20527e-05	-1.20527e-05	531
0.812	0.000161441	0.000161441	0.000161441	0.000161441	555
0.813	-0.000392374	-0.000392374	-0.000392374	-0.000392374	577
0.814	-0.000215273	-0.000215273	-0.000215273	-0.000215273	550
0.815	0.000195841	0.000195841	0.000195841	0.000195841	529
0.816	-0.000332061	-0.000332061	-0.000332061	-0.000332061	524
0.817	0.000310019	0.000310019	0.000310019	0.000310019	529
0.818	0.000949903	0.000949903	0.000949903	0.000949903	515
0.819	-0.00036229	-0.00036229	-0.00036229	-0.00036229	594
0.82	-0.000506623	-0.000506623	-0.000506623	-0.000506623	604
0.821	0.000492833	0.000492833	0.000492833	0.000492833	586
0.822	0.000879195	0.000879195	0.000879195	0.000879195	596
0.823	0.00101966	0.00101966	0.00101966	0.00101966	590
0.824	0.000421841	0.000421841	0.000421841	0.000421841	641
0.825	-0.00021632	-0.00021632	-0.00021632	-0.00021632	625
0.826	-0.000578404	-0.000578404	-0.000578404	-0.000578404	639
0.827	0.000131796	0.000131796	0.000131796	0.000131796	607
0.828	0.00072062	0.00072062	0.00072062	0.00072062	645
0.829	0.000569657	0.000569657	0.000569657	0.000569657	613
0.83	0.000790923	0.000790923	0.000790923	0.000790923	661
0.831	0.00192333	0.00192333	0.00192333	0.00192333	673
0.832	3.84496e-05	3.84496e-05	3.84496e-05	3.84496e-05	645
0.833	-0.000263283	-0.000263283	-0.000263283	-0.000263283	591
0.834	0.000494859	0.000494859	0.000494859	0.000494859	603
0.835	0.000187138	0.000187138	0.000187138	0.000187138	622
0.836	-0.000149495	-0.000149495	-0.000149495	-0.000149495	594
0.837	0.000414511	0.000414511	0.000414511	0.000414511	634
0.838	0.000200685	0.000200685	0.000200685	0.000200685	584
0.839	-0.000508486	-0.000508486	-0.000508486	-0.000508486	601
0.84	0.000836239	0.000836239	0.000836239	0.000836239	585
0.841	0.000269459	0.000269459	0.000269459	0.000269459	573
0.842	9.15493e-05	9.15493e-05	9.15493e-05	9.15493e-05	568
0.843	-0.000791531	-0.000791531	-0.000791531	-0.000791531	614
0.844	0.000123824	0.000123824	0.000123824	0.000123824	659
0.845	-0.000370465	-0.000370465	-0.000370465	-0.000370465	623
0.846	-0.000835144	-0.000835144	-0.000835144	-0.000835144	626
0.847	-1.60991e-05	-1.60991e-05	-1.60991e-05	-1.60991e-05	646
0.848	-0.000339535	-0.000339535	-0.000339535	-0.000339535	602
0.849	-0.000406745	-0.000406745	-0.000406745	-0.000406745	593
0.85	-0.000108725	-0.000108725	-0.000108725	-0.000108725	596
0.851	-0.000280282	-0.000280282	-0.000280282	-0.000280282	568
0.852	-0.000226667	-0.000226667	-0.000226667	-0.000226667	630
0.853	-0.000561468	-0.000561468	-0.000561468	-0.000561468	654
0.854	-0.000285906	-0.000285906	-0.000285906	-0.000285906	596
0.855	-0.000859259	-0.000859259	-0.000859259	-0.000859259	567
0.856	-0.000881895	-0.000881895	-0.000881895	-0.000881895	591
0.857	-0.000780634	-0.000780634	-0.000780634	-0.000780634	599
0.858	0.00046443	0.00046443	0.00046443	0.00046443	596
0.859	-0.000419529	-0.000419529	-0.000419529	-0.000419529	594
0.86	-0.000633223	-0.000633223	-0.000633223	-0.000633223	602
0.861	-0.000287813	-0.000287813	-0.000287813	-0.000287813	599
0.862	-0.000417606	-0.000417606	-0.000417606	-0.000417606	568
0.863	5.93857e-05	5.93857e-05	5.93857e-05	5.93857e-05	586
0.864	7.24058e-20	7.24058e-20	7.24058e-20	7.24058e-20	575
0.865	-0.000145581	-0.000145581	-0.000145581	-0.000145581	577
0.866	-0.000886424	-0.000886424	-0.000886424	-0.000886424	523
0.867	-0.000681159	-0.000681159	-0.000681159	-0.000681159	552
0.868	0.000243446	0.000243446	0.000243446	0.000243446	534
0.869	-0.000574492	-0.000574492	-0.000574492	-0.000574492	541
0.87	-0.000120599	-0.000120599	-0.000120599	-0.000120599	534
0.871	-0.00112	-0.00112	-0.00112	-0.00112	600
0.872	-0.00179158	-0.00179158	-0.00179158	-0.00179158	570
0.873	-0.00100702	-0.00100702	-0.00100702	-0.00100702	541
0.874	-0.000214617	-0.000214617	-0.000214617	-0.000214617	561
0.875	-0.000503248	-0.000503248	-0.000503248	-0.000503248	585
0.876	-0.00140134	-0.00140134	-0.00140134	-0.00140134	598
0.877	-0.000919349	-0.000919349	-0.000919349	-0.000919349	553
0.878	-0.000609836	-0.000609836	-0.000609836	-0.000609836	610
0.879	-0.000401327	-0.000401327	-0.000401327	-0.000401327	603
0.88	-0.00140034	-0.00140034	-0.00140034	-0.00140034	589
0.881	-0.000475241	-0.000475241	-0.000475241	-0.000475241	622
0.882	0.000454217	0.000454217	0.000454217	0.000454217	664
0.883	4.47326e-05	4.47326e-05	4.47326e-05	4.47326e-05	617
0.884	7.63407e-05	7.63407e-05	7.63407e-05	7.63407e-05	634
0.885	0.000209587	0.000209587	0.000209587	0.000209587	605
0.886	0.000593865	0.000593865	0.000593865	0.000593865	652
0.887	-0.000389983	-0.000389983	-0.000389983	-0.000389983	599
0.888	-0.000443137	-0.000443137	-0.000443137	-0.000443137	612
0.889	0.000326429	0.000326429	0.000326429	0.000326429	560
0.89	-0.000668034	-0.000668034	-0.000668034	-0.000668034	585
0.891	0.000422297	0.000422297	0.000422297	0.000422297	592
0.892	-0.000143836	-0.000143836	-0.000143836	-0.000143836	584
0.893	0.000502547	0.000502547	0.000502547	0.000502547	589
0.894	0.00123398	0.00123398	0.00123398	0.00123398	565
0.895	-0.000807005	-0.000807005	-0.000807005	-0.000807005	571
0.896	0.000503461	0.000503461	0.000503461	0.000503461	549
0.897	0.000245065	0.000245065	0.000245065	0.000245065	537
0.898	0.0010381	0.0010381	0.0010381	0.0010381	546
0.899	0.000940824	0.000940824	0.000940824	0.000940824	534
0.9	0.000279152	0.000279152	0.000279152	0.000279152	566
0.901	0.000434991	0.000434991	0.000434991	0.000434991	583
0.902	0.000329494	0.000329494	0.000329494	0.000329494	573
0.903	0.00142492	0.00142492	0.00142492	0.00142492	594
0.904	0.00113219	0.00113219	0.00113219	0.00113219	584
0.905	0.000329693	0.000329693	0.000329693	0.000329693	586
0.906	0.000341969	0.000341969	0.000341969	0.000341969	579
0.907	-0.000978163	-0.000978163	-0.000978163	-0.000978163	577
0.908	0.000775524	0.000775524	0.000775524	0.000775524	572
0.909	9.72222e-06	9.72222e-06	9.72222e-06	9.72222e-06	576
0.91	-3.40909e-05	-3.40909e-05	-3.40909e-05	-3.40909e-05	528
0.911	0.00106202	0.00106202	0.00106202	0.00106202	574
0.912	0.000494237	0.000494237	0.000494237	0.000494237	590
0.913	0.000639273	0.000639273	0.000639273	0.000639273	550
0.914	-1.34003e-06	-1.34003e-06	-1.34003e-06	-1.34003e-06	597
0.915	0.000208966	0.000208966	0.000208966	0.000208966	580
0.916	0.000128196	0.000128196	0.000128196	0.000128196	571
0.917	0.000263932	0.000263932	0.000263932	0.000263932	585
0.918	-0.000350515	-0.000350515	-0.000350515	-0.000350515	582
0.919	-0.000378876	-0.000378876	-0.000378876	-0.000378876	587
0.92	-0.000146141	-0.000146141	-0.000146141	-0.000146141	583
0.921	-6.04317e-05	-6.04317e-05	-6.04317e-05	-6.04317e-05	556
0.922	-0.000396283	-0.000396283	-0.000396283	-0.000396283	538
0.923	0.00136699	0.00136699	0.00136699	0.00136699	515
0.924	0.000493238	0.000493238	0.000493238	0.000493238	562
0.925	7.98507e-05	7.98507e-05	7.98507e-05	7.98507e-05	536
0.926	0.00116794	0.00116794	0.00116794	0.00116794	549
0.927	-0.000158895	-0.000158895	-0.000158895	-0.000158895	579
0.928	0.000958437	0.000958437	0.000958437	0.000958437	563
0.929	-0.000168496	-0.000168496	-0.000168496	-0.000168496	565
0.93	0.000406338	0.000406338	0.000406338	0.000406338	568
0.931	-0.000238961	-0.000238961	-0.000238961	-0.000238961	539
0.932	0.00019589	0.00019589	0.00019589	0.00019589	584
0.933	-0.000125461	-0.000125461	-0.000125461	-0.000125461	542
0.934	-0.000758394	-0.000758394	-0.000758394	-0.000758394	548
0.935	-0.0015873	-0.0015873	-0.0015873	-0.0015873	504
0.936	-0.000155212	-0.000155212	-0.000155212	-0.000155212	518
0.937	-0.000125328	-0.000125328	-0.000125328	-0.000125328	533
0.938	-8.91429e-05	-8.91429e-05	-8.91429e-05	-8.91429e-05	525
0.939	0.000102024	0.000102024	0.000102024	0.000102024	494
0.94	-0.000338519	-0.000338519	-0.000338519	-0.000338519	540
0.941	0.000424314	0.000424314	0.000424314	0.000424314	510
0.942	0.000406729	0.000406729	0.000406729	0.000406729	535
0.943	0.000162457	0.000162457	0.000162457	0.000162457	586
0.944	3.9356e-05	3.9356e-05	3.9356e-05	3.9356e-05	559
0.945	0.000808118	0.000808118	0.000808118	0.000808118	542
0.946	0.000207568	0.000207568	0.000207568	0.000207568	555
0.947	-4.38757e-05	-4.38757e-05	-4.38757e-05	-4.38757e-05	547
0.948	-0.000326078	-0.000326078	-0.000326078	-0.000326078	487
0.949	0.000336765	0.000336765	0.000336765	0.000336765	544
0.95	0.000857043	0.000857043	0.000857043	0.000857043	575
0.951	-0.000527599	-0.000527599	-0.000527599	-0.000527599	558
0.952	0.000757461	0.000757461	0.000757461	0.000757461	583
0.953	-0.000901115	-0.000901115	-0.000901115	-0.000901115	538
0.954	-0.000745763	-0.000745763	-0.000745763	-0.000745763	531
0.955	-0.000531608	-0.000531608	-0.000531608	-0.000531608	541
0.956	-0.00125833	-0.00125833	-0.00125833	-0.00125833	576
0.957	-0.000444788	-0.000444788	-0.000444788	-0.000444788	518
0.958	-0.000145825	-0.000145825	-0.000145825	-0.000145825	491
0.959	0.00077931	0.00077931	0.00077931	0.00077931	580
0.96	0.000656	0.000656	0.000656	0.000656	525
0.961	0.000491636	0.000491636	0.000491636	0.000491636	550
0.962	0.000328739	0.000328739	0.000328739	0.000328739	595
0.963	0.000378305	0.000378305	0.000378305	0.000378305	590
0.964	-0.000392982	-0.000392982	-0.000392982	-0.000392982	570
0.965	0.000229716	0.000229716	0.000229716	0.000229716	599
0.966	-0.000714191	-0.000714191	-0.000714191	-0.000714191	606
0.967	-0.00034792	-0.00034792	-0.00034792	-0.00034792	553
0.968	0.000274368	0.000274368	0.000274368	0.000274368	554
0.969	-0.00038258	-0.00038258	-0.00038258	-0.00038258	597
0.97	-0.000456738	-0.000456738	-0.000456738	-0.000456738	564
0.971	-0.000316049	-0.000316049	-0.000316049	-0.000316049	648
0.972	-1.44975e-05	-1.44975e-05	-1.44975e-05	-1.44975e-05	607
0.973	0.00064918	0.00064918	0.00064918	0.00064918	610
0.974	0.000526765	0.000526765	0.000526765	0.000526765	609
0.975	5.27473e-05	5.27473e-05	5.27473e-05	5.27473e-05	546
0.976	-0.00062315	-0.00062315	-0.00062315	-0.00062315	527
0.977	-8.25397e-05	-8.25397e-05	-8.25397e-05	-8.25397e-05	567
0.978	-0.00041235	-0.00041235	-0.00041235	-0.00041235	583
0.979	-0.000292977	-0.000292977	-0.000292977	-0.000292977	598
0.98	-0.000160862	-0.000160862	-0.000160862	-0.000160862	557
0.981	0.000429582	0.000429582	0.000429582	0.000429582	622
0.982	-0.000436	-0.000436	-0.000436	-0.000436	600
0.983	0.000365897	0.000365897	0.000365897	0.000365897	563
0.984	-0.000630261	-0.000630261	-0.000630261	-0.000630261	575
0.985	0.000334317	0.000334317	0.000334317	0.000334317	542
0.986	0.00232476	0.00232476	0.00232476	0.00232476	521
0.987	0.000559704	0.000559704	0.000559704	0.000559704	541
0.988	-0.00122294	-0.00122294	-0.00122294	-0.00122294	523
0.989	0.000508624	0.000508624	0.000508624	0.000508624	545
0.99	0.000844147	0.000844147	0.000844147	0.000844147	598
0.991	-5.06066e-05	-5.06066e-05	-5.06066e-05	-5.06066e-05	577
0.992	-0.000114077	-0.000114077	-0.000114077	-0.000114077	547
0.993	-0.000751494	-0.000751494	-0.000751494	-0.000751494	569
0.994	0.000210896	0.000210896	0.000210896	0.000210896	569
0.995	0.000594413	0.000594413	0.000594413	0.000594413	537
0.996	0.000386691	0.000386691	0.000386691	0.000386691	541
0.997	0.00122731	0.00122731	0.00122731	0.00122731	542
0.998	-6.72504e-05	-6.72504e-05	-6.72504e-05	-6.72504e-05	571
0.999	-0.000233277	-0.000233277	-0.000233277	-0.000233277	595
1	0.00164818	0.00164818	0.00164818	0.00164818	548
