0.001	0.0876038	0.0876038	0.0876038	0.0876038	1265
0.002	0.0814741	0.0814741	0.0814741	0.0814741	883
0.003	0.0768286	0.0768286	0.0768286	0.0768286	672
0.004	0.0684995	0.0684995	0.0684995	0.0684995	563
0.005	0.0617938	0.0617938	0.0617938	0.0617938	485
0.006	0.0562946	0.0562946	0.0562946	0.0562946	459
0.007	0.0550769	0.0550769	0.0550769	0.0550769	364
0.008	0.0470519	0.0470519	0.0470519	0.0470519	297
0.009	0.0498148	0.0498148	0.0498148	0.0498148	311
0.01	0.0443873	0.0443873	0.0443873	0.0443873	251
0.011	0.0370522	0.0370522	0.0370522	0.0370522	276
0.012	0.0386519	0.0386519	0.0386519	0.0386519	235
0.013	0.0351415	0.0351415	0.0351415	0.0351415	253
0.014	0.0282026	0.0282026	0.0282026	0.0282026	235
0.015	0.0217371	0.0217371	0.0217371	0.0217371	245
0.016	0.0257836	0.0257836	0.0257836	0.0257836	183
0.017	0.0241021	0.0241021	0.0241021	0.0241021	188
0.018	0.0252	0.0252	0.0252	0.0252	167
0.019	0.0255576	0.0255576	0.0255576	0.0255576	170
0.02	0.0196095	0.0196095	0.0196095	0.0196095	168
0.021	0.0142842	0.0142842	0.0142842	0.0142842	152
0.022	0.01728	0.01728	0.01728	0.01728	165
0.023	0.0167367	0.0167367	0.0167367	0.0167367	177
0.024	0.0100379	0.0100379	0.0100379	0.0100379	190
0.025	0.00658429	0.00658429	0.00658429	0.00658429	191
0.026	0.0137661	0.0137661	0.0137661	0.0137661	171
0.027	0.0140463	0.0140463	0.0140463	0.0140463	164
0.028	0.0165294	0.0165294	0.0165294	0.0165294	136
0.029	0.0143576	0.0143576	0.0143576	0.0143576	151
0.03	0.0100442	0.0100442	0.0100442	0.0100442	154
0.031	0.0109595	0.0109595	0.0109595	0.0109595	158
0.032	0.0103051	0.0103051	0.0103051	0.0103051	156
0.033	0.00979459	0.00979459	0.00979459	0.00979459	185
0.034	0.0129838	0.0129838	0.0129838	0.0129838	148
0.035	0.00885641	0.00885641	0.00885641	0.00885641	156
0.036	0.0116503	0.0116503	0.0116503	0.0116503	159
0.037	0.0029193	0.0029193	0.0029193	0.0029193	171
0.038	0.00467711	0.00467711	0.00467711	0.00467711	166
0.039	0.0030255	0.0030255	0.0030255	0.0030255	149
0.04	0.00504	0.00504	0.00504	0.00504	180
0.041	0.0021035	0.0021035	0.0021035	0.0021035	143
0.042	0.0059976	0.0059976	0.0059976	0.0059976	167
0.043	0.00140732	0.00140732	0.00140732	0.00140732	164
0.044	0.00369005	0.00369005	0.00369005	0.00369005	191
0.045	0.00377754	0.00377754	0.00377754	0.00377754	187
0.046	0.00348743	0.00348743	0.00348743	0.00348743	167
0.047	0.001854	0.001854	0.001854	0.001854	200
0.048	-9.30233e-06	-9.30233e-06	-9.30233e-06	-9.30233e-06	172
0.049	0.00346826	0.00346826	0.00346826	0.00346826	167
0.05	0.00222947	0.00222947	0.00222947	0.00222947	190
0.051	0.00199617	0.00199617	0.00199617	0.00199617	209
0.052	0.0041932	0.0041932	0.0041932	0.0041932	147
0.053	0.000770621	0.000770621	0.000770621	0.000770621	177
0.054	-0.000937143	-0.000937143	-0.000937143	-0.000937143	140
0.055	0.00282439	0.00282439	0.00282439	0.00282439	164
0.056	-0.000376879	-0.000376879	-0.000376879	-0.000376879	173
0.057	-0.000568889	-0.000568889	-0.000568889	-0.000568889	180
0.058	-0.000648045	-0.000648045	-0.000648045	-0.000648045	179
0.059	-0.000214765	-0.000214765	-0.000214765	-0.000214765	149
0.06	0.00200419	0.00200419	0.00200419	0.00200419	191
0.061	2.43902e-05	2.43902e-05	2.43902e-05	2.43902e-05	164
0.062	0.000230952	0.000230952	0.000230952	0.000230952	168
0.063	0.0033711	0.0033711	0.0033711	0.0033711	173
0.064	-0.000494118	-0.000494118	-0.000494118	-0.000494118	170
0.065	0.00107342	0.00107342	0.00107342	0.00107342	158
0.066	0.00100364	0.00100364	0.00100364	0.00100364	165
0.067	0.000778947	0.000778947	0.000778947	0.000778947	152
0.068	0.00331228	0.00331228	0.00331228	0.00331228	114
0.069	0.00176923	0.00176923	0.00176923	0.00176923	130
0.07	-0.0023071	-0.0023071	-0.0023071	-0.0023071	155
0.071	0.00227516	0.00227516	0.00227516	0.00227516	157
0.072	0.00337333	0.00337333	0.00337333	0.00337333	150
0.073	0.00225231	0.00225231	0.00225231	0.00225231	130
0.074	0.00105166	0.00105166	0.00105166	0.00105166	151
0.075	0.00212414	0.00212414	0.00212414	0.00212414	174
0.076	0.00180392	0.00180392	0.00180392	0.00180392	153
0.077	0.004744	0.004744	0.004744	0.004744	150
0.078	0.00227302	0.00227302	0.00227302	0.00227302	126
0.079	0.00733115	0.00733115	0.00733115	0.00733115	122
0.08	0.00508456	0.00508456	0.00508456	0.00508456	149
0.081	-0.0023874	-0.0023874	-0.0023874	-0.0023874	127
0.082	0.000246667	0.000246667	0.000246667	0.000246667	120
0.083	0.00665401	0.00665401	0.00665401	0.00665401	137
0.084	-0.000244295	-0.000244295	-0.000244295	-0.000244295	149
0.085	-0.0013	-0.0013	-0.0013	-0.0013	124
0.086	-0.000724183	-0.000724183	-0.000724183	-0.000724183	153
0.087	0.00169323	0.00169323	0.00169323	0.00169323	133
0.088	-0.000582781	-0.000582781	-0.000582781	-0.000582781	151
0.089	0.000259603	0.000259603	0.000259603	0.000259603	151
0.09	0.00156774	0.00156774	0.00156774	0.00156774	124
0.091	0.00112418	0.00112418	0.00112418	0.00112418	153
0.092	0.00366269	0.00366269	0.00366269	0.00366269	134
0.093	-0.00158286	-0.00158286	-0.00158286	-0.00158286	140
0.094	8.51064e-05	8.51064e-05	8.51064e-05	8.51064e-05	141
0.095	0.000996774	0.000996774	0.000996774	0.000996774	124
0.096	0.00147317	0.00147317	0.00147317	0.00147317	123
0.097	0.0026	0.0026	0.0026	0.0026	154
0.098	0.00329195	0.00329195	0.00329195	0.00329195	174
0.099	0.00322222	0.00322222	0.00322222	0.00322222	144
0.1	0.00672208	0.00672208	0.00672208	0.00672208	154
0.101	0.0105263	0.0105263	0.0105263	0.0105263	152
0.102	0.00390355	0.00390355	0.00390355	0.00390355	141
0.103	0.00615821	0.00615821	0.00615821	0.00615821	134
0.104	0.0022375	0.0022375	0.0022375	0.0022375	160
0.105	0.00794331	0.00794331	0.00794331	0.00794331	127
0.106	0.00392195	0.00392195	0.00392195	0.00392195	164
0.107	0.00145	0.00145	0.00145	0.00145	168
0.108	0.00462484	0.00462484	0.00462484	0.00462484	153
0.109	0.00305974	0.00305974	0.00305974	0.00305974	154
0.11	0.00461951	0.00461951	0.00461951	0.00461951	164
0.111	0.00141272	0.00141272	0.00141272	0.00141272	173
0.112	0.00497778	0.00497778	0.00497778	0.00497778	162
0.113	0.00184337	0.00184337	0.00184337	0.00184337	166
0.114	-0.000349045	-0.000349045	-0.000349045	-0.000349045	157
0.115	0.00435238	0.00435238	0.00435238	0.00435238	168
0.116	0.000497902	0.000497902	0.000497902	0.000497902	143
0.117	0.000209524	0.000209524	0.000209524	0.000209524	147
0.118	0.00115405	0.00115405	0.00115405	0.00115405	148
0.119	0.001728	0.001728	0.001728	0.001728	150
0.12	0.0020805	0.0020805	0.0020805	0.0020805	159
0.121	0.000805674	0.000805674	0.000805674	0.000805674	141
0.122	-0.000843537	-0.000843537	-0.000843537	-0.000843537	147
0.123	0.000231724	0.000231724	0.000231724	0.000231724	145
0.124	0.000549677	0.000549677	0.000549677	0.000549677	155
0.125	0.00225714	0.00225714	0.00225714	0.00225714	140
0.126	0.00132857	0.00132857	0.00132857	0.00132857	140
0.127	0.00276279	0.00276279	0.00276279	0.00276279	129
0.128	0.00350085	0.00350085	0.00350085	0.00350085	117
0.129	0.00144412	0.00144412	0.00144412	0.00144412	136
0.13	0.000929323	0.000929323	0.000929323	0.000929323	133
0.131	0.000638849	0.000638849	0.000638849	0.000638849	139
0.132	0.00163836	0.00163836	0.00163836	0.00163836	146
0.133	-0.00267647	-0.00267647	-0.00267647	-0.00267647	136
0.134	0.000577011	0.000577011	0.000577011	0.000577011	174
0.135	-0.000813873	-0.000813873	-0.000813873	-0.000813873	173
0.136	-0.000228188	-0.000228188	-0.000228188	-0.000228188	149
0.137	0.00255325	0.00255325	0.00255325	0.00255325	154
0.138	0.0027	0.0027	0.0027	0.0027	152
0.139	0.00145816	0.00145816	0.00145816	0.00145816	141
0.14	0.00153613	0.00153613	0.00153613	0.00153613	119
0.141	-0.00104106	-0.00104106	-0.00104106	-0.00104106	151
0.142	0.0020381	0.0020381	0.0020381	0.0020381	126
0.143	0.000486842	0.000486842	0.000486842	0.000486842	152
0.144	-0.00109274	-0.00109274	-0.00109274	-0.00109274	179
0.145	-0.00299012	-0.00299012	-0.00299012	-0.00299012	162
0.146	-0.000382609	-0.000382609	-0.000382609	-0.000382609	161
0.147	0.00102599	0.00102599	0.00102599	0.00102599	177
0.148	-0.00156648	-0.00156648	-0.00156648	-0.00156648	179
0.149	-0.000498824	-0.000498824	-0.000498824	-0.000498824	170
0.15	0.00162857	0.00162857	0.00162857	0.00162857	154
0.151	-0.000574359	-0.000574359	-0.000574359	-0.000574359	156
0.152	0.000423377	0.000423377	0.000423377	0.000423377	154
0.153	-0.00205563	-0.00205563	-0.00205563	-0.00205563	151
0.154	-0.001005	-0.001005	-0.001005	-0.001005	160
0.155	-0.00260964	-0.00260964	-0.00260964	-0.00260964	166
0.156	-0.00290411	-0.00290411	-0.00290411	-0.00290411	146
0.157	-0.00032	-0.00032	-0.00032	-0.00032	155
0.158	-0.00261556	-0.00261556	-0.00261556	-0.00261556	180
0.159	0.000313772	0.000313772	0.000313772	0.000313772	167
0.16	0.00206506	0.00206506	0.00206506	0.00206506	166
0.161	0.000111243	0.000111243	0.000111243	0.000111243	169
0.162	-0.00125217	-0.00125217	-0.00125217	-0.00125217	161
0.163	0.00140351	0.00140351	0.00140351	0.00140351	171
0.164	-0.00110851	-0.00110851	-0.00110851	-0.00110851	188
0.165	-0.0014929	-0.0014929	-0.0014929	-0.0014929	183
0.166	-0.00115	-0.00115	-0.00115	-0.00115	168
0.167	-0.000347619	-0.000347619	-0.000347619	-0.000347619	168
0.168	0.00105537	0.00105537	0.00105537	0.00105537	177
0.169	0.00321633	0.00321633	0.00321633	0.00321633	196
0.17	0.00107742	0.00107742	0.00107742	0.00107742	186
0.171	0.003248	0.003248	0.003248	0.003248	200
0.172	-0.000175401	-0.000175401	-0.000175401	-0.000175401	187
0.173	-0.000397484	-0.000397484	-0.000397484	-0.000397484	159
0.174	0.000989595	0.000989595	0.000989595	0.000989595	173
0.175	0.000225137	0.000225137	0.000225137	0.000225137	183
0.176	0.000130909	0.000130909	0.000130909	0.000130909	165
0.177	0.00440764	0.00440764	0.00440764	0.00440764	157
0.178	0.00216901	0.00216901	0.00216901	0.00216901	142
0.179	0.00091018	0.00091018	0.00091018	0.00091018	167
0.18	0.000989313	0.000989313	0.000989313	0.000989313	131
0.181	-0.000899363	-0.000899363	-0.000899363	-0.000899363	157
0.182	0.00115696	0.00115696	0.00115696	0.00115696	158
0.183	0.000919481	0.000919481	0.000919481	0.000919481	154
0.184	0.000903226	0.000903226	0.000903226	0.000903226	155
0.185	0.000428758	0.000428758	0.000428758	0.000428758	153
0.186	0.00134493	0.00134493	0.00134493	0.00134493	138
0.187	0.00425985	0.00425985	0.00425985	0.00425985	137
0.188	0.0037284	0.0037284	0.0037284	0.0037284	162
0.189	0.00418246	0.00418246	0.00418246	0.00418246	171
0.19	0.00369351	0.00369351	0.00369351	0.00369351	154
0.191	0.00234737	0.00234737	0.00234737	0.00234737	152
0.192	-0.00150184	-0.00150184	-0.00150184	-0.00150184	163
0.193	0.00234667	0.00234667	0.00234667	0.00234667	165
0.194	0.0031253	0.0031253	0.0031253	0.0031253	166
0.195	0.0016225	0.0016225	0.0016225	0.0016225	160
0.196	0.00115	0.00115	0.00115	0.00115	152
0.197	0.000616296	0.000616296	0.000616296	0.000616296	135
0.198	0.000515436	0.000515436	0.000515436	0.000515436	149
0.199	0.00267353	0.00267353	0.00267353	0.00267353	136
0.2	0.00320559	0.00320559	0.00320559	0.00320559	143
0.201	0.00080315	0.00080315	0.00080315	0.00080315	127
0.202	0.00271594	0.00271594	0.00271594	0.00271594	138
0.203	0.00244476	0.00244476	0.00244476	0.00244476	143
0.204	0.00364444	0.00364444	0.00364444	0.00364444	135
0.205	-0.000315447	-0.000315447	-0.000315447	-0.000315447	123
0.206	-0.000619672	-0.000619672	-0.000619672	-0.000619672	122
0.207	0.000375	0.000375	0.000375	0.000375	144
0.208	-0.00149291	-0.00149291	-0.00149291	-0.00149291	127
0.209	0.00256	0.00256	0.00256	0.00256	140
0.21	0.0031403	0.0031403	0.0031403	0.0031403	134
0.211	0.0025557	0.0025557	0.0025557	0.0025557	149
0.212	0.00238981	0.00238981	0.00238981	0.00238981	157
0.213	0.00308166	0.00308166	0.00308166	0.00308166	169
0.214	0.00258301	0.00258301	0.00258301	0.00258301	153
0.215	0.00146133	0.00146133	0.00146133	0.00146133	150
0.216	-0.000404878	-0.000404878	-0.000404878	-0.000404878	164
0.217	0.0033875	0.0033875	0.0033875	0.0033875	128
0.218	0.00134412	0.00134412	0.00134412	0.00134412	136
0.219	0.00167914	0.00167914	0.00167914	0.00167914	187
0.22	-0.000789011	-0.000789011	-0.000789011	-0.000789011	182
0.221	0.00198849	0.00198849	0.00198849	0.00198849	139
0.222	0.000273016	0.000273016	0.000273016	0.000273016	126
0.223	-0.000746875	-0.000746875	-0.000746875	-0.000746875	128
0.224	-0.00263484	-0.00263484	-0.00263484	-0.00263484	155
0.225	0.00168611	0.00168611	0.00168611	0.00168611	144
0.226	-0.00222734	-0.00222734	-0.00222734	-0.00222734	139
0.227	-0.00271475	-0.00271475	-0.00271475	-0.00271475	122
0.228	-0.00225098	-0.00225098	-0.00225098	-0.00225098	153
0.229	-0.001235	-0.001235	-0.001235	-0.001235	160
0.23	-0.000464336	-0.000464336	-0.000464336	-0.000464336	143
0.231	-0.00162017	-0.00162017	-0.00162017	-0.00162017	119
0.232	-0.00168966	-0.00168966	-0.00168966	-0.00168966	116
0.233	-0.00252216	-0.00252216	-0.00252216	-0.00252216	167
0.234	-0.000665031	-0.000665031	-0.000665031	-0.000665031	163
0.235	0.000667586	0.000667586	0.000667586	0.000667586	145
0.236	-0.000407595	-0.000407595	-0.000407595	-0.000407595	158
0.237	-0.00158108	-0.00158108	-0.00158108	-0.00158108	148
0.238	-0.00109686	-0.00109686	-0.00109686	-0.00109686	159
0.239	0.000130233	0.000130233	0.000130233	0.000130233	172
0.24	-0.00140263	-0.00140263	-0.00140263	-0.00140263	152
0.241	-0.00260403	-0.00260403	-0.00260403	-0.00260403	149
0.242	-0.00130058	-0.00130058	-0.00130058	-0.00130058	171
0.243	-0.00143129	-0.00143129	-0.00143129	-0.00143129	147
0.244	0.00025036	0.00025036	0.00025036	0.00025036	139
0.245	-0.000388811	-0.000388811	-0.000388811	-0.000388811	143
0.246	-0.00147413	-0.00147413	-0.00147413	-0.00147413	143
0.247	-0.00257955	-0.00257955	-0.00257955	-0.00257955	176
0.248	-0.000338798	-0.000338798	-0.000338798	-0.000338798	183
0.249	-0.00209441	-0.00209441	-0.00209441	-0.00209441	161
0.25	0.00134268	0.00134268	0.00134268	0.00134268	157
0.251	-0.00183721	-0.00183721	-0.00183721	-0.00183721	172
0.252	-0.00247324	-0.00247324	-0.00247324	-0.00247324	142
0.253	-0.000238636	-0.000238636	-0.000238636	-0.000238636	176
0.254	-0.00151602	-0.00151602	-0.00151602	-0.00151602	181
0.255	-1.98758e-05	-1.98758e-05	-1.98758e-05	-1.98758e-05	161
0.256	-0.000561905	-0.000561905	-0.000561905	-0.000561905	168
0.257	-0.000346853	-0.000346853	-0.000346853	-0.000346853	143
0.258	0.000956863	0.000956863	0.000956863	0.000956863	153
0.259	-0.00025697	-0.00025697	-0.00025697	-0.00025697	165
0.26	-0.00145409	-0.00145409	-0.00145409	-0.00145409	159
0.261	-0.000915337	-0.000915337	-0.000915337	-0.000915337	163
0.262	-0.000425946	-0.000425946	-0.000425946	-0.000425946	185
0.263	-0.00136766	-0.00136766	-0.00136766	-0.00136766	167
0.264	-0.00054186	-0.00054186	-0.00054186	-0.00054186	172
0.265	-0.00154378	-0.00154378	-0.00154378	-0.00154378	185
0.266	-0.0025896	-0.0025896	-0.0025896	-0.0025896	173
0.267	-0.00085	-0.00085	-0.00085	-0.00085	184
0.268	0.00168435	0.00168435	0.00168435	0.00168435	147
0.269	0.00113333	0.00113333	0.00113333	0.00113333	168
0.27	-0.00199737	-0.00199737	-0.00199737	-0.00199737	152
0.271	-0.0010876	-0.0010876	-0.0010876	-0.0010876	121
0.272	-0.00332	-0.00332	-0.00332	-0.00332	160
0.273	-0.00435088	-0.00435088	-0.00435088	-0.00435088	171
0.274	-0.00218113	-0.00218113	-0.00218113	-0.00218113	159
0.275	-0.000323077	-0.000323077	-0.000323077	-0.000323077	156
0.276	-0.00246194	-0.00246194	-0.00246194	-0.00246194	155
0.277	-0.000897872	-0.000897872	-0.000897872	-0.000897872	188
0.278	-0.000582857	-0.000582857	-0.000582857	-0.000582857	140
0.279	-0.00148358	-0.00148358	-0.00148358	-0.00148358	134
0.28	0.00314103	0.00314103	0.00314103	0.00314103	156
0.281	-0.000975676	-0.000975676	-0.000975676	-0.000975676	148
0.282	0.000546087	0.000546087	0.000546087	0.000546087	115
0.283	0.000409917	0.000409917	0.000409917	0.000409917	121
0.284	-0.0044623	-0.0044623	-0.0044623	-0.0044623	122
0.285	-0.00132093	-0.00132093	-0.00132093	-0.00132093	129
0.286	-0.00190423	-0.00190423	-0.00190423	-0.00190423	142
0.287	-0.000225352	-0.000225352	-0.000225352	-0.000225352	142
0.288	0.000357746	0.000357746	0.000357746	0.000357746	142
0.289	-0.00108889	-0.00108889	-0.00108889	-0.00108889	144
0.29	0.00143106	0.00143106	0.00143106	0.00143106	161
0.291	-0.00103724	-0.00103724	-0.00103724	-0.00103724	145
0.292	0.000225714	0.000225714	0.000225714	0.000225714	140
0.293	-0.000702703	-0.000702703	-0.000702703	-0.000702703	111
0.294	-0.00156901	-0.00156901	-0.00156901	-0.00156901	142
0.295	-0.00212836	-0.00212836	-0.00212836	-0.00212836	134
0.296	0.000442105	0.000442105	0.000442105	0.000442105	152
0.297	0.000747368	0.000747368	0.000747368	0.000747368	152
0.298	-0.000247368	-0.000247368	-0.000247368	-0.000247368	152
0.299	0.000438857	0.000438857	0.000438857	0.000438857	175
0.3	0.00264474	0.00264474	0.00264474	0.00264474	152
0.301	-0.00112727	-0.00112727	-0.00112727	-0.00112727	154
0.302	0.00142432	0.00142432	0.00142432	0.00142432	148
0.303	0.00113418	0.00113418	0.00113418	0.00113418	158
0.304	0.00111429	0.00111429	0.00111429	0.00111429	154
0.305	0.0009056	0.0009056	0.0009056	0.0009056	125
0.306	0.000691228	0.000691228	0.000691228	0.000691228	114
0.307	0.00161439	0.00161439	0.00161439	0.00161439	139
0.308	0.00228725	0.00228725	0.00228725	0.00228725	149
0.309	-5.71429e-05	-5.71429e-05	-5.71429e-05	-5.71429e-05	161
0.31	0.000158865	0.000158865	0.000158865	0.000158865	141
0.311	-0.00109831	-0.00109831	-0.00109831	-0.00109831	118
0.312	0.000410738	0.000410738	0.000410738	0.000410738	149
0.313	-0.00337515	-0.00337515	-0.00337515	-0.00337515	169
0.314	0.000303268	0.000303268	0.000303268	0.000303268	153
0.315	0.00129855	0.00129855	0.00129855	0.00129855	138
0.316	0.000133333	0.000133333	0.000133333	0.000133333	168
0.317	0.000282759	0.000282759	0.000282759	0.000282759	174
0.318	0.000898734	0.000898734	0.000898734	0.000898734	158
0.319	0.00251087	0.00251087	0.00251087	0.00251087	184
0.32	-0.00101699	-0.00101699	-0.00101699	-0.00101699	153
0.321	-0.00187816	-0.00187816	-0.00187816	-0.00187816	174
0.322	0.000144304	0.000144304	0.000144304	0.000144304	158
0.323	-0.00368917	-0.00368917	-0.00368917	-0.00368917	157
0.324	-0.00115168	-0.00115168	-0.00115168	-0.00115168	149
0.325	-0.000634839	-0.000634839	-0.000634839	-0.000634839	155
0.326	0.00133409	0.00133409	0.00133409	0.00133409	176
0.327	0.00268993	0.00268993	0.00268993	0.00268993	149
0.328	-0.0013457	-0.0013457	-0.0013457	-0.0013457	151
0.329	-0.00143724	-0.00143724	-0.00143724	-0.00143724	145
0.33	-0.00237179	-0.00237179	-0.00237179	-0.00237179	156
0.331	-0.000573913	-0.000573913	-0.000573913	-0.000573913	161
0.332	-0.000284277	-0.000284277	-0.000284277	-0.000284277	159
0.333	-0.000381699	-0.000381699	-0.000381699	-0.000381699	153
0.334	0.000289017	0.000289017	0.000289017	0.000289017	173
0.335	-0.00063268	-0.00063268	-0.00063268	-0.00063268	153
0.336	0.0004725	0.0004725	0.0004725	0.0004725	160
0.337	-0.00148811	-0.00148811	-0.00148811	-0.00148811	143
0.338	0.000942331	0.000942331	0.000942331	0.000942331	163
0.339	-0.00115276	-0.00115276	-0.00115276	-0.00115276	127
0.34	0.00110588	0.00110588	0.00110588	0.00110588	136
0.341	-0.000663291	-0.000663291	-0.000663291	-0.000663291	158
0.342	-0.0022642	-0.0022642	-0.0022642	-0.0022642	162
0.343	-0.00117662	-0.00117662	-0.00117662	-0.00117662	154
0.344	-0.00217862	-0.00217862	-0.00217862	-0.00217862	159
0.345	0.000757447	0.000757447	0.000757447	0.000757447	141
0.346	0.000145946	0.000145946	0.000145946	0.000145946	148
0.347	-0.00210853	-0.00210853	-0.00210853	-0.00210853	129
0.348	-0.000900813	-0.000900813	-0.000900813	-0.000900813	123
0.349	-0.00221282	-0.00221282	-0.00221282	-0.00221282	156
0.35	8.83978e-05	8.83978e-05	8.83978e-05	8.83978e-05	181
0.351	-0.00155776	-0.00155776	-0.00155776	-0.00155776	161
0.352	0.000886275	0.000886275	0.000886275	0.000886275	153
0.353	0.00165783	0.00165783	0.00165783	0.00165783	166
0.354	-0.000873282	-0.000873282	-0.000873282	-0.000873282	131
0.355	0.0034525	0.0034525	0.0034525	0.0034525	160
0.356	0.000717037	0.000717037	0.000717037	0.000717037	135
0.357	0.00043522	0.00043522	0.00043522	0.00043522	159
0.358	0.00247044	0.00247044	0.00247044	0.00247044	159
0.359	0.00430645	0.00430645	0.00430645	0.00430645	124
0.36	0.000288742	0.000288742	0.000288742	0.000288742	151
0.361	-0.000742105	-0.000742105	-0.000742105	-0.000742105	152
0.362	0.00024	0.00024	0.00024	0.00024	160
0.363	0.00079403	0.00079403	0.00079403	0.00079403	134
0.364	-0.00148271	-0.00148271	-0.00148271	-0.00148271	133
0.365	-0.00135833	-0.00135833	-0.00135833	-0.00135833	144
0.366	-0.00245419	-0.00245419	-0.00245419	-0.00245419	155
0.367	-0.000202667	-0.000202667	-0.000202667	-0.000202667	150
0.368	-0.00112061	-0.00112061	-0.00112061	-0.00112061	131
0.369	-0.000525191	-0.000525191	-0.000525191	-0.000525191	131
0.37	-0.000158779	-0.000158779	-0.000158779	-0.000158779	131
0.371	-0.00139048	-0.00139048	-0.00139048	-0.00139048	126
0.372	-0.00308197	-0.00308197	-0.00308197	-0.00308197	122
0.373	-0.000196429	-0.000196429	-0.000196429	-0.000196429	112
0.374	-0.00244031	-0.00244031	-0.00244031	-0.00244031	129
0.375	-0.00126038	-0.00126038	-0.00126038	-0.00126038	106
0.376	-0.00218065	-0.00218065	-0.00218065	-0.00218065	124
0.377	-0.0024875	-0.0024875	-0.0024875	-0.0024875	128
0.378	-0.00250076	-0.00250076	-0.00250076	-0.00250076	131
0.379	0.00100752	0.00100752	0.00100752	0.00100752	133
0.38	0.000568421	0.000568421	0.000568421	0.000568421	133
0.381	0.00261017	0.00261017	0.00261017	0.00261017	118
0.382	0.00126377	0.00126377	0.00126377	0.00126377	138
0.383	-0.000144444	-0.000144444	-0.000144444	-0.000144444	144
0.384	-0.00106098	-0.00106098	-0.00106098	-0.00106098	164
0.385	-0.00104667	-0.00104667	-0.00104667	-0.00104667	120
0.386	-0.00140822	-0.00140822	-0.00140822	-0.00140822	146
0.387	0.00304294	0.00304294	0.00304294	0.00304294	163
0.388	-0.000447552	-0.000447552	-0.000447552	-0.000447552	143
0.389	-0.00326612	-0.00326612	-0.00326612	-0.00326612	121
0.39	-0.00151875	-0.00151875	-0.00151875	-0.00151875	128
0.391	0.00235263	0.00235263	0.00235263	0.00235263	152
0.392	-0.00182162	-0.00182162	-0.00182162	-0.00182162	148
0.393	-0.00154103	-0.00154103	-0.00154103	-0.00154103	156
0.394	-0.00285106	-0.00285106	-0.00285106	-0.00285106	141
0.395	0.00121316	0.00121316	0.00121316	0.00121316	152
0.396	2.57143e-05	2.57143e-05	2.57143e-05	2.57143e-05	140
0.397	0.000648571	0.000648571	0.000648571	0.000648571	140
0.398	0.00252941	0.00252941	0.00252941	0.00252941	136
0.399	0.00277203	0.00277203	0.00277203	0.00277203	143
0.4	-0.00148169	-0.00148169	-0.00148169	-0.00148169	142
0.401	0.000904828	0.000904828	0.000904828	0.000904828	145
0.402	0.00188718	0.00188718	0.00188718	0.00188718	156
0.403	0.00123967	0.00123967	0.00123967	0.00123967	121
0.404	0.000727536	0.000727536	0.000727536	0.000727536	138
0.405	-0.000316547	-0.000316547	-0.000316547	-0.000316547	139
0.406	0.00133924	0.00133924	0.00133924	0.00133924	158
0.407	0.00348957	0.00348957	0.00348957	0.00348957	163
0.408	0.00100606	0.00100606	0.00100606	0.00100606	132
0.409	0.00211348	0.00211348	0.00211348	0.00211348	141
0.41	-0.000755556	-0.000755556	-0.000755556	-0.000755556	144
0.411	-0.000531429	-0.000531429	-0.000531429	-0.000531429	140
0.412	-0.00184857	-0.00184857	-0.00184857	-0.00184857	140
0.413	-0.000155882	-0.000155882	-0.000155882	-0.000155882	136
0.414	-0.000947771	-0.000947771	-0.000947771	-0.000947771	157
0.415	-0.00189863	-0.00189863	-0.00189863	-0.00189863	146
0.416	-0.000892121	-0.000892121	-0.000892121	-0.000892121	165
0.417	-0.00178158	-0.00178158	-0.00178158	-0.00178158	152
0.418	0.00109161	0.00109161	0.00109161	0.00109161	155
0.419	0.00172026	0.00172026	0.00172026	0.00172026	153
0.42	0.00192956	0.00192956	0.00192956	0.00192956	159
0.421	0.00197647	0.00197647	0.00197647	0.00197647	170
0.422	0.0015329	0.0015329	0.0015329	0.0015329	155
0.423	-0.00214	-0.00214	-0.00214	-0.00214	120
0.424	-0.00148788	-0.00148788	-0.00148788	-0.00148788	132
0.425	-0.00178413	-0.00178413	-0.00178413	-0.00178413	126
0.426	-0.000685271	-0.000685271	-0.000685271	-0.000685271	129
0.427	-0.000513889	-0.000513889	-0.000513889	-0.000513889	144
0.428	0.000542029	0.000542029	0.000542029	0.000542029	138
0.429	-0.000484672	-0.000484672	-0.000484672	-0.000484672	137
0.43	0.00174933	0.00174933	0.00174933	0.00174933	150
0.431	0.00152778	0.00152778	0.00152778	0.00152778	144
0.432	0.000374419	0.000374419	0.000374419	0.000374419	172
0.433	0.00440984	0.00440984	0.00440984	0.00440984	122
0.434	0.00282529	0.00282529	0.00282529	0.00282529	174
0.435	0.000708075	0.000708075	0.000708075	0.000708075	161
0.436	0.0004375	0.0004375	0.0004375	0.0004375	160
0.437	0.000855263	0.000855263	0.000855263	0.000855263	152
0.438	-0.000680851	-0.000680851	-0.000680851	-0.000680851	141
0.439	0.000184049	0.000184049	0.000184049	0.000184049	163
0.44	-0.00162	-0.00162	-0.00162	-0.00162	120
0.441	0.000106294	0.000106294	0.000106294	0.000106294	143
0.442	-0.000565161	-0.000565161	-0.000565161	-0.000565161	155
0.443	0.000911243	0.000911243	0.000911243	0.000911243	169
0.444	-0.000241509	-0.000241509	-0.000241509	-0.000241509	159
0.445	-0.000841379	-0.000841379	-0.000841379	-0.000841379	145
0.446	-0.000707865	-0.000707865	-0.000707865	-0.000707865	178
0.447	-0.000535714	-0.000535714	-0.000535714	-0.000535714	168
0.448	-0.000654088	-0.000654088	-0.000654088	-0.000654088	159
0.449	-0.000309091	-0.000309091	-0.000309091	-0.000309091	176
0.45	-0.000216667	-0.000216667	-0.000216667	-0.000216667	168
0.451	0.002225	0.002225	0.002225	0.002225	144
0.452	0.000944379	0.000944379	0.000944379	0.000944379	169
0.453	0.000495238	0.000495238	0.000495238	0.000495238	147
0.454	0.00183824	0.00183824	0.00183824	0.00183824	136
0.455	0.00065034	0.00065034	0.00065034	0.00065034	147
0.456	-0.00101333	-0.00101333	-0.00101333	-0.00101333	120
0.457	-0.000494815	-0.000494815	-0.000494815	-0.000494815	135
0.458	0.000520301	0.000520301	0.000520301	0.000520301	133
0.459	-7.29927e-05	-7.29927e-05	-7.29927e-05	-7.29927e-05	137
0.46	0.00296937	0.00296937	0.00296937	0.00296937	111
0.461	0.000468421	0.000468421	0.000468421	0.000468421	152
0.462	0.000868148	0.000868148	0.000868148	0.000868148	135
0.463	1.34923e-18	1.34923e-18	1.34923e-18	1.34923e-18	144
0.464	0.00312	0.00312	0.00312	0.00312	150
0.465	0.00225248	0.00225248	0.00225248	0.00225248	141
0.466	0.00286571	0.00286571	0.00286571	0.00286571	140
0.467	0.00198022	0.00198022	0.00198022	0.00198022	182
0.468	0.00271856	0.00271856	0.00271856	0.00271856	167
0.469	0.00125517	0.00125517	0.00125517	0.00125517	174
0.47	0.00403478	0.00403478	0.00403478	0.00403478	138
0.471	-0.00171944	-0.00171944	-0.00171944	-0.00171944	144
0.472	-0.00105373	-0.00105373	-0.00105373	-0.00105373	134
0.473	-6.71141e-05	-6.71141e-05	-6.71141e-05	-6.71141e-05	149
0.474	-0.000935849	-0.000935849	-0.000935849	-0.000935849	159
0.475	-0.00226587	-0.00226587	-0.00226587	-0.00226587	167
0.476	-0.00232564	-0.00232564	-0.00232564	-0.00232564	156
0.477	0.000351592	0.000351592	0.000351592	0.000351592	157
0.478	-0.000945985	-0.000945985	-0.000945985	-0.000945985	137
0.479	-0.00114945	-0.00114945	-0.00114945	-0.00114945	182
0.48	9.88764e-05	9.88764e-05	9.88764e-05	9.88764e-05	178
0.481	-0.00134307	-0.00134307	-0.00134307	-0.00134307	137
0.482	0.000472072	0.000472072	0.000472072	0.000472072	111
0.483	-0.00135942	-0.00135942	-0.00135942	-0.00135942	138
0.484	0.00188099	0.00188099	0.00188099	0.00188099	121
0.485	-0.00249355	-0.00249355	-0.00249355	-0.00249355	124
0.486	0.000261765	0.000261765	0.000261765	0.000261765	136
0.487	0.00251818	0.00251818	0.00251818	0.00251818	132
0.488	-0.000485906	-0.000485906	-0.000485906	-0.000485906	149
0.489	0.000245926	0.000245926	0.000245926	0.000245926	135
0.49	0.00167463	0.00167463	0.00167463	0.00167463	134
0.491	-0.000157823	-0.000157823	-0.000157823	-0.000157823	147
0.492	9.85915e-05	9.85915e-05	9.85915e-05	9.85915e-05	142
0.493	-4.93151e-05	-4.93151e-05	-4.93151e-05	-4.93151e-05	146
0.494	0.00120556	0.00120556	0.00120556	0.00120556	144
0.495	0.00184218	0.00184218	0.00184218	0.00184218	147
0.496	0.00130072	0.00130072	0.00130072	0.00130072	139
0.497	0.000894286	0.000894286	0.000894286	0.000894286	140
0.498	0.00194167	0.00194167	0.00194167	0.00194167	96
0.499	0.00109524	0.00109524	0.00109524	0.00109524	126
0.5	0.00343238	0.00343238	0.00343238	0.00343238	105
0.501	0.00359669	0.00359669	0.00359669	0.00359669	121
0.502	0.0023292	0.0023292	0.0023292	0.0023292	113
0.503	-0.0022439	-0.0022439	-0.0022439	-0.0022439	123
0.504	0.000864122	0.000864122	0.000864122	0.000864122	131
0.505	0.00130625	0.00130625	0.00130625	0.00130625	128
0.506	0.00439652	0.00439652	0.00439652	0.00439652	115
0.507	0.00212886	0.00212886	0.00212886	0.00212886	149
0.508	-9.20863e-05	-9.20863e-05	-9.20863e-05	-9.20863e-05	139
0.509	0.00130986	0.00130986	0.00130986	0.00130986	142
0.51	0.000411852	0.000411852	0.000411852	0.000411852	135
0.511	0.00152877	0.00152877	0.00152877	0.00152877	146
0.512	0.0044	0.0044	0.0044	0.0044	154
0.513	0.00296386	0.00296386	0.00296386	0.00296386	166
0.514	0.00305621	0.00305621	0.00305621	0.00305621	153
0.515	0.00666581	0.00666581	0.00666581	0.00666581	155
0.516	0.0045007	0.0045007	0.0045007	0.0045007	143
0.517	0.00324746	0.00324746	0.00324746	0.00324746	177
0.518	0.00345734	0.00345734	0.00345734	0.00345734	143
0.519	0.00283179	0.00283179	0.00283179	0.00283179	151
0.52	0.00656095	0.00656095	0.00656095	0.00656095	169
0.521	0.00375094	0.00375094	0.00375094	0.00375094	159
0.522	0.00550898	0.00550898	0.00550898	0.00550898	167
0.523	0.00516994	0.00516994	0.00516994	0.00516994	173
0.524	0.00353035	0.00353035	0.00353035	0.00353035	201
0.525	0.00266579	0.00266579	0.00266579	0.00266579	152
0.526	0.000916883	0.000916883	0.000916883	0.000916883	154
0.527	0.00230604	0.00230604	0.00230604	0.00230604	149
0.528	0.00216327	0.00216327	0.00216327	0.00216327	147
0.529	0.00138873	0.00138873	0.00138873	0.00138873	142
0.53	0.000305455	0.000305455	0.000305455	0.000305455	165
0.531	-0.00127226	-0.00127226	-0.00127226	-0.00127226	155
0.532	0.000551553	0.000551553	0.000551553	0.000551553	161
0.533	0.00132129	0.00132129	0.00132129	0.00132129	155
0.534	0.0014702	0.0014702	0.0014702	0.0014702	151
0.535	-0.00102778	-0.00102778	-0.00102778	-0.00102778	144
0.536	-0.00246809	-0.00246809	-0.00246809	-0.00246809	141
0.537	-0.00125031	-0.00125031	-0.00125031	-0.00125031	159
0.538	-0.00271756	-0.00271756	-0.00271756	-0.00271756	131
0.539	0.000391304	0.000391304	0.000391304	0.000391304	138
0.54	-0.00161481	-0.00161481	-0.00161481	-0.00161481	189
0.541	0.00147027	0.00147027	0.00147027	0.00147027	148
0.542	-0.000378462	-0.000378462	-0.000378462	-0.000378462	130
0.543	0.00149932	0.00149932	0.00149932	0.00149932	147
0.544	0.00135526	0.00135526	0.00135526	0.00135526	152
0.545	0.000124138	0.000124138	0.000124138	0.000124138	174
0.546	0.00159259	0.00159259	0.00159259	0.00159259	162
0.547	0.00109781	0.00109781	0.00109781	0.00109781	137
0.548	-0.000286842	-0.000286842	-0.000286842	-0.000286842	152
0.549	-0.00143562	-0.00143562	-0.00143562	-0.00143562	146
0.55	-0.0017697	-0.0017697	-0.0017697	-0.0017697	132
0.551	-0.00140779	-0.00140779	-0.00140779	-0.00140779	154
0.552	-0.000549254	-0.000549254	-0.000549254	-0.000549254	134
0.553	-0.00205455	-0.00205455	-0.00205455	-0.00205455	154
0.554	-0.000133333	-0.000133333	-0.000133333	-0.000133333	141
0.555	0.000616993	0.000616993	0.000616993	0.000616993	153
0.556	0.00119444	0.00119444	0.00119444	0.00119444	144
0.557	0.00176689	0.00176689	0.00176689	0.00176689	151
0.558	-0.000274074	-0.000274074	-0.000274074	-0.000274074	162
0.559	-0.0007	-0.0007	-0.0007	-0.0007	144
0.56	0.0032549	0.0032549	0.0032549	0.0032549	153
0.561	-0.000255	-0.000255	-0.000255	-0.000255	160
0.562	0.000551825	0.000551825	0.000551825	0.000551825	137
0.563	0.000123944	0.000123944	0.000123944	0.000123944	142
0.564	-0.00116106	-0.00116106	-0.00116106	-0.00116106	113
0.565	0.00107027	0.00107027	0.00107027	0.00107027	148
0.566	0.00044918	0.00044918	0.00044918	0.00044918	122
0.567	-0.00310435	-0.00310435	-0.00310435	-0.00310435	138
0.568	-0.000842767	-0.000842767	-0.000842767	-0.000842767	159
0.569	0.00178409	0.00178409	0.00178409	0.00178409	176
0.57	0.000819277	0.000819277	0.000819277	0.000819277	166
0.571	0.000268182	0.000268182	0.000268182	0.000268182	176
0.572	-0.00131126	-0.00131126	-0.00131126	-0.00131126	151
0.573	-0.00037707	-0.00037707	-0.00037707	-0.00037707	157
0.574	-0.000594667	-0.000594667	-0.000594667	-0.000594667	150
0.575	-0.000130909	-0.000130909	-0.000130909	-0.000130909	110
0.576	-0.00156319	-0.00156319	-0.00156319	-0.00156319	163
0.577	-0.00114366	-0.00114366	-0.00114366	-0.00114366	142
0.578	-0.000360563	-0.000360563	-0.000360563	-0.000360563	142
0.579	-0.000888636	-0.000888636	-0.000888636	-0.000888636	176
0.58	-2.77457e-05	-2.77457e-05	-2.77457e-05	-2.77457e-05	173
0.581	0.00148916	0.00148916	0.00148916	0.00148916	166
0.582	-0.00172214	-0.00172214	-0.00172214	-0.00172214	131
0.583	-0.000676259	-0.000676259	-0.000676259	-0.000676259	139
0.584	-0.0012479	-0.0012479	-0.0012479	-0.0012479	167
0.585	0.000842953	0.000842953	0.000842953	0.000842953	149
0.586	-0.00201282	-0.00201282	-0.00201282	-0.00201282	156
0.587	-0.000478613	-0.000478613	-0.000478613	-0.000478613	173
0.588	0.000431138	0.000431138	0.000431138	0.000431138	167
0.589	-0.000445638	-0.000445638	-0.000445638	-0.000445638	149
0.59	0.00038	0.00038	0.00038	0.00038	140
0.591	0.00325714	0.00325714	0.00325714	0.00325714	140
0.592	-0.00154586	-0.00154586	-0.00154586	-0.00154586	133
0.593	-0.000382979	-0.000382979	-0.000382979	-0.000382979	141
0.594	0.00121983	0.00121983	0.00121983	0.00121983	121
0.595	0.00109333	0.00109333	0.00109333	0.00109333	105
0.596	-0.0003	-0.0003	-0.0003	-0.0003	132
0.597	0.00120351	0.00120351	0.00120351	0.00120351	114
0.598	0.00355357	0.00355357	0.00355357	0.00355357	112
0.599	0.00192581	0.00192581	0.00192581	0.00192581	124
0.6	0.00132603	0.00132603	0.00132603	0.00132603	146
0.601	0.00271515	0.00271515	0.00271515	0.00271515	132
0.602	0.00218182	0.00218182	0.00218182	0.00218182	143
0.603	-0.00102456	-0.00102456	-0.00102456	-0.00102456	171
0.604	0.000127811	0.000127811	0.000127811	0.000127811	169
0.605	0.002	0.002	0.002	0.002	139
0.606	-0.000278014	-0.000278014	-0.000278014	-0.000278014	141
0.607	0.00205669	0.00205669	0.00205669	0.00205669	127
0.608	0.000188571	0.000188571	0.000188571	0.000188571	140
0.609	0.00155294	0.00155294	0.00155294	0.00155294	119
0.61	4.25532e-05	4.25532e-05	4.25532e-05	4.25532e-05	141
0.611	6.44295e-05	6.44295e-05	6.44295e-05	6.44295e-05	149
0.612	0.0032	0.0032	0.0032	0.0032	163
0.613	0.00141793	0.00141793	0.00141793	0.00141793	145
0.614	-0.000696	-0.000696	-0.000696	-0.000696	150
0.615	0.00228537	0.00228537	0.00228537	0.00228537	164
0.616	0.00105034	0.00105034	0.00105034	0.00105034	147
0.617	-0.00170933	-0.00170933	-0.00170933	-0.00170933	150
0.618	-0.000973427	-0.000973427	-0.000973427	-0.000973427	143
0.619	-0.00146667	-0.00146667	-0.00146667	-0.00146667	126
0.62	-0.000279452	-0.000279452	-0.000279452	-0.000279452	146
0.621	0.00236232	0.00236232	0.00236232	0.00236232	138
0.622	0.00161111	0.00161111	0.00161111	0.00161111	144
0.623	0.000506667	0.000506667	0.000506667	0.000506667	150
0.624	-2.30216e-05	-2.30216e-05	-2.30216e-05	-2.30216e-05	139
0.625	0.000628205	0.000628205	0.000628205	0.000628205	156
0.626	0.00233425	0.00233425	0.00233425	0.00233425	146
0.627	0.00137531	0.00137531	0.00137531	0.00137531	162
0.628	-6.5625e-05	-6.5625e-05	-6.5625e-05	-6.5625e-05	128
0.629	0.000488372	0.000488372	0.000488372	0.000488372	172
0.63	0.0013675	0.0013675	0.0013675	0.0013675	160
0.631	0.00201103	0.00201103	0.00201103	0.00201103	145
0.632	-0.00160305	-0.00160305	-0.00160305	-0.00160305	131
0.633	-0.00253431	-0.00253431	-0.00253431	-0.00253431	137
0.634	-0.0016448	-0.0016448	-0.0016448	-0.0016448	125
0.635	-0.0016313	-0.0016313	-0.0016313	-0.0016313	115
0.636	-0.00118779	-0.00118779	-0.00118779	-0.00118779	131
0.637	0.000578788	0.000578788	0.000578788	0.000578788	132
0.638	0.000224658	0.000224658	0.000224658	0.000224658	146
0.639	0.000453782	0.000453782	0.000453782	0.000453782	119
0.64	0.00203738	0.00203738	0.00203738	0.00203738	107
0.641	0.00138519	0.00138519	0.00138519	0.00138519	108
0.642	0.000288889	0.000288889	0.000288889	0.000288889	126
0.643	-0.000582857	-0.000582857	-0.000582857	-0.000582857	105
0.644	0.000698361	0.000698361	0.000698361	0.000698361	122
0.645	0.00194167	0.00194167	0.00194167	0.00194167	96
0.646	0.00214884	0.00214884	0.00214884	0.00214884	129
0.647	0.00174242	0.00174242	0.00174242	0.00174242	132
0.648	0.000391667	0.000391667	0.000391667	0.000391667	144
0.649	3.82353e-05	3.82353e-05	3.82353e-05	3.82353e-05	136
0.65	0.00267737	0.00267737	0.00267737	0.00267737	137
0.651	0.000552542	0.000552542	0.000552542	0.000552542	118
0.652	-0.00256333	-0.00256333	-0.00256333	-0.00256333	120
0.653	-0.00187164	-0.00187164	-0.00187164	-0.00187164	134
0.654	-0.00116026	-0.00116026	-0.00116026	-0.00116026	151
0.655	-0.000490667	-0.000490667	-0.000490667	-0.000490667	150
0.656	0.000265734	0.000265734	0.000265734	0.000265734	143
0.657	-0.00213247	-0.00213247	-0.00213247	-0.00213247	154
0.658	-0.000210345	-0.000210345	-0.000210345	-0.000210345	116
0.659	-0.00036	-0.00036	-0.00036	-0.00036	150
0.66	-0.0007875	-0.0007875	-0.0007875	-0.0007875	128
0.661	-0.000454194	-0.000454194	-0.000454194	-0.000454194	155
0.662	1.89189e-05	1.89189e-05	1.89189e-05	1.89189e-05	148
0.663	0.00173247	0.00173247	0.00173247	0.00173247	154
0.664	0.00339459	0.00339459	0.00339459	0.00339459	148
0.665	0.001376	0.001376	0.001376	0.001376	175
0.666	0.000695652	0.000695652	0.000695652	0.000695652	161
0.667	0.000715	0.000715	0.000715	0.000715	160
0.668	2.22222e-05	2.22222e-05	2.22222e-05	2.22222e-05	144
0.669	0.000116556	0.000116556	0.000116556	0.000116556	151
0.67	0.00135032	0.00135032	0.00135032	0.00135032	157
0.671	0.00211631	0.00211631	0.00211631	0.00211631	141
0.672	0.00233939	0.00233939	0.00233939	0.00233939	132
0.673	0.000836364	0.000836364	0.000836364	0.000836364	110
0.674	0.000554098	0.000554098	0.000554098	0.000554098	122
0.675	0.00138684	0.00138684	0.00138684	0.00138684	152
0.676	-0.00126885	-0.00126885	-0.00126885	-0.00126885	122
0.677	0.000228571	0.000228571	0.000228571	0.000228571	147
0.678	0.0011424	0.0011424	0.0011424	0.0011424	125
0.679	-2.96296e-05	-2.96296e-05	-2.96296e-05	-2.96296e-05	135
0.68	-0.00141477	-0.00141477	-0.00141477	-0.00141477	149
0.681	9.1954e-06	9.1954e-06	9.1954e-06	9.1954e-06	174
0.682	0.000274627	0.000274627	0.000274627	0.000274627	134
0.683	0.00228372	0.00228372	0.00228372	0.00228372	172
0.684	0.000141818	0.000141818	0.000141818	0.000141818	110
0.685	0.00307733	0.00307733	0.00307733	0.00307733	150
0.686	0.00323284	0.00323284	0.00323284	0.00323284	134
0.687	0.00178045	0.00178045	0.00178045	0.00178045	133
0.688	0.00117863	0.00117863	0.00117863	0.00117863	131
0.689	0.00118273	0.00118273	0.00118273	0.00118273	139
0.69	0.000472	0.000472	0.000472	0.000472	150
0.691	-0.00176471	-0.00176471	-0.00176471	-0.00176471	119
0.692	-0.000439437	-0.000439437	-0.000439437	-0.000439437	142
0.693	-0.00146061	-0.00146061	-0.00146061	-0.00146061	132
0.694	0.000634921	0.000634921	0.000634921	0.000634921	126
0.695	-0.0010321	-0.0010321	-0.0010321	-0.0010321	162
0.696	-0.000685271	-0.000685271	-0.000685271	-0.000685271	129
0.697	-0.00201575	-0.00201575	-0.00201575	-0.00201575	127
0.698	-0.0009	-0.0009	-0.0009	-0.0009	140
0.699	-0.00253548	-0.00253548	-0.00253548	-0.00253548	124
0.7	0.000157664	0.000157664	0.000157664	0.000157664	137
0.701	-0.00126552	-0.00126552	-0.00126552	-0.00126552	116
0.702	0.0016	0.0016	0.0016	0.0016	120
0.703	0.000796429	0.000796429	0.000796429	0.000796429	112
0.704	0.00437812	0.00437812	0.00437812	0.00437812	128
0.705	0.00285565	0.00285565	0.00285565	0.00285565	115
0.706	0.00355659	0.00355659	0.00355659	0.00355659	129
0.707	0.00284539	0.00284539	0.00284539	0.00284539	141
0.708	0.00201778	0.00201778	0.00201778	0.00201778	135
0.709	0.000631293	0.000631293	0.000631293	0.000631293	147
0.71	0.000737391	0.000737391	0.000737391	0.000737391	115
0.711	-0.00169275	-0.00169275	-0.00169275	-0.00169275	138
0.712	-0.00112057	-0.00112057	-0.00112057	-0.00112057	141
0.713	0.000467568	0.000467568	0.000467568	0.000467568	148
0.714	0.000477922	0.000477922	0.000477922	0.000477922	154
0.715	0.000488525	0.000488525	0.000488525	0.000488525	122
0.716	-0.00165902	-0.00165902	-0.00165902	-0.00165902	122
0.717	0.00235312	0.00235312	0.00235312	0.00235312	128
0.718	0.00035122	0.00035122	0.00035122	0.00035122	123
0.719	-0.00117143	-0.00117143	-0.00117143	-0.00117143	126
0.72	-0.00077594	-0.00077594	-0.00077594	-0.00077594	133
0.721	-0.00253103	-0.00253103	-0.00253103	-0.00253103	116
0.722	0.000683688	0.000683688	0.000683688	0.000683688	141
0.723	-0.00249123	-0.00249123	-0.00249123	-0.00249123	114
0.724	-0.00074702	-0.00074702	-0.00074702	-0.00074702	151
0.725	-5.63758e-05	-5.63758e-05	-5.63758e-05	-5.63758e-05	149
0.726	-0.0003275	-0.0003275	-0.0003275	-0.0003275	160
0.727	-0.000617219	-0.000617219	-0.000617219	-0.000617219	151
0.728	0.00126905	0.00126905	0.00126905	0.00126905	168
0.729	-0.0009625	-0.0009625	-0.0009625	-0.0009625	160
0.73	0.00274795	0.00274795	0.00274795	0.00274795	146
0.731	-0.000317557	-0.000317557	-0.000317557	-0.000317557	131
0.732	-0.00147541	-0.00147541	-0.00147541	-0.00147541	122
0.733	0.00025625	0.00025625	0.00025625	0.00025625	128
0.734	-1.08108e-05	-1.08108e-05	-1.08108e-05	-1.08108e-05	111
0.735	0.000519658	0.000519658	0.000519658	0.000519658	117
0.736	1.6e-05	1.6e-05	1.6e-05	1.6e-05	125
0.737	-5.48387e-05	-5.48387e-05	-5.48387e-05	-5.48387e-05	124
0.738	-0.000927273	-0.000927273	-0.000927273	-0.000927273	132
0.739	-0.00148475	-0.00148475	-0.00148475	-0.00148475	118
0.74	-0.0015	-0.0015	-0.0015	-0.0015	132
0.741	-0.000250382	-0.000250382	-0.000250382	-0.000250382	131
0.742	0.00188955	0.00188955	0.00188955	0.00188955	134
0.743	0.00530625	0.00530625	0.00530625	0.00530625	128
0.744	0.000583333	0.000583333	0.000583333	0.000583333	144
0.745	0.000737143	0.000737143	0.000737143	0.000737143	140
0.746	-0.000147518	-0.000147518	-0.000147518	-0.000147518	141
0.747	0.000437333	0.000437333	0.000437333	0.000437333	150
0.748	0.00102424	0.00102424	0.00102424	0.00102424	132
0.749	0.001112	0.001112	0.001112	0.001112	150
0.75	0.00123034	0.00123034	0.00123034	0.00123034	145
0.751	0.00010411	0.00010411	0.00010411	0.00010411	146
0.752	-0.000686525	-0.000686525	-0.000686525	-0.000686525	141
0.753	-0.000854676	-0.000854676	-0.000854676	-0.000854676	139
0.754	-0.000266667	-0.000266667	-0.000266667	-0.000266667	141
0.755	0.000627737	0.000627737	0.000627737	0.000627737	137
0.756	0.000771631	0.000771631	0.000771631	0.000771631	141
0.757	0.000857143	0.000857143	0.000857143	0.000857143	133
0.758	0.000991176	0.000991176	0.000991176	0.000991176	136
0.759	0.00172923	0.00172923	0.00172923	0.00172923	130
0.76	-0.00068503	-0.00068503	-0.00068503	-0.00068503	167
0.761	-0.00113741	-0.00113741	-0.00113741	-0.00113741	147
0.762	-0.00021194	-0.00021194	-0.00021194	-0.00021194	134
0.763	-0.00109402	-0.00109402	-0.00109402	-0.00109402	117
0.764	0.000171429	0.000171429	0.000171429	0.000171429	126
0.765	-0.00125752	-0.00125752	-0.00125752	-0.00125752	153
0.766	-0.000362205	-0.000362205	-0.000362205	-0.000362205	127
0.767	-8.23994e-19	-8.23994e-19	-8.23994e-19	-8.23994e-19	120
0.768	8.95105e-05	8.95105e-05	8.95105e-05	8.95105e-05	143
0.769	0.00196391	0.00196391	0.00196391	0.00196391	133
0.77	0.00228148	0.00228148	0.00228148	0.00228148	135
0.771	0.00205806	0.00205806	0.00205806	0.00205806	124
0.772	0.00461081	0.00461081	0.00461081	0.00461081	148
0.773	0.00279429	0.00279429	0.00279429	0.00279429	140
0.774	0.00128986	0.00128986	0.00128986	0.00128986	138
0.775	0.0023027	0.0023027	0.0023027	0.0023027	111
0.776	0.000979221	0.000979221	0.000979221	0.000979221	154
0.777	-0.000865455	-0.000865455	-0.000865455	-0.000865455	110
0.778	-0.00163889	-0.00163889	-0.00163889	-0.00163889	144
0.779	8.85496e-05	8.85496e-05	8.85496e-05	8.85496e-05	131
0.78	0.00238561	0.00238561	0.00238561	0.00238561	139
0.781	0.0022339	0.0022339	0.0022339	0.0022339	118
0.782	-0.000436364	-0.000436364	-0.000436364	-0.000436364	132
0.783	-0.00158551	-0.00158551	-0.00158551	-0.00158551	138
0.784	-0.00346567	-0.00346567	-0.00346567	-0.00346567	134
0.785	-0.00119412	-0.00119412	-0.00119412	-0.00119412	136
0.786	-0.00148696	-0.00148696	-0.00148696	-0.00148696	138
0.787	-0.000895652	-0.000895652	-0.000895652	-0.000895652	138
0.788	6.30137e-05	6.30137e-05	6.30137e-05	6.30137e-05	146
0.789	0.00208477	0.00208477	0.00208477	0.00208477	151
0.79	0.00139119	0.00139119	0.00139119	0.00139119	159
0.791	0.00271077	0.00271077	0.00271077	0.00271077	130
0.792	0.00136552	0.00136552	0.00136552	0.00136552	145
0.793	0.000506849	0.000506849	0.000506849	0.000506849	146
0.794	0.000101639	0.000101639	0.000101639	0.000101639	122
0.795	-0.00155497	-0.00155497	-0.00155497	-0.00155497	151
0.796	0.000691429	0.000691429	0.000691429	0.000691429	140
0.797	0.000917293	0.000917293	0.000917293	0.000917293	133
0.798	0.00311233	0.00311233	0.00311233	0.00311233	146
0.799	-0.000450667	-0.000450667	-0.000450667	-0.000450667	150
0.8	0.00238205	0.00238205	0.00238205	0.00238205	156
0.801	-0.00109774	-0.00109774	-0.00109774	-0.00109774	133
0.802	0.00166929	0.00166929	0.00166929	0.00166929	127
0.803	-0.00138182	-0.00138182	-0.00138182	-0.00138182	121
0.804	0.00272661	0.00272661	0.00272661	0.00272661	109
0.805	0.00146087	0.00146087	0.00146087	0.00146087	115
0.806	-0.000221538	-0.000221538	-0.000221538	-0.000221538	130
0.807	0.00086993	0.00086993	0.00086993	0.00086993	143
0.808	0.000719481	0.000719481	0.000719481	0.000719481	154
0.809	-0.000457143	-0.000457143	-0.000457143	-0.000457143	140
0.81	-0.00216944	-0.00216944	-0.00216944	-0.00216944	144
0.811	-0.0021457	-0.0021457	-0.0021457	-0.0021457	151
0.812	-0.00269412	-0.00269412	-0.00269412	-0.00269412	136
0.813	-0.00169851	-0.00169851	-0.00169851	-0.00169851	134
0.814	0.000169231	0.000169231	0.000169231	0.000169231	104
0.815	-0.000424615	-0.000424615	-0.000424615	-0.000424615	130
0.816	0.0009	0.0009	0.0009	0.0009	116
0.817	-0.000313208	-0.000313208	-0.000313208	-0.000313208	106
0.818	0.00184151	0.00184151	0.00184151	0.00184151	106
0.819	0.00142985	0.00142985	0.00142985	0.00142985	134
0.82	0.000353623	0.000353623	0.000353623	0.000353623	138
0.821	-0.000755263	-0.000755263	-0.000755263	-0.000755263	152
0.822	0.000868571	0.000868571	0.000868571	0.000868571	140
0.823	0.00166076	0.00166076	0.00166076	0.00166076	158
0.824	0.00147657	0.00147657	0.00147657	0.00147657	175
0.825	0.00140811	0.00140811	0.00140811	0.00140811	148
0.826	-0.000520588	-0.000520588	-0.000520588	-0.000520588	136
0.827	0.00237122	0.00237122	0.00237122	0.00237122	139
0.828	0.000781538	0.000781538	0.000781538	0.000781538	130
0.829	0.000478788	0.000478788	0.000478788	0.000478788	132
0.83	0.000571034	0.000571034	0.000571034	0.000571034	145
0.831	-0.000126619	-0.000126619	-0.000126619	-0.000126619	139
0.832	-0.000764331	-0.000764331	-0.000764331	-0.000764331	157
0.833	0.00194969	0.00194969	0.00194969	0.00194969	159
0.834	0.000259854	0.000259854	0.000259854	0.000259854	137
0.835	0.00228837	0.00228837	0.00228837	0.00228837	129
0.836	-0.000456774	-0.000456774	-0.000456774	-0.000456774	155
0.837	0.00038773	0.00038773	0.00038773	0.00038773	163
0.838	-0.000886842	-0.000886842	-0.000886842	-0.000886842	152
0.839	-0.00113611	-0.00113611	-0.00113611	-0.00113611	144
0.84	-0.000596757	-0.000596757	-0.000596757	-0.000596757	185
0.841	-0.00204054	-0.00204054	-0.00204054	-0.00204054	148
0.842	-0.000696552	-0.000696552	-0.000696552	-0.000696552	116
0.843	-0.00269429	-0.00269429	-0.00269429	-0.00269429	140
0.844	-0.000608955	-0.000608955	-0.000608955	-0.000608955	134
0.845	0.000655696	0.000655696	0.000655696	0.000655696	158
0.846	0.00217931	0.00217931	0.00217931	0.00217931	145
0.847	0.000330935	0.000330935	0.000330935	0.000330935	139
0.848	-0.000832258	-0.000832258	-0.000832258	-0.000832258	124
0.849	0.000711111	0.000711111	0.000711111	0.000711111	162
0.85	-0.000898462	-0.000898462	-0.000898462	-0.000898462	130
0.851	-0.00103333	-0.00103333	-0.00103333	-0.00103333	132
0.852	-0.000848408	-0.000848408	-0.000848408	-0.000848408	157
0.853	0.000192908	0.000192908	0.000192908	0.000192908	141
0.854	-0.00111111	-0.00111111	-0.00111111	-0.00111111	135
0.855	-0.00244533	-0.00244533	-0.00244533	-0.00244533	150
0.856	-0.00176279	-0.00176279	-0.00176279	-0.00176279	172
0.857	-0.000986957	-0.000986957	-0.000986957	-0.000986957	184
0.858	-0.00244469	-0.00244469	-0.00244469	-0.00244469	179
0.859	0.00121989	0.00121989	0.00121989	0.00121989	181
0.86	-0.00138734	-0.00138734	-0.00138734	-0.00138734	158
0.861	0.000117647	0.000117647	0.000117647	0.000117647	153
0.862	0.000120805	0.000120805	0.000120805	0.000120805	149
0.863	-0.000338686	-0.000338686	-0.000338686	-0.000338686	137
0.864	-9.23077e-06	-9.23077e-06	-9.23077e-06	-9.23077e-06	130
0.865	-0.000371429	-0.000371429	-0.000371429	-0.000371429	154
0.866	-0.000606536	-0.000606536	-0.000606536	-0.000606536	153
0.867	-0.00172349	-0.00172349	-0.00172349	-0.00172349	149
0.868	0.00123768	0.00123768	0.00123768	0.00123768	138
0.869	0.000963636	0.000963636	0.000963636	0.000963636	132
0.87	0.000413986	0.000413986	0.000413986	0.000413986	143
0.871	0.00220645	0.00220645	0.00220645	0.00220645	124
0.872	-0.00216911	-0.00216911	-0.00216911	-0.00216911	123
0.873	-0.00144397	-0.00144397	-0.00144397	-0.00144397	141
0.874	0.00208571	0.00208571	0.00208571	0.00208571	140
0.875	0.00152698	0.00152698	0.00152698	0.00152698	126
0.876	0.00359407	0.00359407	0.00359407	0.00359407	135
0.877	0.00207218	0.00207218	0.00207218	0.00207218	133
0.878	0.00120488	0.00120488	0.00120488	0.00120488	164
0.879	0.000621935	0.000621935	0.000621935	0.000621935	155
0.88	0.00417681	0.00417681	0.00417681	0.00417681	138
0.881	0.00123586	0.00123586	0.00123586	0.00123586	145
0.882	0.0004325	0.0004325	0.0004325	0.0004325	160
0.883	0.000961364	0.000961364	0.000961364	0.000961364	176
0.884	0.00126536	0.00126536	0.00126536	0.00126536	153
0.885	5.67376e-06	5.67376e-06	5.67376e-06	5.67376e-06	141
0.886	0.00208358	0.00208358	0.00208358	0.00208358	134
0.887	-0.000731126	-0.000731126	-0.000731126	-0.000731126	151
0.888	-7.21805e-05	-7.21805e-05	-7.21805e-05	-7.21805e-05	133
0.889	0.00273285	0.00273285	0.00273285	0.00273285	137
0.89	0.00126769	0.00126769	0.00126769	0.00126769	130
0.891	0.000138583	0.000138583	0.000138583	0.000138583	127
0.892	-0.000375172	-0.000375172	-0.000375172	-0.000375172	145
0.893	-0.00219829	-0.00219829	-0.00219829	-0.00219829	117
0.894	-0.00290213	-0.00290213	-0.00290213	-0.00290213	141
0.895	-0.0024126	-0.0024126	-0.0024126	-0.0024126	127
0.896	-0.00149167	-0.00149167	-0.00149167	-0.00149167	144
0.897	0.0002	0.0002	0.0002	0.0002	144
0.898	-0.000431655	-0.000431655	-0.000431655	-0.000431655	139
0.899	0.000755844	0.000755844	0.000755844	0.000755844	154
0.9	-6.20155e-06	-6.20155e-06	-6.20155e-06	-6.20155e-06	129
0.901	0.00210882	0.00210882	0.00210882	0.00210882	136
0.902	0.00190083	0.00190083	0.00190083	0.00190083	121
0.903	-0.000984375	-0.000984375	-0.000984375	-0.000984375	128
0.904	-0.00073985	-0.00073985	-0.00073985	-0.00073985	133
0.905	-0.000501493	-0.000501493	-0.000501493	-0.000501493	134
0.906	-0.00134412	-0.00134412	-0.00134412	-0.00134412	136
0.907	-0.00139643	-0.00139643	-0.00139643	-0.00139643	112
0.908	0.00105672	0.00105672	0.00105672	0.00105672	134
0.909	-0.00047	-0.00047	-0.00047	-0.00047	160
0.91	0.00225753	0.00225753	0.00225753	0.00225753	146
0.911	0.000805442	0.000805442	0.000805442	0.000805442	147
0.912	0.000853571	0.000853571	0.000853571	0.000853571	112
0.913	-0.000883117	-0.000883117	-0.000883117	-0.000883117	154
0.914	0.00127634	0.00127634	0.00127634	0.00127634	131
0.915	-0.00160276	-0.00160276	-0.00160276	-0.00160276	145
0.916	-0.00061194	-0.00061194	-0.00061194	-0.00061194	134
0.917	-0.000925714	-0.000925714	-0.000925714	-0.000925714	140
0.918	-0.00335038	-0.00335038	-0.00335038	-0.00335038	133
0.919	-0.00360656	-0.00360656	-0.00360656	-0.00360656	122
0.92	-0.000953846	-0.000953846	-0.000953846	-0.000953846	130
0.921	-0.00150986	-0.00150986	-0.00150986	-0.00150986	142
0.922	-0.00110476	-0.00110476	-0.00110476	-0.00110476	126
0.923	-0.00110423	-0.00110423	-0.00110423	-0.00110423	142
0.924	-0.000115108	-0.000115108	-0.000115108	-0.000115108	139
0.925	0.00100606	0.00100606	0.00100606	0.00100606	132
0.926	0.00171667	0.00171667	0.00171667	0.00171667	120
0.927	-0.000788889	-0.000788889	-0.000788889	-0.000788889	108
0.928	-0.000513889	-0.000513889	-0.000513889	-0.000513889	144
0.929	-0.0022446	-0.0022446	-0.0022446	-0.0022446	139
0.93	0.000855814	0.000855814	0.000855814	0.000855814	129
0.931	-0.00120317	-0.00120317	-0.00120317	-0.00120317	126
0.932	-0.00197073	-0.00197073	-0.00197073	-0.00197073	123
0.933	0.000121622	0.000121622	0.000121622	0.000121622	148
0.934	0.00126829	0.00126829	0.00126829	0.00126829	123
0.935	0.000285217	0.000285217	0.000285217	0.000285217	115
0.936	0.000688136	0.000688136	0.000688136	0.000688136	118
0.937	-0.000584615	-0.000584615	-0.000584615	-0.000584615	130
0.938	-0.00334098	-0.00334098	-0.00334098	-0.00334098	122
0.939	0.00318957	0.00318957	0.00318957	0.00318957	115
0.94	0.000191781	0.000191781	0.000191781	0.000191781	146
0.941	0.0004	0.0004	0.0004	0.0004	121
0.942	-0.000590476	-0.000590476	-0.000590476	-0.000590476	126
0.943	-0.000805063	-0.000805063	-0.000805063	-0.000805063	158
0.944	0.000220155	0.000220155	0.000220155	0.000220155	129
0.945	0.000270423	0.000270423	0.000270423	0.000270423	142
0.946	0.000141176	0.000141176	0.000141176	0.000141176	136
0.947	0.00147862	0.00147862	0.00147862	0.00147862	145
0.948	0.00047	0.00047	0.00047	0.00047	120
0.949	0.00269921	0.00269921	0.00269921	0.00269921	127
0.95	-0.00146944	-0.00146944	-0.00146944	-0.00146944	144
0.951	2.83688e-06	2.83688e-06	2.83688e-06	2.83688e-06	141
0.952	0.000761212	0.000761212	0.000761212	0.000761212	165
0.953	0.000893333	0.000893333	0.000893333	0.000893333	180
0.954	0.000178344	0.000178344	0.000178344	0.000178344	157
0.955	0.00132327	0.00132327	0.00132327	0.00132327	159
0.956	0.00075	0.00075	0.00075	0.00075	160
0.957	-0.000638037	-0.000638037	-0.000638037	-0.000638037	163
0.958	0.00112958	0.00112958	0.00112958	0.00112958	142
0.959	-0.000646875	-0.000646875	-0.000646875	-0.000646875	128
0.96	-0.00118509	-0.00118509	-0.00118509	-0.00118509	161
0.961	-0.00131391	-0.00131391	-0.00131391	-0.00131391	151
0.962	0.00216712	0.00216712	0.00216712	0.00216712	146
0.963	0.000835	0.000835	0.000835	0.000835	160
0.964	-0.00282302	-0.00282302	-0.00282302	-0.00282302	139
0.965	-0.00336867	-0.00336867	-0.00336867	-0.00336867	166
0.966	-0.00283908	-0.00283908	-0.00283908	-0.00283908	174
0.967	-0.0011716	-0.0011716	-0.0011716	-0.0011716	169
0.968	-0.000958084	-0.000958084	-0.000958084	-0.000958084	167
0.969	-0.000984615	-0.000984615	-0.000984615	-0.000984615	143
0.97	-0.000680488	-0.000680488	-0.000680488	-0.000680488	164
0.971	-0.00213818	-0.00213818	-0.00213818	-0.00213818	165
0.972	-0.000876056	-0.000876056	-0.000876056	-0.000876056	142
0.973	-0.000397143	-0.000397143	-0.000397143	-0.000397143	140
0.974	-0.00175313	-0.00175313	-0.00175313	-0.00175313	128
0.975	-0.00106483	-0.00106483	-0.00106483	-0.00106483	145
0.976	-0.000868657	-0.000868657	-0.000868657	-0.000868657	134
0.977	-0.00241	-0.00241	-0.00241	-0.00241	160
0.978	-0.00205246	-0.00205246	-0.00205246	-0.00205246	122
0.979	-0.000128	-0.000128	-0.000128	-0.000128	125
0.98	-0.000309375	-0.000309375	-0.000309375	-0.000309375	128
0.981	0.00210084	0.00210084	0.00210084	0.00210084	119
0.982	-0.00150943	-0.00150943	-0.00150943	-0.00150943	106
0.983	0.00199394	0.00199394	0.00199394	0.00199394	132
0.984	3.85185e-05	3.85185e-05	3.85185e-05	3.85185e-05	135
0.985	0.000967442	0.000967442	0.000967442	0.000967442	129
0.986	-0.00090084	-0.00090084	-0.00090084	-0.00090084	119
0.987	-0.00256812	-0.00256812	-0.00256812	-0.00256812	138
0.988	0.000876056	0.000876056	0.000876056	0.000876056	142
0.989	-0.00046015	-0.00046015	-0.00046015	-0.00046015	133
0.99	-0.000603871	-0.000603871	-0.000603871	-0.000603871	155
0.991	-0.00085	-0.00085	-0.00085	-0.00085	136
0.992	0.00299063	0.00299063	0.00299063	0.00299063	128
0.993	-0.000347541	-0.000347541	-0.000347541	-0.000347541	122
0.994	-0.0012608	-0.0012608	-0.0012608	-0.0012608	125
0.995	-0.000363889	-0.000363889	-0.000363889	-0.000363889	144
0.996	7.01754e-05	7.01754e-05	7.01754e-05	7.01754e-05	114
0.997	-0.000611765	-0.000611765	-0.000611765	-0.000611765	136
0.998	-0.000794326	-0.000794326	-0.000794326	-0.000794326	141
0.999	-0.00188613	-0.00188613	-0.00188613	-0.00188613	137
1	-0.000154074	-0.000154074	-0.000154074	-0.000154074	135
